Time step	Time[s]	Position[m]	Min	Mean	Max	Std
1.0	1.1099271887764162	0.0	0.010188439953646267	0.010191497030513723	0.010192968403519131	1.0031147751251306e-06
1.0	1.1099271887764162	4e-07	0.010186458113365049	0.010189596763154765	0.010191126895799485	1.0423910528367262e-06
1.0	1.1099271887764162	8e-07	0.010184272745791034	0.010187711238371387	0.010189587625643703	1.1688611473572475e-06
1.0	1.1099271887764162	1.2000000000000002e-06	0.010181870430281847	0.010185846684064049	0.010188707399705343	1.4127480408388602e-06
1.0	1.1099271887764162	1.6e-06	0.010179217946845398	0.010183877113616333	0.010187057183342674	1.7074957137889027e-06
1.0	1.1099271887764162	2e-06	0.010176264468285012	0.010181853012917822	0.010185559452390969	2.126058474225436e-06
1.0	1.1099271887764162	2.4000000000000003e-06	0.01017293560108623	0.010179596791610184	0.0101840061076226	2.609220718114545e-06
1.0	1.1099271887764162	2.8000000000000003e-06	0.01016914408958236	0.01017711703772411	0.010182226266119088	3.247713486865302e-06
1.0	1.1099271887764162	3.2e-06	0.010164797036320117	0.010173965319760924	0.010179910176939977	3.9326946432723116e-06
1.0	1.1099271887764162	3.6e-06	0.010159804180125853	0.010170253955782046	0.01017771390359723	4.86270498081448e-06
1.0	1.1099271887764162	4e-06	0.010154120746212136	0.010165151200779394	0.010174140319483271	5.8760311738876664e-06
1.0	1.1099271887764162	4.4e-06	0.010147810830784643	0.010157920704082191	0.010168748457229704	6.926957407438443e-06
1.0	1.1099271887764162	4.800000000000001e-06	0.010140844327340304	0.010141336601318215	0.010141749350935036	2.0912800659724575e-07
1.0	1.1099271887764162	5.2e-06	0.010114145933021845	0.010124659096778843	0.010134525390789406	7.083135425853362e-06
1.0	1.1099271887764162	5.600000000000001e-06	0.010108817801752323	0.010117512635166944	0.01012827374266223	6.0075452791572755e-06
1.0	1.1099271887764162	6e-06	0.010105418609255068	0.010112556291585154	0.010122681877671624	4.966094163131454e-06
1.0	1.1099271887764162	6.4e-06	0.01010348316580334	0.010109039993268863	0.010117804770574779	4.002030238765007e-06
1.0	1.1099271887764162	6.8e-06	0.010101353754009779	0.0101061147422081	0.010113587179401584	3.2816767796961103e-06
1.0	1.1099271887764162	7.2e-06	0.010099903693848944	0.010103891317172332	0.010109938918781758	2.600451412344137e-06
1.0	1.1099271887764162	7.6e-06	0.010098525450937146	0.010101933111948827	0.010106735729200622	2.0404977156320747e-06
1.0	1.1099271887764162	8e-06	0.010097425117374215	0.010100219857721481	0.01010387550574876	1.5375887774417912e-06
1.0	1.1099271887764162	8.4e-06	0.010096247685911663	0.01009858234011676	0.010101271248398547	1.1320700226669409e-06
1.0	1.1099271887764162	8.8e-06	0.010095701080702568	0.010097060689530634	0.010098849037044388	7.353702398638582e-07
1.0	1.1099271887764162	9.2e-06	0.010094711543112922	0.010095540461964855	0.010096545238691412	4.130750232136718e-07
1.0	1.1099271887764162	9.600000000000001e-06	0.010093575311569403	0.01009402776735255	0.010094304052909564	1.4323854805609317e-07
1.0	1.1099271887764162	9.999999999999999e-06	0.010091986274012754	0.01009252601706131	0.010092937917921319	2.244721664386647e-07
1.0	1.1099271887764162	1.04e-05	0.010089763435479071	0.010091040746852463	0.010092212972117487	5.560317007903773e-07
1.0	1.1099271887764162	1.08e-05	0.010087388144519593	0.01008949101418252	0.010091131426492872	8.999710822547601e-07
1.0	1.1099271887764162	1.1200000000000001e-05	0.010084851344233314	0.010087898373207293	0.010090083690042384	1.313295734288172e-06
1.0	1.1099271887764162	1.16e-05	0.010082082628101396	0.010086134217799643	0.01008868106809846	1.7490086622885513e-06
1.0	1.1099271887764162	1.2e-05	0.010079002402766157	0.0100842045999035	0.010087307645064492	2.2998346813441714e-06
1.0	1.1099271887764162	1.24e-05	0.010075513900446254	0.010081764320131005	0.01008557763987028	2.8720323859153634e-06
1.0	1.1099271887764162	1.28e-05	0.010071547490295707	0.010078888367291766	0.010083876827333249	3.6234133412816905e-06
1.0	1.1099271887764162	1.32e-05	0.010067064012004856	0.010074945036029282	0.010081148774919946	4.436474655787578e-06
1.0	1.1099271887764162	1.36e-05	0.01006210946500996	0.010069361411391814	0.010077035559517888	5.2784390771693095e-06
1.0	1.1099271887764162	1.4e-05	0.010056142339476715	0.010056565561208621	0.010056924328885053	1.8494802878599548e-07
1.0	1.1099271887764162	1.44e-05	0.010035134581999117	0.0100436241919842	0.010051710793693047	5.538619823076111e-06
1.0	1.1099271887764162	1.48e-05	0.01003104511467967	0.010038092434723379	0.010046839269920227	4.70793849224039e-06
1.0	1.1099271887764162	1.52e-05	0.010028452427119916	0.01003426638530361	0.010042490908005242	3.9016429495149815e-06
1.0	1.1099271887764162	1.56e-05	0.010026998998761805	0.010031563558387106	0.01003870743917279	3.1551783500376416e-06
1.0	1.1099271887764162	1.6e-05	0.010025372751679917	0.010029321754771349	0.010035451905293868	2.598762656238754e-06
1.0	1.1099271887764162	1.6400000000000002e-05	0.010024280333282398	0.01002762812537912	0.010032640037893614	2.075807630680043e-06
1.0	1.1099271887764162	1.68e-05	0.010023232405441007	0.01002614627577198	0.010030180462549332	1.6434776306847636e-06
1.0	1.1099271887764162	1.7199999999999998e-05	0.010022423245833245	0.010024856753046664	0.010027994772861426	1.259937352170037e-06
1.0	1.1099271887764162	1.76e-05	0.010021562823142816	0.010023628226501638	0.01002601558205285	9.53409833115111e-07
1.0	1.1099271887764162	1.8e-05	0.010021170258067258	0.010022493452492148	0.010024185991564849	6.575177938249037e-07
1.0	1.1099271887764162	1.84e-05	0.010020442027748544	0.01002136240253171	0.010022457449086808	4.247827047086504e-07
1.0	1.1099271887764162	1.88e-05	0.010019591017666585	0.010020239723848258	0.010020787174126689	2.405596511603962e-07
1.0	1.1099271887764162	1.9200000000000003e-05	0.010018678969355932	0.01001912797353134	0.010019481992021184	1.8262913055482898e-07
1.0	1.1099271887764162	1.9600000000000002e-05	0.010017142439919802	0.010018031201706745	0.010018860475756064	3.50776432719398e-07
1.0	1.1099271887764162	1.9999999999999998e-05	0.010015541409011952	0.010016894636221053	0.010018073968365293	5.803193449442571e-07
1.0	1.1099271887764162	2.04e-05	0.010013829710588062	0.010015731354472436	0.010017339039126938	8.66089019632512e-07
1.0	1.1099271887764162	2.08e-05	0.010011890946870494	0.010014452185612989	0.010016280882060968	1.1652292409739918e-06
1.0	1.1099271887764162	2.12e-05	0.01000969464846957	0.010013066253003043	0.01001528620667358	1.5516052154782215e-06
1.0	1.1099271887764162	2.16e-05	0.010007223192316061	0.010011331235557848	0.010014006455756785	1.9510862991779e-06
1.0	1.1099271887764162	2.2e-05	0.010004424657071631	0.01000929743012487	0.010012784916870743	2.473759961147966e-06
1.0	1.1099271887764162	2.2400000000000002e-05	0.010001274447793307	0.010006530688022494	0.010010864964415944	3.0404159727889003e-06
1.0	1.1099271887764162	2.28e-05	0.009997578419571163	0.01000263388801328	0.010008010183461202	3.6290624729505725e-06
1.0	1.1099271887764162	2.32e-05	0.00999324573895688	0.009993751222865967	0.009994184908348025	2.351543151531008e-07
1.0	1.1099271887764162	2.36e-05	0.009978597654334287	0.00998471170528907	0.00999055596184828	3.91117626820687e-06
1.0	1.1099271887764162	2.4e-05	0.00997575695534536	0.009980868150733608	0.009987175585903785	3.335649307111045e-06
1.0	1.1099271887764162	2.44e-05	0.009973977939924161	0.009978224397984474	0.009984169446337177	2.7762079173613417e-06
1.0	1.1099271887764162	2.48e-05	0.009973002339524584	0.009976373156617195	0.00998156591877919	2.2582714321491843e-06
1.0	1.1099271887764162	2.5200000000000003e-05	0.00997189548583588	0.009974847515187252	0.009979338072422017	1.8746490203529658e-06
1.0	1.1099271887764162	2.56e-05	0.009971161943128415	0.009973710430137405	0.009977427531069338	1.5171754380604573e-06
1.0	1.1099271887764162	2.6e-05	0.009970457501325747	0.009972729527829006	0.009975770407480766	1.2190611666424078e-06
1.0	1.1099271887764162	2.64e-05	0.009969946524766904	0.009971886419783537	0.009974312359100068	9.600322169383836e-07
1.0	1.1099271887764162	2.68e-05	0.009969408011667014	0.00997108916370047	0.009973007072026085	7.565960737220544e-07
1.0	1.1099271887764162	2.72e-05	0.00996917551638088	0.009970362855816227	0.00997181592970886	5.632871871660052e-07
1.0	1.1099271887764162	2.76e-05	0.00996871832073154	0.009969642943153148	0.0099707065846113	4.164883192065973e-07
1.0	1.1099271887764162	2.8e-05	0.009968170252543374	0.009968932540303517	0.009969651259096324	3.0080141020822084e-07
1.0	1.1099271887764162	2.8400000000000003e-05	0.009967621112221714	0.009968233305085988	0.009968625080719384	2.1736235690317742e-07
1.0	1.1099271887764162	2.88e-05	0.009967073373059243	0.009967547712867404	0.009967959759626055	2.0167331152797265e-07
1.0	1.1099271887764162	2.92e-05	0.009966111571960923	0.009966849013177778	0.00996748807747938	2.7551559119067793e-07
1.0	1.1099271887764162	2.96e-05	0.009965101419317612	0.009966141187834506	0.009967090364029652	4.0937474506042736e-07
1.0	1.1099271887764162	2.9999999999999997e-05	0.009964013090683288	0.009965377435848242	0.009966361278763713	5.549662301064499e-07
1.0	1.1099271887764162	3.04e-05	0.009962811078938927	0.009964570107127684	0.00996583403148854	7.611065826385805e-07
1.0	1.1099271887764162	3.0799999999999996e-05	0.00996145386313163	0.009963587454052278	0.009965102723615615	9.737255075671188e-07
1.0	1.1099271887764162	3.12e-05	0.009959897297637355	0.009962453010282228	0.009964336028399856	1.2496969842203621e-06
1.0	1.1099271887764162	3.16e-05	0.009958106719819781	0.009960944318540542	0.009963280075085734	1.5510032883252201e-06
1.0	1.1099271887764162	3.2e-05	0.009956084750983862	0.009958852718420954	0.009961758269222187	1.8667280943447946e-06
1.0	1.1099271887764162	3.2399999999999995e-05	0.009953627393736397	0.009954162177105257	0.009954628141862543	2.552469133654765e-07
1.0	1.1099271887764162	3.2800000000000004e-05	0.009945763649406025	0.009949301415035045	0.009952703043761169	2.1715342957449196e-06
1.0	1.1099271887764162	3.32e-05	0.009944255925112166	0.009947267551152184	0.009950926769613844	1.8695624144490686e-06
1.0	1.1099271887764162	3.36e-05	0.009943346942709042	0.009945892270906751	0.009949365302238888	1.5752110022831994e-06
1.0	1.1099271887764162	3.4e-05	0.009942871816902787	0.009944955876747114	0.00994803259706778	1.3028630730472213e-06
1.0	1.1099271887764162	3.4399999999999996e-05	0.009942333420021932	0.009944200359367111	0.009946911095051192	1.1051284701811403e-06
1.0	1.1099271887764162	3.4800000000000006e-05	0.00994198576955263	0.009943662975839231	0.009945970439929397	9.25483890581091e-07
1.0	1.1099271887764162	3.52e-05	0.009941650260389068	0.009943222786102381	0.009945178588592007	7.722563393126221e-07
1.0	1.1099271887764162	3.56e-05	0.009941461766648452	0.009942862286143345	0.00994450680884551	6.466658886675111e-07
1.0	1.1099271887764162	3.6e-05	0.009941271020258213	0.009942531670557217	0.009943931201079614	5.529762309213023e-07
1.0	1.1099271887764162	3.64e-05	0.009941212871030558	0.009942247957704877	0.009943432623637172	4.6703837717902605e-07
1.0	1.1099271887764162	3.68e-05	0.009941039763182502	0.009941973787532015	0.009942996042100916	4.0766658862017366e-07
1.0	1.1099271887764162	3.72e-05	0.009940831146995066	0.009941710619640769	0.00994260976862904	3.65612719763416e-07
1.0	1.1099271887764162	3.76e-05	0.00994062246151195	0.009941459135604994	0.009942264769494003	3.3496967627245395e-07
1.0	1.1099271887764162	3.7999999999999995e-05	0.009940419587608496	0.009941220093357591	0.009941954089280003	3.1116455601790315e-07
1.0	1.1099271887764162	3.8400000000000005e-05	0.009940229649530785	0.009940997577601989	0.009941672389432554	2.9303157500776604e-07
1.0	1.1099271887764162	3.88e-05	0.009940063680183187	0.009940785470420209	0.00994141558239825	2.793508944495305e-07
1.0	1.1099271887764162	3.9200000000000004e-05	0.009939944661653932	0.009940583516763713	0.00994118053749471	2.692083117568068e-07
1.0	1.1099271887764162	3.96e-05	0.009939824319410206	0.009940407819396107	0.009940964828039967	2.5730259130748856e-07
1.0	1.1099271887764162	3.9999999999999996e-05	0.009939686101740008	0.009940247946717124	0.009940766467415152	2.503882592568489e-07
1.0	1.1099271887764162	4.0400000000000006e-05	0.009939555727301652	0.009940097828391382	0.009940583521164115	2.4481773084521174e-07
1.0	1.1099271887764162	4.08e-05	0.00993944139979508	0.00993996738902063	0.009940413351597677	2.3904036732473635e-07
1.0	1.1099271887764162	4.12e-05	0.009939367935365873	0.009939854467081767	0.009940254477506905	2.3416752071750916e-07
1.0	1.1099271887764162	4.16e-05	0.009939297314040196	0.009939766141007075	0.00994012474677497	2.3092396338237424e-07
1.0	1.1099271887764162	4.2e-05	0.009939124421489254	0.009939624471890118	0.00993991571529751	2.432833398315174e-07
5.0	9.109207123512697	0.0	0.02168762566864668	0.021690648922220876	0.021692108229464324	9.93723600277927e-07
5.0	9.109207123512697	4e-07	0.021685644290617034	0.021688749086050705	0.021690267569556276	1.0328705771960447e-06
5.0	9.109207123512697	8e-07	0.0216834565536157	0.021686864901423304	0.02168872898083407	1.1590671376089283e-06
5.0	9.109207123512697	1.2000000000000002e-06	0.021681047869486214	0.021685002417561796	0.02168786122387889	1.4025982824739031e-06
5.0	9.109207123512697	1.6e-06	0.021678391917743234	0.02168303590480152	0.02168621904462409	1.6968386917908912e-06
5.0	9.109207123512697	2e-06	0.02167543617522849	0.02168101604341218	0.021684734282694684	2.114913217876884e-06
5.0	9.109207123512697	2.4000000000000003e-06	0.021672110975828218	0.021678766586880973	0.0216831762412939	2.5991269858418777e-06
5.0	9.109207123512697	2.8000000000000003e-06	0.021668330023847382	0.021676293542300495	0.021681411546404128	3.236377988908361e-06
5.0	9.109207123512697	3.2e-06	0.021663996429448495	0.021673150595132133	0.02167909238597865	3.919429419202548e-06
5.0	9.109207123512697	3.6e-06	0.021659020496510806	0.021669450253839654	0.021676914789741097	4.847113017293185e-06
5.0	9.109207123512697	4e-06	0.021653357925689676	0.02166436282845839	0.021673351914599515	5.856486968033907e-06
5.0	9.109207123512697	4.4e-06	0.021647072908501208	0.021657155780184408	0.021667966964835195	6.902677071061358e-06
5.0	9.109207123512697	4.800000000000001e-06	0.02164011660597076	0.021640632258743516	0.02164104978579129	2.1035942574007383e-07
5.0	9.109207123512697	5.2e-06	0.021613586537918117	0.021624029811792414	0.021633862216743793	7.050408734402577e-06
5.0	9.109207123512697	5.600000000000001e-06	0.02160829509760198	0.021616918525348357	0.021627637375702946	5.978830157910396e-06
5.0	9.109207123512697	6e-06	0.02160491367338846	0.021611987868843	0.02162207113776482	4.9418812678669535e-06
5.0	9.109207123512697	6.4e-06	0.021602976568902754	0.02160849002919472	0.021617217920954168	3.98331777117442e-06
5.0	9.109207123512697	6.8e-06	0.02160086839773001	0.02160558078132561	0.021613022449670005	3.2668980696966318e-06
5.0	9.109207123512697	7.2e-06	0.0215994166625606	0.021603369846886506	0.021609386796289876	2.5899542938002753e-06
5.0	9.109207123512697	7.6e-06	0.021598055155910068	0.021601422059507075	0.021606203363191412	2.0355181853864313e-06
5.0	9.109207123512697	8e-06	0.021596952038477113	0.02159971982396763	0.021603361870963234	1.5363025369669227e-06
5.0	9.109207123512697	8.4e-06	0.02159577825933212	0.021598093950034588	0.021600775802060213	1.1337283975042472e-06
5.0	9.109207123512697	8.8e-06	0.021595224836179483	0.02159658404533892	0.021598371694754093	7.403795221533925e-07
5.0	9.109207123512697	9.2e-06	0.021594236374830267	0.02159507635454442	0.021596086359298994	4.2084471254925173e-07
5.0	9.109207123512697	9.600000000000001e-06	0.021593108672536943	0.02159357712528668	0.021593883627251564	1.5122132535792128e-07
5.0	9.109207123512697	9.999999999999999e-06	0.021591569795260668	0.02159208973368768	0.021592481777471306	2.130930041825385e-07
5.0	9.109207123512697	1.04e-05	0.021589377832903267	0.021590619461045103	0.021591763351876736	5.403552715231266e-07
5.0	9.109207123512697	1.08e-05	0.021587027853603225	0.021589086366265185	0.02159069147960846	8.807460793864777e-07
5.0	9.109207123512697	1.1200000000000001e-05	0.021584519381311118	0.02158751197151261	0.021589656910206756	1.2899884578548685e-06
5.0	9.109207123512697	1.16e-05	0.02158178187387083	0.02158577018599015	0.02158830047900917	1.7231315757978e-06
5.0	9.109207123512697	1.2e-05	0.02157872902740099	0.021583864383962575	0.02158695486695361	2.2678985840773873e-06
5.0	9.109207123512697	1.24e-05	0.02157528327512015	0.021581454556490205	0.0215852371121823	2.833150043451314e-06
5.0	9.109207123512697	1.28e-05	0.02157136838372775	0.021578615188472566	0.02158356959038521	3.575587846034968e-06
5.0	9.109207123512697	1.32e-05	0.021566944956451728	0.02157472225343327	0.021580871812135527	4.3775021499947285e-06
5.0	9.109207123512697	1.36e-05	0.021562058681241503	0.021569211747359186	0.021576802062830858	5.207257196054625e-06
5.0	9.109207123512697	1.4e-05	0.0215561659404111	0.021556590406524162	0.021556952315166633	1.8760272327484514e-07
5.0	9.109207123512697	1.44e-05	0.021535497256492953	0.02154383964319662	0.021551812533168402	5.456396816979724e-06
5.0	9.109207123512697	1.48e-05	0.02153148143402106	0.021538392549348365	0.02154701175503071	4.637044744387351e-06
5.0	9.109207123512697	1.52e-05	0.02152892985865762	0.0215346264639681	0.021542728246996212	3.842363606215951e-06
5.0	9.109207123512697	1.56e-05	0.021527487524334532	0.02153196631106787	0.021539002789979556	3.108009660279416e-06
5.0	9.109207123512697	1.6e-05	0.021525897706804464	0.02152976062148882	0.021535799509744713	2.5604114359921083e-06
5.0	9.109207123512697	1.6400000000000002e-05	0.021524819924001015	0.02152809466965421	0.0215330335421271	2.046302820398115e-06
5.0	9.109207123512697	1.68e-05	0.021523792399748665	0.021526636459666695	0.0215306152067134	1.6232732148569475e-06
5.0	9.109207123512697	1.7199999999999998e-05	0.021522987620732792	0.02152536946952733	0.021528467270652385	1.2467359891233475e-06
5.0	9.109207123512697	1.76e-05	0.021522138507776845	0.021524163555308964	0.021526523407621845	9.457232362678258e-07
5.0	9.109207123512697	1.8e-05	0.021521742369794872	0.02152305059947823	0.021524727660109377	6.555746903110449e-07
5.0	9.109207123512697	1.84e-05	0.02152102176817916	0.021521942111670685	0.021523032323893965	4.2714216593369825e-07
5.0	9.109207123512697	1.88e-05	0.021520187375402067	0.02152084283359778	0.02152139541357201	2.445558813005354e-07
5.0	9.109207123512697	1.9200000000000003e-05	0.021519329480752525	0.02151975525836005	0.021520089853781954	1.7714427797470624e-07
5.0	9.109207123512697	1.9600000000000002e-05	0.02151782692548654	0.021518683131910566	0.021519477184337887	3.3495329515710064e-07
5.0	9.109207123512697	1.9999999999999998e-05	0.021516262535729247	0.021517573058160794	0.021518707129509984	5.584924152963714e-07
5.0	9.109207123512697	2.04e-05	0.021514591236658553	0.021516438019385603	0.021517976916476833	8.379187920420128e-07
5.0	9.109207123512697	2.08e-05	0.021512705700552637	0.021515192014738057	0.021516989783878948	1.1325896847020336e-06
5.0	9.109207123512697	2.12e-05	0.021510559198712365	0.02151384117873331	0.021516015342750272	1.5101424540210333e-06
5.0	9.109207123512697	2.16e-05	0.021508147215874907	0.021512150156360273	0.02151477415895009	1.8998628781712953e-06
5.0	9.109207123512697	2.2e-05	0.021505420774914796	0.02151016844461946	0.021513596911381327	2.4099750636720314e-06
5.0	9.109207123512697	2.2400000000000002e-05	0.02150235343238105	0.021507472452971743	0.021511726099442186	2.9614898582293526e-06
5.0	9.109207123512697	2.28e-05	0.02149875917066879	0.021503676752935883	0.021508933959679233	3.5337038477693768e-06
5.0	9.109207123512697	2.32e-05	0.021494533539552663	0.02149503090374174	0.021495458351033392	2.3280926728040527e-07
5.0	9.109207123512697	2.36e-05	0.021480333173768962	0.021486247956894928	0.021491928901197	3.7989033157240645e-06
5.0	9.109207123512697	2.4e-05	0.021477587286111266	0.021482516552657958	0.0214886429350587	3.238605719155486e-06
5.0	9.109207123512697	2.44e-05	0.02147586169414506	0.021479951225791993	0.02148572233129542	2.6946115184162113e-06
5.0	9.109207123512697	2.48e-05	0.021474908944467686	0.02147815500350979	0.021483194312401643	2.192388618367877e-06
5.0	9.109207123512697	2.5200000000000003e-05	0.02147384031086652	0.021476675333289005	0.021481034609320382	1.8201068372023287e-06
5.0	9.109207123512697	2.56e-05	0.02147312613150909	0.021475572704050996	0.021479181683471182	1.473703084464471e-06
5.0	9.109207123512697	2.6e-05	0.02147244699088713	0.021474620688599007	0.021477575405445926	1.186853686585562e-06
5.0	9.109207123512697	2.64e-05	0.02147194206357561	0.021473804275169147	0.021476162965248236	9.36287925227965e-07
5.0	9.109207123512697	2.68e-05	0.021471416647229624	0.02147303336224018	0.02147489939815106	7.392998218795849e-07
5.0	9.109207123512697	2.72e-05	0.021471180402397927	0.021472331839423528	0.02147374724630513	5.524695012739709e-07
5.0	9.109207123512697	2.76e-05	0.02147073238389563	0.02147163727287418	0.021472675163046517	4.1024470590559444e-07
5.0	9.109207123512697	2.8e-05	0.021470203816315703	0.02147095285520639	0.02147165626066183	2.9716824017780294e-07
5.0	9.109207123512697	2.8400000000000003e-05	0.02146967726199378	0.021470280165329616	0.021470666496577806	2.1320017844725564e-07
5.0	9.109207123512697	2.88e-05	0.021469176118584343	0.02146962134887524	0.021470001660706117	1.919034632940894e-07
5.0	9.109207123512697	2.92e-05	0.02146825155458565	0.021468950704234904	0.021469546671509576	2.596152299024582e-07
5.0	9.109207123512697	2.96e-05	0.021467281388812154	0.02146827233085787	0.021469152227899357	3.8790785715852766e-07
5.0	9.109207123512697	2.9999999999999997e-05	0.021466236976309894	0.021467542262078598	0.021468503364153513	5.310085656809003e-07
5.0	9.109207123512697	3.04e-05	0.021465084283409652	0.02146676926324357	0.021467980375024176	7.297878560373363e-07
5.0	9.109207123512697	3.0799999999999996e-05	0.02146378360151502	0.021465827810111384	0.02146728198917458	9.342227898761875e-07
5.0	9.109207123512697	3.12e-05	0.02146229283721368	0.021464741042103212	0.02146657989148615	1.1998749197653761e-06
5.0	9.109207123512697	3.16e-05	0.02146057914802757	0.021463294792909426	0.021465568086586728	1.4882825774417794e-06
5.0	9.109207123512697	3.2e-05	0.021458645537915544	0.021461290434108975	0.021464097674811278	1.7896884428580046e-06
5.0	9.109207123512697	3.2399999999999995e-05	0.021456288355553355	0.021456800286033965	0.021457248774100712	2.457599596523338e-07
5.0	9.109207123512697	3.2800000000000004e-05	0.021448824985007775	0.02145216577021092	0.021455409057746344	2.0677367367128244e-06
5.0	9.109207123512697	3.32e-05	0.021447402383316216	0.021450229182219806	0.02145371300172627	1.7783754900877183e-06
5.0	9.109207123512697	3.36e-05	0.02144653817358133	0.021448920613201052	0.02145222330227181	1.4970026769456545e-06
5.0	9.109207123512697	3.4e-05	0.02144607936263032	0.02144802925911742	0.021450952912821286	1.2381412431095985e-06
5.0	9.109207123512697	3.4399999999999996e-05	0.021445572476983976	0.021447310457006777	0.021449884766450822	1.0497667225746967e-06
5.0	9.109207123512697	3.4800000000000006e-05	0.02144523898688444	0.021446798906894268	0.021448989679022645	8.790178537563945e-07
5.0	9.109207123512697	3.52e-05	0.0214449243784669	0.021446378499865453	0.021448236939431098	7.353815954143282e-07
5.0	9.109207123512697	3.56e-05	0.02144473417486914	0.021446035748549988	0.02144759905212723	6.163775276598147e-07
5.0	9.109207123512697	3.6e-05	0.021444548204570424	0.021445722368333517	0.021447053164674657	5.272909788508651e-07
5.0	9.109207123512697	3.64e-05	0.021444480525573795	0.021445453935473896	0.021446580978455643	4.459250058105802e-07
5.0	9.109207123512697	3.68e-05	0.021444309015704377	0.021445195225903293	0.021446168115586417	3.8938451014425973e-07
5.0	9.109207123512697	3.72e-05	0.02144411387869205	0.021444947806321814	0.021445803385099715	3.4870405697780937e-07
5.0	9.109207123512697	3.76e-05	0.02144392078409929	0.021444712289929974	0.021445478116757677	3.1827710675944614e-07
5.0	9.109207123512697	3.7999999999999995e-05	0.02144373651261322	0.021444489125482344	0.021445185607712247	2.9401437782035815e-07
5.0	9.109207123512697	3.8400000000000005e-05	0.021443569180898514	0.02144428200144847	0.02144492067941517	2.7530217694384806e-07
5.0	9.109207123512697	3.88e-05	0.02144342804168886	0.0214440855485475	0.021444679327053073	2.6045307817153876e-07
5.0	9.109207123512697	3.9200000000000004e-05	0.021443316999523176	0.021443900390502382	0.02144445843973486	2.4938522052631007e-07
5.0	9.109207123512697	3.96e-05	0.02144320290904389	0.021443738105133968	0.021444255564880166	2.3743557651660363e-07
5.0	9.109207123512697	3.9999999999999996e-05	0.021443076716766818	0.021443589591507616	0.02144406867429627	2.3043621262703503e-07
5.0	9.109207123512697	4.0400000000000006e-05	0.021442956070872654	0.021443449892592104	0.021443895848165972	2.2460406353121243e-07
5.0	9.109207123512697	4.08e-05	0.021442854564388547	0.021443326642826988	0.02144373472359007	2.1939722529126256e-07
5.0	9.109207123512697	4.12e-05	0.021442779148687308	0.021443218717189003	0.021443581949658785	2.1498750851811429e-07
5.0	9.109207123512697	4.16e-05	0.021442711870053976	0.021443132824813946	0.021443454104919546	2.1170894153821808e-07
5.0	9.109207123512697	4.2e-05	0.02144262538978392	0.021443045891250085	0.021443290843430773	2.0571830219484452e-07
7.0	16.730472305235523	0.0	0.02903015565264422	0.029033175884333417	0.029034626952922693	9.898259308202668e-07
7.0	16.730472305235523	4e-07	0.02902817448048456	0.029031276284055586	0.0290327868842164	1.02893837924179e-06
7.0	16.730472305235523	8e-07	0.02902599156808261	0.029029392790238362	0.029031257550854228	1.1550644598427394e-06
7.0	16.730472305235523	1.2000000000000002e-06	0.029023593519956314	0.029027531255295978	0.02903039233614546	1.3984093535267905e-06
7.0	16.730472305235523	1.6e-06	0.029020947255172125	0.029025566173114747	0.029028753422820408	1.6924954304981158e-06
7.0	16.730472305235523	2e-06	0.029017995095593996	0.02902354825417709	0.029027274699185313	2.110421456513838e-06
7.0	16.730472305235523	2.4000000000000003e-06	0.029014672992607515	0.029021301854020482	0.029025710291751494	2.5952575834704268e-06
7.0	16.730472305235523	2.8000000000000003e-06	0.029010895923715196	0.029018831617047193	0.029023951312361795	3.231957335791693e-06
7.0	16.730472305235523	3.2e-06	0.029006567156521612	0.029015692340819133	0.0290216293963228	3.91429366906054e-06
7.0	16.730472305235523	3.6e-06	0.029001597191311568	0.029011996602818568	0.02901945959059038	4.841223678322145e-06
7.0	16.730472305235523	4e-06	0.028995941927973945	0.029006915273415177	0.029015899834104353	5.849008810707003e-06
7.0	16.730472305235523	4.4e-06	0.02898966566557437	0.028999717291096388	0.029010518523676865	6.893126868554827e-06
7.0	16.730472305235523	4.800000000000001e-06	0.0289827091015038	0.0289832179768226	0.028983640191914795	2.104431221163784e-07
7.0	16.730472305235523	5.2e-06	0.028956230117690218	0.02896664803623455	0.028976464384495415	7.036131621723618e-06
7.0	16.730472305235523	5.600000000000001e-06	0.028950953099261767	0.0289595521963837	0.028970252402420904	5.966140062478162e-06
7.0	16.730472305235523	6e-06	0.02894758021897914	0.02895463259541621	0.028964698266181088	4.931134798299905e-06
7.0	16.730472305235523	6.4e-06	0.028945642100461022	0.028951142479211902	0.02895985608776286	3.9750844003125505e-06
7.0	16.730472305235523	6.8e-06	0.02894354431876245	0.02894823992016469	0.028955670571158443	3.2603935057628106e-06
7.0	16.730472305235523	7.2e-06	0.028942091937045333	0.02894603420597246	0.028952049526768775	2.5851940871805392e-06
7.0	16.730472305235523	7.6e-06	0.028940742543067444	0.028944090543537866	0.02894887416439751	2.0332294569471243e-06
7.0	16.730472305235523	8e-06	0.02893963779853248	0.028942392741879125	0.02894604045158644	1.5355904126351003e-06
7.0	16.730472305235523	8.4e-06	0.02893846531315525	0.028940771582236412	0.028943462042674284	1.1342756981492961e-06
7.0	16.730472305235523	8.8e-06	0.02893791186973793	0.028939266496875827	0.028941065641194363	7.422412133820221e-07
7.0	16.730472305235523	9.2e-06	0.02893692496971223	0.02893776390840215	0.028938788217566014	4.2381572166943685e-07
7.0	16.730472305235523	9.600000000000001e-06	0.028935802019995016	0.02893627023779135	0.028936579440739685	1.539383288977382e-07
7.0	16.730472305235523	9.999999999999999e-06	0.028934278652572587	0.028934788845513863	0.028935168421564406	2.0798442825224883e-07
7.0	16.730472305235523	1.04e-05	0.028932098971120368	0.02893332478962062	0.02893444694899916	5.337220802814943e-07
7.0	16.730472305235523	1.08e-05	0.028929759114188158	0.02893179864818438	0.028933378189571535	8.728079869411391e-07
7.0	16.730472305235523	1.1200000000000001e-05	0.028927262053877634	0.02893023188491701	0.028932349424126258	1.2804869314876087e-06
7.0	16.730472305235523	1.16e-05	0.028924538599458316	0.028928499476045456	0.0289310170276611	1.7128243786193906e-06
7.0	16.730472305235523	1.2e-05	0.028921508115158368	0.028926603405662776	0.028929682234524634	2.2550958638786067e-06
7.0	16.730472305235523	1.24e-05	0.028918079953897724	0.02892420602010354	0.02892796797594066	2.8176146095184277e-06
7.0	16.730472305235523	1.28e-05	0.0289141855422983	0.028921381589444878	0.02892631445893379	3.556637323474707e-06
7.0	16.730472305235523	1.32e-05	0.02890978582888515	0.028917508914491366	0.028923631685790596	4.354074165875894e-06
7.0	16.730472305235523	1.36e-05	0.028904926439747847	0.028912027512179517	0.028919580453257154	5.178756033869447e-06
7.0	16.730472305235523	1.4e-05	0.028899050623138578	0.02889947628599465	0.02889984479454366	1.8766232313994507e-07
7.0	16.730472305235523	1.44e-05	0.028878518681008103	0.02888680450503713	0.028894736184954084	5.422173930478903e-06
7.0	16.730472305235523	1.48e-05	0.028874532052197033	0.028881392737757645	0.028889965284595753	4.607344010077395e-06
7.0	16.730472305235523	1.52e-05	0.028871998433555923	0.0288776514574213	0.028885709054305764	3.8174611001951905e-06
7.0	16.730472305235523	1.56e-05	0.02887056032541757	0.02887500873133569	0.028882007819165167	3.0882628744369736e-06
7.0	16.730472305235523	1.6e-05	0.02886898693348705	0.02887281778111798	0.028878826123706958	2.5443452989402787e-06
7.0	16.730472305235523	1.6400000000000002e-05	0.02886791673039557	0.028871163122265262	0.028876078897079438	2.033794788671106e-06
7.0	16.730472305235523	1.68e-05	0.02886690114584134	0.028869714322963185	0.028873677519133167	1.6147120532245008e-06
7.0	16.730472305235523	1.7199999999999998e-05	0.028866097680688263	0.028868456347840934	0.028871545210207294	1.2410516456483602e-06
7.0	16.730472305235523	1.76e-05	0.028865252986662426	0.02886725949774757	0.02886961605469729	9.42301701862447e-07
7.0	16.730472305235523	1.8e-05	0.028864858293306206	0.028866155344048367	0.028867834459072483	6.5438065853343e-07
7.0	16.730472305235523	1.84e-05	0.028864141932789522	0.02886505591163638	0.028866153045203014	4.276303882204149e-07
7.0	16.730472305235523	1.88e-05	0.028863315422730018	0.028863966098145462	0.0288645301301953	2.4546322990357276e-07
7.0	16.730472305235523	1.9200000000000003e-05	0.02886247355784466	0.0288628883688429	0.02886322088338389	1.7410135364211018e-07
7.0	16.730472305235523	1.9600000000000002e-05	0.028860984761377217	0.02886182622632474	0.02886259657830692	3.2810748091035677e-07
7.0	16.730472305235523	1.9999999999999998e-05	0.028859435181013637	0.028860726937427323	0.028861832301764423	5.495108701183855e-07
7.0	16.730472305235523	2.04e-05	0.02885778016720586	0.028859603394977597	0.02886111661361035	8.265632253614228e-07
7.0	16.730472305235523	2.08e-05	0.028855916977272855	0.028858370899878163	0.02886015493088312	1.1197155781707384e-06
7.0	16.730472305235523	2.12e-05	0.028853796279292077	0.028857034109785528	0.028859195077081345	1.4937262305222168e-06
7.0	16.730472305235523	2.16e-05	0.028851410735849292	0.02885536069545982	0.028857961176504965	1.87965646562838e-06
7.0	16.730472305235523	2.2e-05	0.028848712750914274	0.02885339981983928	0.02885680198760987	2.3849916092797076e-06
7.0	16.730472305235523	2.2400000000000002e-05	0.028845677929378866	0.02885073180238096	0.02885494972863878	2.9305391107563262e-06
7.0	16.730472305235523	2.28e-05	0.02884211509402501	0.02884697575370989	0.028852183741297388	3.496101603631771e-06
7.0	16.730472305235523	2.32e-05	0.028837928538046675	0.028838423384346182	0.028838854767364808	2.3095032902732885e-07
7.0	16.730472305235523	2.36e-05	0.02882390484221986	0.028829744003161673	0.02883536588216451	3.753446920644904e-06
7.0	16.730472305235523	2.4e-05	0.028821195748101935	0.028826058110327367	0.02883211838541566	3.1991196999143026e-06
7.0	16.730472305235523	2.44e-05	0.028819492630669075	0.02882352438126985	0.02882923252465286	2.6613485771799146e-06
7.0	16.730472305235523	2.48e-05	0.028818548264688992	0.028821750097468304	0.028826734997551284	2.1656017095765256e-06
7.0	16.730472305235523	2.5200000000000003e-05	0.028817496802433062	0.028820288745837683	0.028824602311757985	1.797923482829388e-06
7.0	16.730472305235523	2.56e-05	0.02881679195330822	0.02881919984537856	0.02882277250298948	1.4558724608587338e-06
7.0	16.730472305235523	2.6e-05	0.02881612651149279	0.028818259108978266	0.028821186743916094	1.1736333699508405e-06
7.0	16.730472305235523	2.64e-05	0.028815623533260393	0.028817453141393574	0.02881979281460456	9.264511838791196e-07
7.0	16.730472305235523	2.68e-05	0.028815103120539476	0.028816692540115492	0.028818546270258594	7.320466701610698e-07
7.0	16.730472305235523	2.72e-05	0.028814868489535073	0.028816000771048914	0.028817410098503693	5.476844339810969e-07
7.0	16.730472305235523	2.76e-05	0.02881442531050471	0.028815316124466864	0.0288163533349719	4.0724460237659345e-07
7.0	16.730472305235523	2.8e-05	0.028813905565677977	0.028814641944020745	0.02881534942797792	2.9506152477979544e-07
7.0	16.730472305235523	2.8400000000000003e-05	0.028813389460155214	0.028813979775306097	0.028814374643294727	2.1064057016591768e-07
7.0	16.730472305235523	2.88e-05	0.02881289932164499	0.028813331511331964	0.02881368979650656	1.870563425448388e-07
7.0	16.730472305235523	2.92e-05	0.02881198943686325	0.028812671978401067	0.028813240624844028	2.5264608097957137e-07
7.0	16.730472305235523	2.96e-05	0.028811034994641105	0.02881200525911403	0.028812860776110227	3.790609224758361e-07
7.0	16.730472305235523	2.9999999999999997e-05	0.02881000779586529	0.028811288518999886	0.02881223798623367	5.215209057252304e-07
7.0	16.730472305235523	3.04e-05	0.028808874363413395	0.028810528881055755	0.028811706374997748	7.174441650559705e-07
7.0	16.730472305235523	3.0799999999999996e-05	0.028807595675793607	0.028809603498225114	0.028811018648012165	9.188135277062105e-07
7.0	16.730472305235523	3.12e-05	0.028806130424579024	0.028808535330053394	0.028810352284645013	1.1806919227685874e-06
7.0	16.730472305235523	3.16e-05	0.028804446478401857	0.028807113149150226	0.028809356398431518	1.4641672281427287e-06
7.0	16.730472305235523	3.2e-05	0.02880254702652607	0.028805142086201323	0.028807907138697075	1.7599120962582058e-06
7.0	16.730472305235523	3.2399999999999995e-05	0.028800224963588583	0.028800729035725427	0.02880117444527386	2.4116028106597173e-07
7.0	16.730472305235523	3.2800000000000004e-05	0.02879291436222342	0.02879618359346231	0.028799368524697222	2.026825239920472e-06
7.0	16.730472305235523	3.32e-05	0.028791523457124768	0.02879428556522601	0.028797704201449115	1.7422627213639764e-06
7.0	16.730472305235523	3.36e-05	0.0287906777398641	0.0287930032157164	0.02879624278442705	1.4660034393558084e-06
7.0	16.730472305235523	3.4e-05	0.028790226099981275	0.028792129363757708	0.028794996776234427	1.2125809542400688e-06
7.0	16.730472305235523	3.4399999999999996e-05	0.02878973170977428	0.028791424827044592	0.028793949287813092	1.0279267359781113e-06
7.0	16.730472305235523	3.4800000000000006e-05	0.028789405369158416	0.02879092334523189	0.0287930731865762	8.605682618882177e-07
7.0	16.730472305235523	3.52e-05	0.028789102465983873	0.028790510455765386	0.028792336230274884	7.207240925076283e-07
7.0	16.730472305235523	3.56e-05	0.028788911222084934	0.028790174456072105	0.02879171091414534	6.042877304049538e-07
7.0	16.730472305235523	3.6e-05	0.028788726868906878	0.028789867623655013	0.02879117508188589	5.170248366041266e-07
7.0	16.730472305235523	3.64e-05	0.02878865897247973	0.028789605056999644	0.02879071101357944	4.3735206906976663e-07
7.0	16.730472305235523	3.68e-05	0.028788490475384343	0.028789352223478705	0.028790305832873564	3.8193962014919807e-07
7.0	16.730472305235523	3.72e-05	0.02878830070067817	0.02878911085524992	0.0287899485541665	3.4175594235317214e-07
7.0	16.730472305235523	3.76e-05	0.028788115153897564	0.028788881537612776	0.02878963002086188	3.113089490655535e-07
7.0	16.730472305235523	3.7999999999999995e-05	0.028787940256051137	0.028788664475623157	0.028789343644548104	2.8684527951663576e-07
7.0	16.730472305235523	3.8400000000000005e-05	0.02878778375254143	0.028788463349985704	0.028789084323981307	2.6780089228515963e-07
7.0	16.730472305235523	3.88e-05	0.02878765303601405	0.028788272990024122	0.028788848101735987	2.524163609599727e-07
7.0	16.730472305235523	3.9200000000000004e-05	0.028787544413736654	0.028788094390473865	0.028788631891001337	2.4096084468638875e-07
7.0	16.730472305235523	3.96e-05	0.028787431891625914	0.028787937235956393	0.028788433247453504	2.2891709452487295e-07
7.0	16.730472305235523	3.9999999999999996e-05	0.02878731097313114	0.028787793240338626	0.028788250147695038	2.2172280058388673e-07
7.0	16.730472305235523	4.0400000000000006e-05	0.028787194668138838	0.028787657807016698	0.028788080702930152	2.1561192913184562e-07
7.0	16.730472305235523	4.08e-05	0.02878709917311273	0.02878753753705219	0.028787922693343404	2.1048803603594323e-07
7.0	16.730472305235523	4.12e-05	0.028787021707208815	0.028787431638919364	0.028787772950599866	2.0616666752107292e-07
7.0	16.730472305235523	4.16e-05	0.028786950550335533	0.02878734627798831	0.028787644680110525	2.0296512213091242e-07
7.0	16.730472305235523	4.2e-05	0.028786887850154486	0.028787281056098537	0.028787506812568253	1.9118506035479773e-07
9.0	28.638699151677443	0.0	0.03750789068285787	0.03751090969204973	0.037512354926469094	9.869963557550382e-07
9.0	28.638699151677443	4e-07	0.03750590966840939	0.037509010320915706	0.037510515613695006	1.0260915963863533e-06
9.0	28.638699151677443	8e-07	0.037503727335983505	0.03750712747299663	0.037508994294162434	1.1521822937979717e-06
9.0	28.638699151677443	1.2000000000000002e-06	0.037501330296832336	0.03750526678526427	0.03750813082830984	1.3953737791564015e-06
9.0	28.638699151677443	1.6e-06	0.0374986855044126	0.03750330297675926	0.03750649552714691	1.6894021486867964e-06
9.0	28.638699151677443	2e-06	0.037495742429469736	0.03750128673709158	0.03750502246773113	2.107256012187618e-06
9.0	28.638699151677443	2.4000000000000003e-06	0.03749243278611125	0.03749904302293986	0.03750345139989797	2.5928715029521294e-06
9.0	28.638699151677443	2.8000000000000003e-06	0.03748866014122498	0.03749657506021908	0.03750169797583425	3.229209185642097e-06
9.0	28.638699151677443	3.2e-06	0.03748433488217984	0.037493438651163696	0.037499373580020645	3.9111517852568575e-06
9.0	28.638699151677443	3.6e-06	0.03747936925757411	0.037489746371129874	0.03749721065562284	4.837688395349673e-06
9.0	28.638699151677443	4e-06	0.037473719346659884	0.03748466929013018	0.037493653073966904	5.8442719884485655e-06
9.0	28.638699151677443	4.4e-06	0.03746744957821946	0.037477477343644434	0.03748827386352627	6.88653612165203e-06
9.0	28.638699151677443	4.800000000000001e-06	0.03746049007690555	0.03746099545804957	0.037461423575731345	2.1156550703281134e-07
9.0	28.638699151677443	5.2e-06	0.03743405618931828	0.03744445167423901	0.03745425440537531	7.024464326035168e-06
9.0	28.638699151677443	5.600000000000001e-06	0.03742879095413176	0.037437368637839516	0.03744805252278027	5.955434107447792e-06
9.0	28.638699151677443	6e-06	0.03742542485694411	0.03743245797132404	0.03744250793235082	4.921949125380706e-06
9.0	28.638699151677443	6.4e-06	0.03742348505203008	0.03742897387214064	0.037437674463098425	3.968024942174314e-06
9.0	28.638699151677443	6.8e-06	0.037421395626354936	0.03742607641056766	0.037433497973764496	3.254827814805979e-06
9.0	28.638699151677443	7.2e-06	0.03741994156292261	0.037423874595215734	0.037429887487321345	2.5810409899005907e-06
9.0	28.638699151677443	7.6e-06	0.03741860329136504	0.037421933769039135	0.03742671837154532	2.031278893559145e-06
9.0	28.638699151677443	8e-06	0.03741749628801205	0.0374202391927436	0.03742389065657026	1.5348996922115559e-06
9.0	28.638699151677443	8.4e-06	0.037416323702814225	0.03741862148804967	0.03742131813391225	1.1346213855245146e-06
9.0	28.638699151677443	8.8e-06	0.03741577048341771	0.03741711999223528	0.037418927638359634	7.435907891932151e-07
9.0	28.638699151677443	9.2e-06	0.03741478485931271	0.037415621215972784	0.037416656265715	4.2600309176740515e-07
9.0	28.638699151677443	9.600000000000001e-06	0.03741366564114479	0.037414131773976296	0.03741444801966054	1.556853354383901e-07
9.0	28.638699151677443	9.999999999999999e-06	0.03741215363808692	0.03741265501433191	0.0374130256901859	2.037096532311222e-07
9.0	28.638699151677443	1.04e-05	0.03740998110748617	0.037411195763240646	0.03741229754762099	5.285155334415032e-07
9.0	28.638699151677443	1.08e-05	0.03740764889020998	0.03740967504200593	0.037411231037424386	8.667569028428338e-07
9.0	28.638699151677443	1.1200000000000001e-05	0.0374051604284622	0.037408114229805306	0.03741020664183825	1.273341576017559e-06
9.0	28.638699151677443	1.16e-05	0.03740244680655369	0.03740638925179145	0.03740889708608819	1.7054348539064624e-06
9.0	28.638699151677443	1.2e-05	0.037399430240244946	0.03740450065878426	0.03740757149727525	2.2458981069011305e-06
9.0	28.638699151677443	1.24e-05	0.03739601957040417	0.03740211273950083	0.03740585949442021	2.806521364975229e-06
9.0	28.638699151677443	1.28e-05	0.03739214047408268	0.03739929954382327	0.037404217376785454	3.5431601033059204e-06
9.0	28.638699151677443	1.32e-05	0.0373877585168545	0.0373954417837659	0.03740154698529796	4.337231194715981e-06
9.0	28.638699151677443	1.36e-05	0.03738291932646831	0.03738998151043115	0.0373975090705887	5.157805522731225e-06
9.0	28.638699151677443	1.4e-05	0.037377056017257715	0.03737748231022913	0.037377856079214844	1.8731253174859003e-07
9.0	28.638699151677443	1.44e-05	0.037356631692288644	0.03736487164702944	0.037372771239427394	5.395483439899705e-06
9.0	28.638699151677443	1.48e-05	0.0373526679329963	0.0373594876429022	0.03736802321720045	4.583822062772945e-06
9.0	28.638699151677443	1.52e-05	0.03735014816736815	0.037355765643756735	0.037363787927141345	3.797605644289454e-06
9.0	28.638699151677443	1.56e-05	0.03734871236298076	0.037353136241287915	0.037360105299839574	3.072514310968065e-06
9.0	28.638699151677443	1.6e-05	0.03734715182149184	0.03735095644988281	0.037356940026015195	2.5315564600789313e-06
9.0	28.638699151677443	1.6400000000000002e-05	0.03734608769667602	0.03734931026701346	0.03735420714114035	2.0237767050889072e-06
9.0	28.638699151677443	1.68e-05	0.03734508149351612	0.037347868295675504	0.03735181872320137	1.6079821408962715e-06
9.0	28.638699151677443	1.7199999999999998e-05	0.03734427802486895	0.037346617003855005	0.03734969834088986	1.2365456771512216e-06
9.0	28.638699151677443	1.76e-05	0.037343435598701014	0.03734542688991079	0.03734778039611175	9.39571028278023e-07
9.0	28.638699151677443	1.8e-05	0.03734304227910279	0.03734432933176193	0.03734600957666423	6.533110277702851e-07
9.0	28.638699151677443	1.84e-05	0.0373423292463837	0.03734323669368068	0.03734433875514931	4.2779204908126536e-07
9.0	28.638699151677443	1.88e-05	0.03734150882200282	0.0373421540525763	0.03734272647914327	2.457284019605307e-07
9.0	28.638699151677443	1.9200000000000003e-05	0.03734067876740532	0.037341083851638666	0.03734141359092291	1.7105784742909942e-07
9.0	28.638699151677443	1.9600000000000002e-05	0.03733920040732297	0.03734002934763943	0.03734079796582179	3.224517730303928e-07
9.0	28.638699151677443	1.9999999999999998e-05	0.03733766205328415	0.0373389383625506	0.03734001794276942	5.424826557386969e-07
9.0	28.638699151677443	2.04e-05	0.03733601936786268	0.037337823675839106	0.03733931340838126	8.178749462366173e-07
9.0	28.638699151677443	2.08e-05	0.037334171002362915	0.037336601712561104	0.03733837428692599	1.1102632678823619e-06
9.0	28.638699151677443	2.12e-05	0.03733206650147913	0.03733527565029552	0.03733742652538652	1.481686519842642e-06
9.0	28.638699151677443	2.16e-05	0.03732970430899307	0.03733361560721303	0.03733619767597851	1.8649316509135949e-06
9.0	28.638699151677443	2.2e-05	0.037327027684506575	0.03733167042466289	0.03733505297025275	2.366852003139273e-06
9.0	28.638699151677443	2.2400000000000002e-05	0.03732401729515633	0.037329023166315214	0.03733321452344196	2.9079095305021916e-06
9.0	28.638699151677443	2.28e-05	0.037320480013366186	0.03732529624159885	0.03733046763029968	3.4681695541284818e-06
9.0	28.638699151677443	2.32e-05	0.037316320878820974	0.037316813639494344	0.037317248441860684	2.2908385495586145e-07
9.0	28.638699151677443	2.36e-05	0.03730243474921924	0.037308213888628226	0.037313790416870773	3.7183237361481276e-06
9.0	28.638699151677443	2.4e-05	0.03729975420466758	0.03730456343879253	0.03731057228168844	3.168253216465859e-06
9.0	28.638699151677443	2.44e-05	0.0372980683245272	0.037302054113831896	0.03730771299374869	2.635220938306041e-06
9.0	28.638699151677443	2.48e-05	0.037297127838909816	0.03730029656585869	0.03730523880603975	2.1445657957566404e-06
9.0	28.638699151677443	2.5200000000000003e-05	0.03729609135235279	0.037298849078796985	0.03730312641256983	1.7805423541803378e-06
9.0	28.638699151677443	2.56e-05	0.0372953939335714	0.03729777050609047	0.037301314260839824	1.4418567148385423e-06
9.0	28.638699151677443	2.6e-05	0.0372947391057723	0.03729683803523433	0.03729974416248716	1.1633745096559395e-06
9.0	28.638699151677443	2.64e-05	0.037294236688814486	0.03729603985130082	0.037298364349664936	9.187885363189051e-07
9.0	28.638699151677443	2.68e-05	0.0372937190152669	0.03729528694322692	0.03729713077786467	7.263968068716357e-07
9.0	28.638699151677443	2.72e-05	0.037293485969102314	0.03729460250558593	0.03729600677792444	5.438746931116065e-07
9.0	28.638699151677443	2.76e-05	0.03729304663645827	0.03729392532075308	0.03729496167911517	4.0476519416871396e-07
9.0	28.638699151677443	2.8e-05	0.037292533696286156	0.03729325890544269	0.037293969186202425	2.9314415690296786e-07
9.0	28.638699151677443	2.8400000000000003e-05	0.03729202618437455	0.03729260477856932	0.03729300579815664	2.0814062633371656e-07
9.0	28.638699151677443	2.88e-05	0.037291543594385246	0.03729196458283418	0.03729230716563681	1.8262265021893272e-07
9.0	28.638699151677443	2.92e-05	0.03729064486123068	0.03729131360484556	0.037291859957130136	2.467721056329153e-07
9.0	28.638699151677443	2.96e-05	0.0372897023536094	0.037290655859775396	0.03729148899332557	3.7196918002822224e-07
9.0	28.638699151677443	2.9999999999999997e-05	0.037288688200519005	0.037289949508877346	0.0372908889141188	5.143670061320792e-07
9.0	28.638699151677443	3.04e-05	0.037287569337059345	0.03728920010101892	0.037290349526940325	7.082380785413022e-07
9.0	28.638699151677443	3.0799999999999996e-05	0.03728630725692206	0.03728828697669356	0.037289670754017123	9.074751468160697e-07
9.0	28.638699151677443	3.12e-05	0.03728486125166253	0.03728723287111515	0.0372890332122493	1.1666791584968327e-06
9.0	28.638699151677443	3.16e-05	0.03728319975396044	0.03728582860612091	0.03728804925244855	1.4464310145293082e-06
9.0	28.638699151677443	3.2e-05	0.03728132614610402	0.037283882029221616	0.03728661550180856	1.7376013174607956e-06
9.0	28.638699151677443	3.2399999999999995e-05	0.03727902862343857	0.03727952679786612	0.037279970500798676	2.3732728948163157e-07
9.0	28.638699151677443	3.2800000000000004e-05	0.037271837644725636	0.03727505022229548	0.03727819045153424	1.9951159913117554e-06
9.0	28.638699151677443	3.32e-05	0.03727047143619089	0.03727318248476368	0.03727655051610412	1.7139375531279803e-06
9.0	28.638699151677443	3.36e-05	0.037269639968334545	0.037271920551206976	0.03727511089653124	1.4415930532612154e-06
9.0	28.638699151677443	3.4e-05	0.03726919396471473	0.03727106015608019	0.03727388379689245	1.1924786413638281e-06
9.0	28.638699151677443	3.4399999999999996e-05	0.0372687084196901	0.03727036648229551	0.03727285619426546	1.0108244883953596e-06
9.0	28.638699151677443	3.4800000000000006e-05	0.037268387931212565	0.03726987262795631	0.03727199466093012	8.461157241069117e-07
9.0	28.638699151677443	3.52e-05	0.03726809402217501	0.03726946524836896	0.037271269577749955	7.093738567990151e-07
9.0	28.638699151677443	3.56e-05	0.03726790124148405	0.0372691343143036	0.037270654589631746	5.949243402090153e-07
9.0	28.638699151677443	3.6e-05	0.03726771715218735	0.03726883239726895	0.0372701278607277	5.091174868115851e-07
9.0	28.638699151677443	3.64e-05	0.037267649585193574	0.03726857429424757	0.03726967193134634	4.30730439282636e-07
9.0	28.638699151677443	3.68e-05	0.03726748333878671	0.03726832593406204	0.0372692730864026	3.762093439105601e-07
9.0	28.638699151677443	3.72e-05	0.03726729812748619	0.03726808922867376	0.03726892064400822	3.363971395993559e-07
9.0	28.638699151677443	3.76e-05	0.03726711898074875	0.037267864740408024	0.03726860631656059	3.0588892478306603e-07
9.0	28.638699151677443	3.7999999999999995e-05	0.03726695216687137	0.0372676524349852	0.03726832368312927	2.8125466161028843e-07
9.0	28.638699151677443	3.8400000000000005e-05	0.037266804458669256	0.03726745606413052	0.03726806776890701	2.618952649683675e-07
9.0	28.638699151677443	3.88e-05	0.037266681639647636	0.037267270538500465	0.03726783471445927	2.4607276558217745e-07
9.0	28.638699151677443	3.9200000000000004e-05	0.03726657453551496	0.037267097281334906	0.03726762151482799	2.3429765766330623e-07
9.0	28.638699151677443	3.96e-05	0.03726646288411928	0.03726694425924937	0.0372674258052772	2.2216505926902437e-07
9.0	28.638699151677443	3.9999999999999996e-05	0.037266345560021286	0.03726680398915045	0.03726724565815687	2.1477412772424589e-07
9.0	28.638699151677443	4.0400000000000006e-05	0.03726623373199622	0.0372666720258927	0.03726707932471918	2.0844039364130117e-07
9.0	28.638699151677443	4.08e-05	0.0372661431512844	0.03726655410810094	0.03726692482375782	2.0340958871307244e-07
9.0	28.638699151677443	4.12e-05	0.03726606398428434	0.03726644963581538	0.03726677952607993	1.992207511266513e-07
9.0	28.638699151677443	4.16e-05	0.037265988680222684	0.03726636407597113	0.03726665474946422	1.9626646665469367e-07
9.0	28.638699151677443	4.2e-05	0.03726593343090734	0.03726631335064111	0.037266543711269584	1.8363329447113944e-07
10.0	36.908301128373225	0.0	0.04225029818230297	0.04225331694411079	0.042254760904619104	9.859700034151811e-07
10.0	36.908301128373225	4e-07	0.04224831722927913	0.042251417681402885	0.04225292178902862	1.0250607593505209e-06
10.0	36.908301128373225	8e-07	0.042246135122335104	0.04224953513045249	0.04225140322543819	1.151140062749627e-06
10.0	36.908301128373225	1.2000000000000002e-06	0.04224373847385454	0.04224767482142428	0.042250540414686455	1.394261298547876e-06
10.0	36.908301128373225	1.6e-06	0.04224109424826317	0.04224571158680914	0.04224890713279361	1.6882910686341498e-06
10.0	36.908301128373225	2e-06	0.04223815193627889	0.0422436960852514	0.042247436657401494	2.1061304927715654e-06
10.0	36.908301128373225	2.4000000000000003e-06	0.04223484328342675	0.042241453573188356	0.04224586233127159	2.5921794193208916e-06
10.0	36.908301128373225	2.8000000000000003e-06	0.04223107886090638	0.04223898656557719	0.04224411169959463	3.2284090562080924e-06
10.0	36.908301128373225	3.2e-06	0.04222675491405781	0.04223585131254537	0.042241786224690436	3.910271871703355e-06
10.0	36.908301128373225	3.6e-06	0.0422217909179583	0.0422321603504621	0.04223962631181166	4.8367239098129196e-06
10.0	36.908301128373225	4e-06	0.04221614303382726	0.04222708474206365	0.04223606956595649	5.842833403738325e-06
10.0	36.908301128373225	4.4e-06	0.04220987576014856	0.042219894759621505	0.042230690751460465	6.884230177581091e-06
10.0	36.908301128373225	4.800000000000001e-06	0.042202914075786246	0.042203419268342666	0.04220385072482369	2.12510936399744e-07
10.0	36.908301128373225	5.2e-06	0.04217650094013781	0.04218688623904491	0.04219668307852853	7.019611511469813e-06
10.0	36.908301128373225	5.600000000000001e-06	0.04217124077926471	0.0421798086516169	0.04219048522125224	5.950822571193095e-06
10.0	36.908301128373225	6e-06	0.042167877376934726	0.04217490170036346	0.042184944457453355	4.91793727781314e-06
10.0	36.908301128373225	6.4e-06	0.04216593660844126	0.0421714200122927	0.04218011448594616	3.964923906752667e-06
10.0	36.908301128373225	6.8e-06	0.04216385058151051	0.042168524530184555	0.042175943090459356	3.252393875419665e-06
10.0	36.908301128373225	7.2e-06	0.042162395256188034	0.0421663241906274	0.042172335255025395	2.579202535064249e-06
10.0	36.908301128373225	7.6e-06	0.04216106200501102	0.04216438433703902	0.04216916862077902	2.030436591690295e-06
10.0	36.908301128373225	8e-06	0.04215995377086479	0.042162690954881524	0.042166343274012696	1.5345696201590622e-06
10.0	36.908301128373225	8.4e-06	0.042158780576103005	0.04216107454030281	0.042163773063180976	1.1347258723443635e-06
10.0	36.908301128373225	8.8e-06	0.042158227496416956	0.042159574413686	0.0421613848772715	7.440802767673024e-07
10.0	36.908301128373225	9.2e-06	0.04215724238598639	0.04215807709747902	0.04215911586308696	4.268052610799692e-07
10.0	36.908301128373225	9.600000000000001e-06	0.04215612480521358	0.04215658930011613	0.042156910073366305	1.5619685200566818e-07
10.0	36.908301128373225	9.999999999999999e-06	0.0421546170548206	0.042155114364699965	0.04215548175523942	2.0186913996244396e-07
10.0	36.908301128373225	1.04e-05	0.04215244622856584	0.04215365700889292	0.042154749363114696	5.264179421483166e-07
10.0	36.908301128373225	1.08e-05	0.042150116961217954	0.042152138449043725	0.0421536836513976	8.643954741650538e-07
10.0	36.908301128373225	1.1200000000000001e-05	0.04214763180991543	0.04215058001080748	0.04215266095077386	1.270593287352938e-06
10.0	36.908301128373225	1.16e-05	0.042144921962486315	0.04214885805163125	0.04215136222784732	1.7027502479997334e-06
10.0	36.908301128373225	1.2e-05	0.042141909762129615	0.0421469724078494	0.0421500407417561	2.2425588276818943e-06
10.0	36.908301128373225	1.24e-05	0.04213850669634933	0.042144588176755746	0.04214832948332159	2.8025339394143565e-06
10.0	36.908301128373225	1.28e-05	0.04213463345098134	0.04214177928427335	0.042146693561615045	3.538330236879244e-06
10.0	36.908301128373225	1.32e-05	0.04213025829169048	0.04213792709381715	0.04214402690332797	4.3311006331685324e-06
10.0	36.908301128373225	1.36e-05	0.042125426866611804	0.04213247458389164	0.04213999369150745	5.149944367562749e-06
10.0	36.908301128373225	1.4e-05	0.04211956872435163	0.042119995078277885	0.04212037080376785	1.8698504670614893e-07
10.0	36.908301128373225	1.44e-05	0.042099187799066407	0.0421074085843101	0.042115295201283764	5.3848546585891965e-06
10.0	36.908301128373225	1.48e-05	0.0420952333629625	0.042102035770965225	0.04211055611265646	4.574280770390194e-06
10.0	36.908301128373225	1.52e-05	0.04209271899992917	0.04209832145881599	0.04210632902563738	3.7894866293124785e-06
10.0	36.908301128373225	1.56e-05	0.04209128377679683	0.042095697273733294	0.04210265369819588	3.066062982055064e-06
10.0	36.908301128373225	1.6e-05	0.04208972834454183	0.04209352178962798	0.042099494790287295	2.5263331418688704e-06
10.0	36.908301128373225	1.6400000000000002e-05	0.0420886666759932	0.04209187884191349	0.04209676751887326	2.0196671353298306e-06
10.0	36.908301128373225	1.68e-05	0.0420876640661092	0.04209043938032755	0.042094384161978304	1.6052754424446948e-06
10.0	36.908301128373225	1.7199999999999998e-05	0.042086860244309854	0.042089190613451045	0.04209226842586489	1.23471496848731e-06
10.0	36.908301128373225	1.76e-05	0.0420860181181375	0.04208800305144194	0.04209035483867396	9.384511224068022e-07
10.0	36.908301128373225	1.8e-05	0.04208562538906779	0.04208690801889414	0.042088588200080324	6.528150255498393e-07
10.0	36.908301128373225	1.84e-05	0.04208491366475542	0.04208581798781769	0.042086921481899964	4.277424640128754e-07
10.0	36.908301128373225	1.88e-05	0.04208409578394612	0.04208473812240283	0.042085313322058227	2.456171555281425e-07
10.0	36.908301128373225	1.9200000000000003e-05	0.04208327018622526	0.04208367085697696	0.04208399877417257	1.6951918555836365e-07
10.0	36.908301128373225	1.9600000000000002e-05	0.0420817958676345	0.042082619335304355	0.042083386990049654	3.2004454148637665e-07
10.0	36.908301128373225	1.9999999999999998e-05	0.04208026185818525	0.04208153161810416	0.0420825995926144	5.396585224213465e-07
10.0	36.908301128373225	2.04e-05	0.042078623936901316	0.04208042041830375	0.04208189921160255	8.144692496250587e-07
10.0	36.908301128373225	2.08e-05	0.04207678019807837	0.042079202660058	0.04208097029198399	1.1067311710389834e-06
10.0	36.908301128373225	2.12e-05	0.04207468191260677	0.042077880795522736	0.04208002776281017	1.477205661726387e-06
10.0	36.908301128373225	2.16e-05	0.042072328531791214	0.04207622594496683	0.04207880068759895	1.8595028231099319e-06
10.0	36.908301128373225	2.2e-05	0.042069660090810146	0.042074286783394414	0.04207766185640072	2.360184023565507e-06
10.0	36.908301128373225	2.2400000000000002e-05	0.04206665907624707	0.04207164735175604	0.04207582870205506	2.899508193970754e-06
10.0	36.908301128373225	2.28e-05	0.04206313288265484	0.04206793128132922	0.04207308870806781	3.457575790122948e-06
10.0	36.908301128373225	2.32e-05	0.042058983437835096	0.04205947524332366	0.042059911313237386	2.281317283682239e-07
10.0	36.908301128373225	2.36e-05	0.04204515217396221	0.042050906770429365	0.04205646525833728	3.7044647965129446e-06
10.0	36.908301128373225	2.4e-05	0.042042483130711794	0.04204727046370047	0.042053258554958006	3.155897727109027e-06
10.0	36.908301128373225	2.44e-05	0.042040803947238636	0.04204477079640219	0.042050409640597586	2.6246985245812863e-06
10.0	36.908301128373225	2.48e-05	0.042039864679245476	0.042043019781914756	0.04204794457706296	2.136085550479134e-06
10.0	36.908301128373225	2.5200000000000003e-05	0.04203883409403719	0.04204157764577023	0.04204583996921318	1.7735563122817121e-06
10.0	36.908301128373225	2.56e-05	0.042038139656323636	0.0420405030260441	0.0420440347097113	1.4362113820955882e-06
10.0	36.908301128373225	2.6e-05	0.04203748886189462	0.04203957362865854	0.04204247071496425	1.1593004516346247e-06
10.0	36.908301128373225	2.64e-05	0.042036986335499904	0.04203877840098613	0.04204109639475195	9.157300053832547e-07
10.0	36.908301128373225	2.68e-05	0.04203646914867143	0.04203802841908012	0.04203986786278513	7.24138937942471e-07
10.0	36.908301128373225	2.72e-05	0.04203623679175461	0.04203734679688023	0.042038748585757624	5.423096728558456e-07
10.0	36.908301128373225	2.76e-05	0.04203579898190846	0.04203667248227351	0.04203770800890094	4.0369463911165565e-07
10.0	36.908301128373225	2.8e-05	0.04203528886816077	0.04203600907538552	0.042036719937656564	2.9223570079592954e-07
10.0	36.908301128373225	2.8400000000000003e-05	0.04203478490147461	0.042035358084406574	0.04203576096177564	2.0689811286761896e-07
10.0	36.908301128373225	2.88e-05	0.042034305011200424	0.04203472103888644	0.04203506316628225	1.8053734305933566e-07
10.0	36.908301128373225	2.92e-05	0.04203341060752219	0.04203407342960855	0.04203461007229681	2.44213245142568e-07
10.0	36.908301128373225	2.96e-05	0.042032472729891523	0.04203341921971039	0.04203424184776594	3.6903493302317336e-07
10.0	36.908301128373225	2.9999999999999997e-05	0.042031463630439525	0.042032717020858285	0.042033651965815544	5.115968278887787e-07
10.0	36.908301128373225	3.04e-05	0.042030350400259486	0.04203197163139408	0.04203310931233872	7.04733571023798e-07
10.0	36.908301128373225	3.0799999999999996e-05	0.0420290947308839	0.04203106329615717	0.042032440453481534	9.032375303332137e-07
10.0	36.908301128373225	3.12e-05	0.04202765614933757	0.04203001461562006	0.04203180854348876	1.1614805422966944e-06
10.0	36.908301128373225	3.16e-05	0.04202600331840056	0.04202861713754986	0.04203082920016943	1.4397855897888385e-06
10.0	36.908301128373225	3.2e-05	0.04202413971774632	0.04202667971501073	0.04202940104164288	1.7290324916617973e-06
10.0	36.908301128373225	3.2399999999999995e-05	0.04202185084359211	0.042022346665640885	0.04202278975762486	2.356503864774316e-07
10.0	36.908301128373225	3.2800000000000004e-05	0.04201470798421525	0.04201789735108427	0.042021019832977125	1.9825346250356247e-06
10.0	36.908301128373225	3.32e-05	0.04201335183442012	0.042016041835578076	0.042019389485715486	1.7025306558345269e-06
10.0	36.908301128373225	3.36e-05	0.0420125259372508	0.04201478807240269	0.04201795846718159	1.4317095471470026e-06
10.0	36.908301128373225	3.4e-05	0.042012082222179004	0.0420139329905425	0.04201674025238944	1.1843384249234155e-06
10.0	36.908301128373225	3.4399999999999996e-05	0.04201159987966019	0.04201324354874064	0.04201571901493484	1.0039319689211872e-06
10.0	36.908301128373225	3.4800000000000006e-05	0.042011281789241295	0.04201275264325239	0.04201486293120027	8.402949043049996e-07
10.0	36.908301128373225	3.52e-05	0.042010991260369224	0.042012347318509405	0.04201414253672997	7.04860529839464e-07
10.0	36.908301128373225	3.56e-05	0.0420107976210673	0.04201201833143533	0.042013531624913725	5.911967989936509e-07
10.0	36.908301128373225	3.6e-05	0.04201061309694065	0.04201171830566818	0.0420130084883521	5.05985092893702e-07
10.0	36.908301128373225	3.64e-05	0.04201054577004015	0.042011461949673194	0.04201255577215779	4.2809332295392316e-07
10.0	36.908301128373225	3.68e-05	0.04201038069307739	0.04201121534542586	0.04201215984333295	3.739243349204264e-07
10.0	36.908301128373225	3.72e-05	0.042010197250919035	0.04201098048878466	0.04201181008185095	3.3425127091331854e-07
10.0	36.908301128373225	3.76e-05	0.042010020812084825	0.04201075793271871	0.04201149824444439	3.037025462177372e-07
10.0	36.908301128373225	3.7999999999999995e-05	0.04200985742297636	0.042010547536141335	0.04201121793940832	2.7899168278278454e-07
10.0	36.908301128373225	3.8400000000000005e-05	0.042009713270403815	0.04201035311077466	0.0420109642080293	2.5947740378156243e-07
10.0	36.908301128373225	3.88e-05	0.04200959350056088	0.04201016956734759	0.042010733195548156	2.4346540869942424e-07
10.0	36.908301128373225	3.9200000000000004e-05	0.0420094869170482	0.04200999856695697	0.0420105218919522	2.315378756192463e-07
10.0	36.908301128373225	3.96e-05	0.04200937563566853	0.042009847285553625	0.042010327920091406	2.1934445593259947e-07
10.0	36.908301128373225	3.9999999999999996e-05	0.04200925980794601	0.04200970862482667	0.04201014933735259	2.1184444846156745e-07
10.0	36.908301128373225	4.0400000000000006e-05	0.04200914995383087	0.042009578138012656	0.04200998439022463	2.0541132063310404e-07
10.0	36.908301128373225	4.08e-05	0.04200906137934268	0.04200946121234012	0.042009831140044085	2.0041523051748655e-07
10.0	36.908301128373225	4.12e-05	0.04200898157262589	0.04200935729879722	0.04200968715364173	1.9628878891186714e-07
10.0	36.908301128373225	4.16e-05	0.0420089044628309	0.04200927150706969	0.0420095614687126	1.9346924310474532e-07
10.0	36.908301128373225	4.2e-05	0.042008848665476606	0.042009224849583485	0.04200945733324701	1.8164801036519635e-07
11.0	47.245303599242945	0.0	0.047412345451667726	0.04741536416633433	0.047416807383569015	9.852023249132496e-07
11.0	47.245303599242945	4e-07	0.047410364548642114	0.04741346500616442	0.04741496846247184	1.024289973366617e-06
11.0	47.245303599242945	8e-07	0.047408182624909756	0.047411582731617025	0.047413452187620386	1.1503592205352542e-06
11.0	47.245303599242945	1.2000000000000002e-06	0.04740578629264114	0.04740972276986586	0.04741258991307262	1.3934125903566208e-06
11.0	47.245303599242945	1.6e-06	0.04740314252334876	0.04740776006535528	0.04741095882116575	1.6874614821360436e-06
11.0	47.245303599242945	2e-06	0.04740020082166385	0.047405745230815116	0.047409490732201576	2.1052963668075965e-06
11.0	47.245303599242945	2.4000000000000003e-06	0.04739689295621741	0.04740350382045363	0.047407913213478814	2.591796140159917e-06
11.0	47.245303599242945	2.8000000000000003e-06	0.04739313384388488	0.04740103765050662	0.04740616539562481	3.2279632768744773e-06
11.0	47.245303599242945	3.2e-06	0.04738881207507539	0.04739790337842898	0.04740383894766609	3.90982110270398e-06
11.0	47.245303599242945	3.6e-06	0.0473838493700951	0.04739421347057019	0.047401681744881685	4.836253109545986e-06
11.0	47.245303599242945	4e-06	0.047378203108286776	0.04738913891990874	0.047398125676771485	5.84196046158021e-06
11.0	47.245303599242945	4.4e-06	0.04737193785946392	0.04738195024367018	0.047392746813469167	6.8825171104532865e-06
11.0	47.245303599242945	4.800000000000001e-06	0.047364973634270946	0.04736547971405124	0.04736591475997809	2.1371072385860744e-07
11.0	47.245303599242945	5.2e-06	0.04733858006133662	0.04734895589352577	0.047358747423025704	7.015429960918941e-06
11.0	47.245303599242945	5.600000000000001e-06	0.04733332447814487	0.04734188312606939	0.04735255292112317	5.946717484947171e-06
11.0	47.245303599242945	6e-06	0.047329963322863655	0.04733697940490726	0.04734701536466179	4.914319274726313e-06
11.0	47.245303599242945	6.4e-06	0.04732802154180504	0.0473334997450112	0.047342188330975254	3.962111530264206e-06
11.0	47.245303599242945	6.8e-06	0.047325938413504964	0.047330605874458816	0.047338021091839266	3.2501969840063823e-06
11.0	47.245303599242945	7.2e-06	0.047324481547400765	0.04732840670776572	0.04733441548202322	2.5775286781902884e-06
11.0	47.245303599242945	7.6e-06	0.04732315295299738	0.0473264675509938	0.04733125091852841	2.0296813874592237e-06
11.0	47.245303599242945	8e-06	0.04732204346538804	0.047324775100489075	0.04732842753587718	1.5342470279165135e-06
11.0	47.245303599242945	8.4e-06	0.047320869277068134	0.047323159698995504	0.04732585923180732	1.1347819880951235e-06
11.0	47.245303599242945	8.8e-06	0.04732031633431166	0.047321660670724186	0.04732347294204864	7.44444294891599e-07
11.0	47.245303599242945	9.2e-06	0.04731933163408186	0.04732016453106554	0.047321205856851734	4.2740978051748544e-07
11.0	47.245303599242945	9.600000000000001e-06	0.04731821564730332	0.04731867807613983	0.04731900206998674	1.5646109265728794e-07
11.0	47.245303599242945	9.999999999999999e-06	0.047316711195776406	0.0473172046448924	0.04731756856844438	2.0022205347523396e-07
11.0	47.245303599242945	1.04e-05	0.047314540797113835	0.0473157488552059	0.047316837936668854	5.246505861825709e-07
11.0	47.245303599242945	1.08e-05	0.0473122139188753	0.04731423209940441	0.04731576723884512	8.624649775697454e-07
11.0	47.245303599242945	1.1200000000000001e-05	0.04730973144018957	0.047312675641528995	0.04731474590477447	1.2683758382608862e-06
11.0	47.245303599242945	1.16e-05	0.04730702463066461	0.04731095624270103	0.047313457541553916	1.7007062046350633e-06
11.0	47.245303599242945	1.2e-05	0.0473040159352367	0.047309073038252804	0.04731213984570459	2.240020509147516e-06
11.0	47.245303599242945	1.24e-05	0.047300618900412594	0.04730669182358293	0.04731042907962291	2.7995411715590904e-06
11.0	47.245303599242945	1.28e-05	0.04729675034655578	0.04730388638563837	0.04730879882931038	3.5347143310805836e-06
11.0	47.245303599242945	1.32e-05	0.04729238065055341	0.047300038548001765	0.04730613515235582	4.32642163539154e-06
11.0	47.245303599242945	1.36e-05	0.04728755549224317	0.04729459200984477	0.047302105350520485	5.14373279625994e-06
11.0	47.245303599242945	1.4e-05	0.04728170197610204	0.04728212817056259	0.04728250531474121	1.8652993870617317e-07
11.0	47.245303599242945	1.44e-05	0.04726135757853811	0.04726956167097493	0.04727743723488054	5.376015259029162e-06
11.0	47.245303599242945	1.48e-05	0.04725741113485782	0.04726419829515167	0.04727270545509121	4.566197286492567e-06
11.0	47.245303599242945	1.52e-05	0.047254901192226306	0.047260490407249646	0.04726848510013415	3.78255054953992e-06
11.0	47.245303599242945	1.56e-05	0.0472534662023687	0.04725787050742366	0.04726481577254127	3.060538812354284e-06
11.0	47.245303599242945	1.6e-05	0.04725191503815651	0.04725569850670047	0.04726166207420679	2.5218740146150204e-06
11.0	47.245303599242945	1.6400000000000002e-05	0.04725085544831664	0.04725405814701195	0.04725893941057535	2.016145314563621e-06
11.0	47.245303599242945	1.68e-05	0.047249855708169086	0.04725262061978787	0.047256560198544406	1.602992485607456e-06
11.0	47.245303599242945	1.7199999999999998e-05	0.047249051342309834	0.04725137385541116	0.04725444825808989	1.2331520965428215e-06
11.0	47.245303599242945	1.76e-05	0.04724820894980386	0.047250188321187284	0.047252538222380736	9.374827747964107e-07
11.0	47.245303599242945	1.8e-05	0.04724781672281875	0.04724909531701176	0.047250774984233246	6.523352772752304e-07
11.0	47.245303599242945	1.84e-05	0.04724710604941418	0.04724800738481664	0.04724911159770606	4.2759543072506236e-07
11.0	47.245303599242945	1.88e-05	0.04724629049691931	0.04724692977078413	0.04724750677500733	2.453308554629441e-07
11.0	47.245303599242945	1.9200000000000003e-05	0.04724546837355881	0.04724586490189471	0.04724619071660019	1.6795048740448953e-07
11.0	47.245303599242945	1.9600000000000002e-05	0.04724399733525342	0.047244815819086905	0.047245582279037635	3.1790737251743407e-07
11.0	47.245303599242945	1.9999999999999998e-05	0.04724246684987232	0.04724373079443816	0.04724478806615018	5.372814705392533e-07
11.0	47.245303599242945	2.04e-05	0.047240832787451836	0.04724262246779336	0.04724409092616888	8.116703350970808e-07
11.0	47.245303599242945	2.08e-05	0.047238991765818916	0.04724140822055686	0.04724317136605105	1.1039643648357124e-06
11.0	47.245303599242945	2.12e-05	0.047236898476046285	0.04724008979845867	0.04724223355830315	1.4737142605649403e-06
11.0	47.245303599242945	2.16e-05	0.047234551523351875	0.04723843917524776	0.047241007750648656	1.8553203814550458e-06
11.0	47.245303599242945	2.2e-05	0.04723189022329333	0.04723650485085887	0.04723987389491491	2.3550613803729115e-06
11.0	47.245303599242945	2.2400000000000002e-05	0.04722889674804698	0.04723387159085837	0.04723804497746542	2.8929750509386163e-06
11.0	47.245303599242945	2.28e-05	0.04722538063098103	0.047230163984992406	0.04723531012011506	3.4491373178775785e-06
11.0	47.245303599242945	2.32e-05	0.047221238319779424	0.04722172916150889	0.0472221660987211	2.271336872306829e-07
11.0	47.245303599242945	2.36e-05	0.04720745277648497	0.04721318639418453	0.0472187297694191	3.6930307263113087e-06
11.0	47.245303599242945	2.4e-05	0.04720479347907691	0.047209561899530524	0.047215532388511505	3.1455516099657337e-06
11.0	47.245303599242945	2.44e-05	0.04720311975338021	0.04720707024242471	0.04721269195591571	2.6158285715588545e-06
11.0	47.245303599242945	2.48e-05	0.047202181242341545	0.04720532457367173	0.04721023436341909	2.12892618034137e-06
11.0	47.245303599242945	2.5200000000000003e-05	0.04720115555291304	0.047203886761469936	0.047208136085269636	1.7676753578791288e-06
11.0	47.245303599242945	2.56e-05	0.04720046361912633	0.04720281530968209	0.04720633646434713	1.4314492627126378e-06
11.0	47.245303599242945	2.6e-05	0.04719981603169643	0.047201888305272784	0.04720477745570495	1.1559053870111338e-06
11.0	47.245303599242945	2.64e-05	0.04719931316845383	0.04720109543107856	0.04720340761514841	9.131649628781198e-07
11.0	47.245303599242945	2.68e-05	0.04719879586318321	0.04720034778106716	0.047202183187242674	7.222396154394115e-07
11.0	47.245303599242945	2.72e-05	0.04719856409423784	0.04719966842411749	0.047201067751244	5.409547622120388e-07
11.0	47.245303599242945	2.76e-05	0.04719812751335617	0.04719899642399849	0.047200030848290275	4.027195071865009e-07
11.0	47.245303599242945	2.8e-05	0.04719761996589966	0.047198335458882724	0.047199046366669606	2.9134204112694727e-07
11.0	47.245303599242945	2.8400000000000003e-05	0.04719711901460588	0.047197687028104764	0.047198090970257844	2.056378900680017e-07
11.0	47.245303599242945	2.88e-05	0.04719664111513655	0.047197052559210126	0.04719739385808541	1.7851235857665985e-07
11.0	47.245303599242945	2.92e-05	0.04719575023529732	0.04719640772783298	0.04719693518816648	2.418833624937373e-07
11.0	47.245303599242945	2.96e-05	0.047194816123837136	0.0471957564338928	0.04719656907753045	3.664857325544496e-07
11.0	47.245303599242945	2.9999999999999997e-05	0.04719381112979537	0.047195057708453995	0.047195988512775955	5.093365164939455e-07
11.0	47.245303599242945	3.04e-05	0.04719270246813245	0.047194315628793455	0.04719545056645025	7.019309948802868e-07
11.0	47.245303599242945	3.0799999999999996e-05	0.047191451989892386	0.047193411217552904	0.04719478273183686	8.999204715839023e-07
11.0	47.245303599242945	3.12e-05	0.047190019416043505	0.04719236692172337	0.04719415560076179	1.1574442484545534e-06
11.0	47.245303599242945	3.16e-05	0.047188373605671075	0.04719097482274687	0.047193179985567824	1.4345627644385285e-06
11.0	47.245303599242945	3.2e-05	0.047186518135369226	0.04718904456649273	0.04719175596149583	1.7221114007477989e-06
11.0	47.245303599242945	3.2399999999999995e-05	0.04718423561232399	0.04718472938451619	0.047185171890573585	2.34083960937595e-07
11.0	47.245303599242945	3.2800000000000004e-05	0.047177133236329105	0.04718030267279052	0.04718341027359063	1.972077381079977e-06
11.0	47.245303599242945	3.32e-05	0.04717578572239667	0.047178457486572595	0.04718178782959104	1.6929027095035572e-06
11.0	47.245303599242945	3.36e-05	0.04717496440679181	0.04717721058487972	0.04718036392628111	1.4233152089750102e-06
11.0	47.245303599242945	3.4e-05	0.04717452263557931	0.04717635990594339	0.04717915288235286	1.1774185818340468e-06
11.0	47.245303599242945	3.4399999999999996e-05	0.04717404274372061	0.04717567392155235	0.0471781369241695	9.980974246715834e-07
11.0	47.245303599242945	3.4800000000000006e-05	0.047173726710241226	0.04717518540707408	0.04717728536088828	8.353689806889965e-07
11.0	47.245303599242945	3.52e-05	0.04717343885766745	0.04717478168987525	0.04717656885480892	7.010830489436265e-07
11.0	47.245303599242945	3.56e-05	0.04717324431490688	0.04717445427558065	0.04717596132280022	5.880694984503172e-07
11.0	47.245303599242945	3.6e-05	0.04717305895082724	0.04717415577925999	0.047175441165189014	5.033656595111624e-07
11.0	47.245303599242945	3.64e-05	0.04717299187070889	0.04717390086014634	0.04717499111543333	4.258729881943762e-07
11.0	47.245303599242945	3.68e-05	0.04717282806819867	0.04717365570619763	0.04717459760990472	3.719920958223651e-07
11.0	47.245303599242945	3.72e-05	0.04717264607308902	0.047173422390527395	0.04717425008087872	3.324253135527453e-07
11.0	47.245303599242945	3.76e-05	0.047172471990837295	0.04717320145833622	0.047173940322475794	3.0182736748214955e-07
11.0	47.245303599242945	3.7999999999999995e-05	0.0471723115862277	0.04717299267277914	0.04717366196740436	2.770401273618277e-07
11.0	47.245303599242945	3.8400000000000005e-05	0.04717217045492994	0.047172799919143596	0.04717341006996989	2.573669829343883e-07
11.0	47.245303599242945	3.88e-05	0.047172053209822984	0.04717261808351059	0.04717318077833621	2.411772666673857e-07
11.0	47.245303599242945	3.9200000000000004e-05	0.04717194702536531	0.04717244908150851	0.04717297107655316	2.2909138703204304e-07
11.0	47.245303599242945	3.96e-05	0.04717183616393772	0.047172299343474194	0.04717277857430435	2.1681473789425527e-07
11.0	47.245303599242945	3.9999999999999996e-05	0.04717172165788419	0.047172162144531946	0.047172601311954665	2.0918802201846186e-07
11.0	47.245303599242945	4.0400000000000006e-05	0.047171613587633665	0.04717203298331921	0.04717243752431877	2.026523160599617e-07
11.0	47.245303599242945	4.08e-05	0.04717152672986202	0.04717191694817979	0.047172285294230676	1.9767155232551515e-07
11.0	47.245303599242945	4.12e-05	0.047171446420603225	0.04717181351650865	0.047172142325311306	1.9359089274895438e-07
11.0	47.245303599242945	4.16e-05	0.04717136776694275	0.047171727456713435	0.047172015951485236	1.9088548526208395e-07
11.0	47.245303599242945	4.2e-05	0.04717130975530548	0.04717168296195008	0.04717191701227019	1.802192812321277e-07
12.0	58.344575487007106	0.0	0.052284157974048284	0.0522871768319162	0.05228861979434818	9.847289125061938e-07
12.0	58.344575487007106	4e-07	0.052282177106445005	0.05228527775673484	0.05228678176545998	1.0238141183068417e-06
12.0	58.344575487007106	8e-07	0.05227999531225258	0.05228339570841942	0.052285266409435316	1.1498738433972384e-06
12.0	58.344575487007106	1.2000000000000002e-06	0.05227759920253128	0.05228153602773214	0.05228440452253835	1.392867691939289e-06
12.0	58.344575487007106	1.6e-06	0.05227495575227081	0.0522795737558088	0.0522827754977957	1.686945670689404e-06
12.0	58.344575487007106	2e-06	0.052272014474005424	0.05227755945259907	0.05228130935627817	2.104781738332307e-06
12.0	58.344575487007106	2.4000000000000003e-06	0.052268707150748384	0.05227531893156437	0.052279729069161895	2.591685123257717e-06
12.0	58.344575487007106	2.8000000000000003e-06	0.05226494872362775	0.052272853410473136	0.05227798374823056	3.2278296559883514e-06
12.0	58.344575487007106	3.2e-06	0.05226063137747783	0.052269719873213945	0.05227565651745003	3.909738882865223e-06
12.0	58.344575487007106	3.6e-06	0.05225566955865446	0.052266030696922386	0.052273501475520234	4.8361978957216645e-06
12.0	58.344575487007106	4e-06	0.05225002442433535	0.05226095676832777	0.05226994587874323	5.841598203328423e-06
12.0	58.344575487007106	4.4e-06	0.052243760607651346	0.052253768760861345	0.052264566631844644	6.881429087435833e-06
12.0	58.344575487007106	4.800000000000001e-06	0.052236793922416425	0.05223730156046307	0.0522377399717362	2.1496629941266846e-07
12.0	58.344575487007106	5.2e-06	0.052210416594442144	0.05222078466208501	0.05223057193627678	7.01227333252427e-06
12.0	58.344575487007106	5.600000000000001e-06	0.05220516467944325	0.05221371565837315	0.05222437988746531	5.943498647359169e-06
12.0	58.344575487007106	6e-06	0.052201805175531746	0.052208814418059794	0.05221884469067373	4.911438352156325e-06
12.0	58.344575487007106	6.4e-06	0.05219986246620145	0.052205336257449546	0.0522140198234764	3.959857868394051e-06
12.0	58.344575487007106	6.8e-06	0.05219778152310628	0.0522024435291064	0.052209855556789364	3.2484467024626273e-06
12.0	58.344575487007106	7.2e-06	0.05219632308852873	0.052200245169785844	0.05220625158709957	2.576183258493979e-06
12.0	58.344575487007106	7.6e-06	0.052194998333632725	0.05219830642623952	0.052203088539034326	2.029080970128278e-06
12.0	58.344575487007106	8e-06	0.05219388773437572	0.05219661460283279	0.0522002665834016	1.533965935597424e-06
12.0	58.344575487007106	8.4e-06	0.05219271237716061	0.05219499988786978	0.05219769965537857	1.1347915608911536e-06
12.0	58.344575487007106	8.8e-06	0.05219215954920475	0.05219350162499314	0.05219531472608541	7.446662157451932e-07
12.0	58.344575487007106	9.2e-06	0.05219117512440885	0.05219200631008318	0.052193049018251614	4.277877581413725e-07
12.0	58.344575487007106	9.600000000000001e-06	0.052190060564061724	0.052190520810439844	0.05219084665568818	1.565000034247822e-07
12.0	58.344575487007106	9.999999999999999e-06	0.05218855827944413	0.05218904846199254	0.05218940922713067	1.9891815840003804e-07
12.0	58.344575487007106	1.04e-05	0.05218638725231539	0.05218759380284856	0.05218868174931934	5.233446539725882e-07
12.0	58.344575487007106	1.08e-05	0.05218406205637205	0.05218607836517907	0.05218760521604349	8.610901671708746e-07
12.0	58.344575487007106	1.1200000000000001e-05	0.05218158145214158	0.052184523352284566	0.052186584824060134	1.2668213617923872e-06
12.0	58.344575487007106	1.16e-05	0.05217887676519428	0.05218280585792953	0.052185305188815256	1.6993804561846458e-06
12.0	58.344575487007106	1.2e-05	0.052175870511053546	0.0521809244174244	0.05218399059529499	2.2383785394311925e-06
12.0	58.344575487007106	1.24e-05	0.05217247763762867	0.05217854535625722	0.052182280064914544	2.7976445079347926e-06
12.0	58.344575487007106	1.28e-05	0.05216861234730796	0.05217574232365022	0.05218065442051145	3.532430345643808e-06
12.0	58.344575487007106	1.32e-05	0.05216424646302453	0.052171897406530277	0.0521779928188808	4.3233731249458515e-06
12.0	58.344575487007106	1.36e-05	0.05215942570040433	0.05216645479311434	0.052173965040418935	5.139477213160602e-06
12.0	58.344575487007106	1.4e-05	0.05215357591182723	0.05215400175853689	0.05215437971073911	1.8601093786694594e-07
12.0	58.344575487007106	1.44e-05	0.05213325842683503	0.05214144970626612	0.05214931697065062	5.369594214090976e-06
12.0	58.344575487007106	1.48e-05	0.05212931803348386	0.05213609331708752	0.05214459040840058	4.56018730879658e-06
12.0	58.344575487007106	1.52e-05	0.052126811256087535	0.052132390139715656	0.05214037487764234	3.7773382174010903e-06
12.0	58.344575487007106	1.56e-05	0.05212537620853386	0.05212977331484476	0.05213670985754959	3.056374858389078e-06
12.0	58.344575487007106	1.6e-05	0.052123828181988685	0.05212760376273946	0.05213355989084256	2.5185258139329916e-06
12.0	58.344575487007106	1.6400000000000002e-05	0.0521227677417313	0.05212596519853782	0.052130840530898226	2.013488873970436e-06
12.0	58.344575487007106	1.68e-05	0.05212177239599658	0.05212452894944457	0.05212846428287499	1.6012988037737257e-06
12.0	58.344575487007106	1.7199999999999998e-05	0.05212096741533401	0.05212328356034874	0.05212635504877028	1.2319738104404975e-06
12.0	58.344575487007106	1.76e-05	0.052120124357331044	0.05212209942125732	0.05212444753813017	9.367398500103792e-07
12.0	58.344575487007106	1.8e-05	0.052119732501314076	0.05212100783218041	0.052122686711584265	6.519200180775789e-07
12.0	58.344575487007106	1.84e-05	0.052119022551455174	0.05211992136912283	0.0521210256828013	4.273857812871997e-07
12.0	58.344575487007106	1.88e-05	0.05211820894438013	0.052118845345120214	0.052119423217309446	2.4493734942120464e-07
12.0	58.344575487007106	1.9200000000000003e-05	0.05211738912440911	0.052117782181866745	0.052118105951856286	1.665329083826299e-07
12.0	58.344575487007106	1.9600000000000002e-05	0.05211592040612967	0.05211673483877682	0.05211750003959548	3.1622297303538765e-07
12.0	58.344575487007106	1.9999999999999998e-05	0.052114392411622745	0.052115651752821235	0.05211670028988724	5.355198191541179e-07
12.0	58.344575487007106	2.04e-05	0.0521127610722365	0.05211454549434075	0.052116005360462125	8.096556082338138e-07
12.0	58.344575487007106	2.08e-05	0.05211092096451431	0.05211333381507967	0.052115093307289584	1.1020909915390889e-06
12.0	58.344575487007106	2.12e-05	0.0521088311640403	0.05211201785914398	0.05211415928025964	1.4713693196850409e-06
12.0	58.344575487007106	2.16e-05	0.05210648821045272	0.05211037023949197	0.052112934195376326	1.8525592218907878e-06
12.0	58.344575487007106	2.2e-05	0.052103832343462386	0.05210843929139693	0.052111804054714383	2.351692763514756e-06
12.0	58.344575487007106	2.2400000000000002e-05	0.0521008441406261	0.05210581023125736	0.05210997806868711	2.888598576868954e-06
12.0	58.344575487007106	2.28e-05	0.05209733617606638	0.052102108306365	0.05210724640472986	3.4432909761829574e-06
12.0	58.344575487007106	2.32e-05	0.05209319826288006	0.05209368820560445	0.052094125570508076	2.2619670798444368e-07
12.0	58.344575487007106	2.36e-05	0.05207944607677106	0.052085163896950636	0.05209069613468653	3.68478665337954e-06
12.0	58.344575487007106	2.4e-05	0.052076794066868715	0.05208154806012741	0.0520875053920129	3.1379500165154918e-06
12.0	58.344575487007106	2.44e-05	0.05207512423571803	0.05207906223135734	0.05208467101892289	2.6092543808821e-06
12.0	58.344575487007106	2.48e-05	0.052074186042957216	0.05207732038651564	0.05208221877375063	2.1236086597343543e-06
12.0	58.344575487007106	2.5200000000000003e-05	0.05207316392949757	0.05207588561677435	0.052080125007657685	1.763323229573749e-06
12.0	58.344575487007106	2.56e-05	0.05207247385856473	0.0520748163722791	0.05207832942016477	1.427916087056762e-06
12.0	58.344575487007106	2.6e-05	0.05207182848367253	0.052073890974634725	0.05207677397279298	1.15341981342216e-06
12.0	58.344575487007106	2.64e-05	0.05207132515976909	0.0520730997282864	0.052075407326173995	9.112706255756059e-07
12.0	58.344575487007106	2.68e-05	0.05207080729217406	0.0520723536926401	0.05207418581953327	7.208301246780531e-07
12.0	58.344575487007106	2.72e-05	0.05207057595968134	0.05207167592360809	0.05207307311377285	5.399131357773352e-07
12.0	58.344575487007106	2.76e-05	0.05207014023312162	0.05207100555093387	0.05207203881948086	4.019249902984303e-07
12.0	58.344575487007106	2.8e-05	0.052069634811571675	0.05207034631631276	0.05207105688461766	2.9055723740000195e-07
12.0	58.344575487007106	2.8400000000000003e-05	0.0520691361044765	0.05206969971272737	0.05207010402599366	2.0450248037104782e-07
12.0	58.344575487007106	2.88e-05	0.052068659436379505	0.052069067087387705	0.052069407342790974	1.7675744832779297e-07
12.0	58.344575487007106	2.92e-05	0.0520677710658326	0.052068424263799575	0.05206894403267537	2.3998854707129047e-07
12.0	58.344575487007106	2.96e-05	0.05206683963512582	0.05206777507780472	0.05206857936416931	3.6451489248059187e-07
12.0	58.344575487007106	2.9999999999999997e-05	0.05206583755952732	0.052067078906309204	0.05206800624993413	5.077086994132348e-07
12.0	58.344575487007106	3.04e-05	0.052064732139693426	0.05206633921841746	0.05206747208733997	6.999673694523438e-07
12.0	58.344575487007106	3.0799999999999996e-05	0.05206348533918792	0.05206543762758591	0.052066804830511515	8.976661981823117e-07
12.0	58.344575487007106	3.12e-05	0.05206205701937172	0.05206439642777458	0.05206618128833096	1.154732833290677e-06
12.0	58.344575487007106	3.16e-05	0.0520604161871816	0.052063008029841755	0.05206520828854	1.4309913171231608e-06
12.0	58.344575487007106	3.2e-05	0.05205856650344476	0.052061082631954525	0.05206378681512458	1.717203301010063e-06
12.0	58.344575487007106	3.2399999999999995e-05	0.052056287905007714	0.05205678004594648	0.05205722200308749	2.3275871559186983e-07
12.0	58.344575487007106	3.2800000000000004e-05	0.05204921550511088	0.05205236980253235	0.052055466370817705	1.9644390447848937e-06
12.0	58.344575487007106	3.32e-05	0.052047874570829045	0.052050532321359824	0.05205384965188209	1.6857350503005814e-06
12.0	58.344575487007106	3.36e-05	0.052047056579288764	0.05204929050731313	0.052052430925630055	1.4170146213935075e-06
12.0	58.344575487007106	3.4e-05	0.052046616273858426	0.05204844304144718	0.052051224995369516	1.1722171603179901e-06
12.0	58.344575487007106	3.4399999999999996e-05	0.05204613799267044	0.052047759535300955	0.052050212893412606	9.937333012186437e-07
12.0	58.344575487007106	3.4800000000000006e-05	0.0520458235359218	0.052047272721191855	0.052049364634208395	8.316846155278437e-07
12.0	58.344575487007106	3.52e-05	0.05204553753295027	0.05204687009890894	0.0520486509709821	6.982904914002976e-07
12.0	58.344575487007106	3.56e-05	0.052045342165391695	0.052046543801097585	0.05204804591078549	5.857486226694559e-07
12.0	58.344575487007106	3.6e-05	0.052045155755696015	0.052046246391697186	0.05204752793342937	5.01427051017612e-07
12.0	58.344575487007106	3.64e-05	0.05204508889169279	0.05204599251537371	0.05204707983795309	4.2421433158968814e-07
12.0	58.344575487007106	3.68e-05	0.052044926336534125	0.05204574841979912	0.052046688112409534	3.705386047928894e-07
12.0	58.344575487007106	3.72e-05	0.05204474538903714	0.0520455162402125	0.05204634222806703	3.310402801316898e-07
12.0	58.344575487007106	3.76e-05	0.052044573112255854	0.05204529651617612	0.05204603400685226	3.0039198703379403e-07
12.0	58.344575487007106	3.7999999999999995e-05	0.05204441500005519	0.052045088935559584	0.052045757099444145	2.7553633519763035e-07
12.0	58.344575487007106	3.8400000000000005e-05	0.05204427614580709	0.05204489745798784	0.05204550656935769	2.557185664717745e-07
12.0	58.344575487007106	3.88e-05	0.05204416076277418	0.05204471692976856	0.052045278566043685	2.3937884030125493e-07
12.0	58.344575487007106	3.9200000000000004e-05	0.05204405485325747	0.052044549502948186	0.05204507006764292	2.2714527838827709e-07
12.0	58.344575487007106	3.96e-05	0.05204394445209193	0.05204440098750195	0.052044878671628325	2.1477401494403962e-07
12.0	58.344575487007106	3.9999999999999996e-05	0.052043830995107676	0.05204426497985019	0.05204470240170611	2.0701721207982971e-07
12.0	58.344575487007106	4.0400000000000006e-05	0.0520437243512486	0.05204413688787693	0.05204453947700127	2.003837578810146e-07
12.0	58.344575487007106	4.08e-05	0.05204363879520013	0.05204402157493515	0.052044387982972395	1.953974153016688e-07
12.0	58.344575487007106	4.12e-05	0.05204355815301476	0.05204391852529247	0.052044245697995706	1.9133941168251583e-07
12.0	58.344575487007106	4.16e-05	0.052043478039611735	0.052043832225413575	0.052044118907546455	1.8871098749003583e-07
12.0	58.344575487007106	4.2e-05	0.05204341722742889	0.05204378828655925	0.05204402324338275	1.7923111138229027e-07
13.0	69.44384737477127	0.0	0.05662606071253684	0.05662907980785887	0.05663052280112435	9.844572291599785e-07
13.0	69.44384737477127	4e-07	0.05662407986988249	0.05662718080068835	0.05662868551720823	1.0235397220384645e-06
13.0	69.44384737477127	8e-07	0.05662189816674701	0.05662529893178672	0.05662717066866829	1.149588696143722e-06
13.0	69.44384737477127	1.2000000000000002e-06	0.05661950221277756	0.056623439472643075	0.056626309051696744	1.3925293580096534e-06
13.0	69.44384737477127	1.6e-06	0.0566168589843965	0.05662147754546567	0.0566246818714351	1.6866375521446437e-06
13.0	69.44384737477127	2e-06	0.05661391799843063	0.0566194636559649	0.056623217274445636	2.1044740255235503e-06
13.0	69.44384737477127	2.4000000000000003e-06	0.05661061104674481	0.056617223834680354	0.056621634679901334	2.5917149943452537e-06
13.0	69.44384737477127	2.8000000000000003e-06	0.05660685308672164	0.05661475881077769	0.05661989148711477	3.2278570095814367e-06
13.0	69.44384737477127	3.2e-06	0.056602538685746495	0.05661162582408544	0.05661756365176984	3.909842375849913e-06
13.0	69.44384737477127	3.6e-06	0.056597577476817484	0.05660793715409963	0.05661541029556538	4.836345458165683e-06
13.0	69.44384737477127	4e-06	0.05659193312844746	0.05660286357519826	0.05661185502759647	5.841506206495049e-06
13.0	69.44384737477127	4.4e-06	0.05658567032687234	0.05659567586487885	0.05660647525881046	6.880722250484254e-06
13.0	69.44384737477127	4.800000000000001e-06	0.05657870147635524	0.05657921091845131	0.05657965232237672	2.1616478232119485e-07
13.0	69.44384737477127	5.2e-06	0.05655233730929332	0.05656269916284498	0.05657248306260332	7.009932603221461e-06
13.0	69.44384737477127	5.600000000000001e-06	0.056547088293183556	0.05655563306071713	0.056566292796302875	5.9410221512882385e-06
13.0	69.44384737477127	6e-06	0.056543729997948766	0.056550733710314875	0.05656075932414151	4.909188787300531e-06
13.0	69.44384737477127	6.4e-06	0.056541786496230095	0.056547256653712054	0.05655593604414211	3.958087695887823e-06
13.0	69.44384737477127	6.8e-06	0.056539707177622134	0.05654436473026854	0.05655177388155863	3.2470811183838755e-06
13.0	69.44384737477127	7.2e-06	0.05653824729193602	0.056542166925734605	0.05654817111528665	2.5751264927431927e-06
13.0	69.44384737477127	7.6e-06	0.05653692562712642	0.05654022842322587	0.056545009171828475	2.028610668506382e-06
13.0	69.44384737477127	8e-06	0.056535814100470816	0.05653853702316596	0.05654218824901136	1.5337270257921248e-06
13.0	69.44384737477127	8.4e-06	0.0565346375747362	0.05653692277263538	0.056539622310133986	1.1347726340196026e-06
13.0	69.44384737477127	8.8e-06	0.05653408484993161	0.056535425042762405	0.05653723835282243	7.447905487166166e-07
13.0	69.44384737477127	9.2e-06	0.05653310061302452	0.056533930305096174	0.05653497362387938	4.2800942757986035e-07
13.0	69.44384737477127	9.600000000000001e-06	0.05653198731991793	0.056532445482065756	0.05653277226899167	1.564104840154845e-07
13.0	69.44384737477127	9.999999999999999e-06	0.056530486436908944	0.05653097390743048	0.056531331943291185	1.9790272304214044e-07
13.0	69.44384737477127	1.04e-05	0.05652831422570337	0.056529520058083836	0.056530606839566566	5.223885470704434e-07
13.0	69.44384737477127	1.08e-05	0.056525990207433985	0.056528005575838494	0.056529525780648626	8.601188459506963e-07
13.0	69.44384737477127	1.1200000000000001e-05	0.05652351090979213	0.05652645160715954	0.056528506014993596	1.265737821915812e-06
13.0	69.44384737477127	1.16e-05	0.056520807696448294	0.05652473551334302	0.056527233474376715	1.698527560696252e-06
13.0	69.44384737477127	1.2e-05	0.05651780313168331	0.05652285533974608	0.05652592136663692	2.2373261735972198e-06
13.0	69.44384737477127	1.24e-05	0.05651441310279992	0.05652047780924885	0.05652421093176585	2.7964626728615815e-06
13.0	69.44384737477127	1.28e-05	0.056510550069900134	0.05651767643975075	0.05652258897002849	3.531011450682739e-06
13.0	69.44384737477127	1.32e-05	0.0565061868305623	0.05651383346089631	0.056519928803186126	4.3214013410872405e-06
13.0	69.44384737477127	1.36e-05	0.056501369134613455	0.056508393395846734	0.05651590216119384	5.136559400718819e-06
13.0	69.44384737477127	1.4e-05	0.05649552240041622	0.056495947786695366	0.056496326104165995	1.8547833607149963e-07
13.0	69.44384737477127	1.44e-05	0.05647522451748088	0.05648340608100877	0.05649126712888375	5.364982699604787e-06
13.0	69.44384737477127	1.48e-05	0.056471288670106645	0.05647805482260221	0.05648654426550692	4.555766685723901e-06
13.0	69.44384737477127	1.52e-05	0.0564687841460092	0.056474355077293564	0.05648233216754672	3.7734615879493372e-06
13.0	69.44384737477127	1.56e-05	0.05646734890671112	0.05647174044587452	0.056478670218353066	3.053267374775952e-06
13.0	69.44384737477127	1.6e-05	0.056465803161714234	0.056469572601520975	0.05647552292418023	2.5160377771890872e-06
13.0	69.44384737477127	1.6400000000000002e-05	0.05646474170571292	0.0564679352749134	0.05647280591789894	2.011506216446765e-06
13.0	69.44384737477127	1.68e-05	0.056463749890983905	0.056466499864661575	0.056470431775959895	1.6000491965081764e-06
13.0	69.44384737477127	1.7199999999999998e-05	0.05646294432580312	0.05646525541573438	0.05646832445902916	1.2310875192012844e-06
13.0	69.44384737477127	1.76e-05	0.056462100442575824	0.056464072230243564	0.056466418731711876	9.361687043084991e-07
13.0	69.44384737477127	1.8e-05	0.05646170886614499	0.05646298162261517	0.056464659603579825	6.515631194567862e-07
13.0	69.44384737477127	1.84e-05	0.05646099941331251	0.0564618961815678	0.05646300023114659	4.271482986957263e-07
13.0	69.44384737477127	1.88e-05	0.0564601874370112	0.056460821272066065	0.056461399417928604	2.445053939603244e-07
13.0	69.44384737477127	1.9200000000000003e-05	0.05645936911236227	0.05645975931203975	0.05646008123583268	1.6529792086755833e-07
13.0	69.44384737477127	1.9600000000000002e-05	0.056457902022120976	0.0564587131987102	0.05645947712615573	3.149120199370233e-07
13.0	69.44384737477127	1.9999999999999998e-05	0.05645637577428797	0.0564576314959882	0.05645867307580321	5.342255613953988e-07
13.0	69.44384737477127	2.04e-05	0.05645474634106318	0.05645652671098897	0.056457979652056345	8.082161591935825e-07
13.0	69.44384737477127	2.08e-05	0.0564529060511596	0.05645531688906744	0.05645707338644712	1.1008321077370733e-06
13.0	69.44384737477127	2.12e-05	0.05645081866460622	0.056454002684243915	0.056456142335902904	1.469809289171547e-06
13.0	69.44384737477127	2.16e-05	0.05644847847421186	0.056452357182183374	0.05645491763479793	1.8507623967496594e-06
13.0	69.44384737477127	2.2e-05	0.056445826364298846	0.0564504285671797	0.056453790232819046	2.349509633744477e-06
13.0	69.44384737477127	2.2400000000000002e-05	0.05644284181650061	0.05644780232851047	0.056451966250660846	2.8856958363375955e-06
13.0	69.44384737477127	2.28e-05	0.05643934038706533	0.05644410416537638	0.05644923648931499	3.4392607337200627e-06
13.0	69.44384737477127	2.32e-05	0.05643520509707045	0.05643569420103486	0.056436131659673094	2.2534203922329325e-07
13.0	69.44384737477127	2.36e-05	0.056421476947097204	0.05642718300416828	0.05643270706297354	3.6789143498428786e-06
13.0	69.44384737477127	2.4e-05	0.05641883033995487	0.05642357345148956	0.0564295210014123	3.1324266648110586e-06
13.0	69.44384737477127	2.44e-05	0.056417163261500036	0.056421091826619835	0.0564266909152078	2.6044324035923927e-06
13.0	69.44384737477127	2.48e-05	0.056416225139677145	0.05641935269259114	0.05642424246003053	2.1196980224495886e-06
13.0	69.44384737477127	2.5200000000000003e-05	0.05641520560293145	0.056417920040177164	0.056422151936074805	1.7601347888811261e-06
13.0	69.44384737477127	2.56e-05	0.05641451692265953	0.05641685231773975	0.056420359207773885	1.425320181094443e-06
13.0	69.44384737477127	2.6e-05	0.05641387301108658	0.056415927986895806	0.05641880628086593	1.1516118962044982e-06
13.0	69.44384737477127	2.64e-05	0.05641336923147122	0.056415137856028766	0.05641744189046616	9.098768130298462e-07
13.0	69.44384737477127	2.68e-05	0.05641285060328638	0.05641439292590362	0.05641622244356537	7.197846282035769e-07
13.0	69.44384737477127	2.72e-05	0.05641261960327526	0.05641371625858961	0.056415111659653405	5.391098469954391e-07
13.0	69.44384737477127	2.76e-05	0.05641218446733198	0.05641304701830281	0.05641407919908126	4.0127593761106236e-07
13.0	69.44384737477127	2.8e-05	0.056411680810334985	0.05641238899604737	0.056413099052337046	2.8987769767348104e-07
13.0	69.44384737477127	2.8400000000000003e-05	0.05641118374171494	0.056411743680292524	0.05641214797363059	2.0350902339013144e-07
13.0	69.44384737477127	2.88e-05	0.056410707792230674	0.05641111235720805	0.05641145143487414	1.7527525521900795e-07
13.0	69.44384737477127	2.92e-05	0.05640982118700322	0.05641047096622798	0.056410984466023883	2.3847404532845275e-07
13.0	69.44384737477127	2.96e-05	0.056408891641071435	0.056409823282712525	0.05641062083614834	3.6300974936969574e-07
13.0	69.44384737477127	2.9999999999999997e-05	0.05640789161425097	0.05640912896174858	0.056410053387210723	5.065433244324686e-07
13.0	69.44384737477127	3.04e-05	0.05640678846558167	0.056408390980068904	0.05640952219010842	6.986043291610169e-07
13.0	69.44384737477127	3.0799999999999996e-05	0.05640554423687494	0.05640749139227758	0.056408855256674606	8.961582113990921e-07
13.0	69.44384737477127	3.12e-05	0.05640411888963559	0.05640645234544416	0.0564082343257688	1.15294126730621e-06
13.0	69.44384737477127	3.16e-05	0.056402481540144045	0.05640506644874465	0.05640726315931932	1.4285798064110996e-06
13.0	69.44384737477127	3.2e-05	0.0564006359187319	0.05640314428373065	0.05640584320530362	1.7137527628972666e-06
13.0	69.44384737477127	3.2399999999999995e-05	0.05639835964565343	0.056398850466518484	0.056399291873734825	2.3164547533361918e-07
13.0	69.44384737477127	3.2800000000000004e-05	0.056391309064844464	0.056394452036180744	0.056397540493243525	1.9589507298880117e-06
13.0	69.44384737477127	3.32e-05	0.0563899730352313	0.056392620217631674	0.056395927863476025	1.6804821158649984e-06
13.0	69.44384737477127	3.36e-05	0.05638915738315742	0.056391382124028736	0.05639451285061092	1.412356716229557e-06
13.0	69.44384737477127	3.4e-05	0.05638871823471803	0.0563905369715793	0.056393310631602134	1.168362476495951e-06
13.0	69.44384737477127	3.4399999999999996e-05	0.056388240910323795	0.05638985521220527	0.05639230130946338	9.905164156932956e-07
13.0	69.44384737477127	3.4800000000000006e-05	0.05638792768476453	0.05638936958756285	0.05639145543392576	8.289692107523174e-07
13.0	69.44384737477127	3.52e-05	0.05638764281366715	0.05638896769865491	0.056390743822608336	6.962522365034043e-07
13.0	69.44384737477127	3.56e-05	0.05638744680636343	0.056388642182968456	0.056390140547564194	5.840444753226771e-07
13.0	69.44384737477127	3.6e-05	0.0563872593128556	0.05638834553380728	0.05638962414646631	5.000053391665534e-07
13.0	69.44384737477127	3.64e-05	0.056387192697170185	0.05638809240281082	0.05638917746638583	4.229835595743253e-07
13.0	69.44384737477127	3.68e-05	0.056387031338482	0.05638784906697311	0.05638878703335681	3.694505200439005e-07
13.0	69.44384737477127	3.72e-05	0.056386851140262095	0.056387617709512075	0.056388442347344636	3.299954688701065e-07
13.0	69.44384737477127	3.76e-05	0.056386680209608464	0.056387398865851146	0.05638813525071029	2.993030935104499e-07
13.0	69.44384737477127	3.7999999999999995e-05	0.05638652380451337	0.05638719216636816	0.05638785940721025	2.74392977248698e-07
13.0	69.44384737477127	3.8400000000000005e-05	0.056386386599733385	0.056387001640381074	0.05638760988680236	2.5445364743372936e-07
13.0	69.44384737477127	3.88e-05	0.05638627247694217	0.05638682208709972	0.056387382839229616	2.3799696619065835e-07
13.0	69.44384737477127	3.9200000000000004e-05	0.056386166792017356	0.05638665586833367	0.05638717523712433	2.2563541008637041e-07
13.0	69.44384737477127	3.96e-05	0.056386056968315224	0.056386508301634386	0.05638698466697534	2.1316816287464958e-07
13.0	69.44384737477127	3.9999999999999996e-05	0.05638594432919852	0.056386373247201284	0.05638680913668548	2.052858617959128e-07
13.0	69.44384737477127	4.0400000000000006e-05	0.05638583878200265	0.056386245995576	0.056386646847137456	1.9856694853021595e-07
13.0	69.44384737477127	4.08e-05	0.05638575407393187	0.0563861312633354	0.05638649587192557	1.93559770389033e-07
13.0	69.44384737477127	4.12e-05	0.056385673279200965	0.056386028520779306	0.056386354014310136	1.8950560449892257e-07
13.0	69.44384737477127	4.16e-05	0.05638559150063216	0.056385942020859676	0.0563862270478559	1.869257564166199e-07
13.0	69.44384737477127	4.2e-05	0.05638552695843302	0.0563858970158106	0.05638613306332374	1.7889283480065294e-07
14.0	80.54311926253543	0.0	0.06054798526025351	0.06055100483777037	0.060552448139899795	9.84368700460174e-07
14.0	80.54311926253543	4e-07	0.06054600443339986	0.06054910588543401	0.06055061135374373	1.0234488811415926e-06
14.0	80.54311926253543	8e-07	0.0605438227876931	0.0605472241597753	0.060549096894011	1.1494882509150197e-06
14.0	80.54311926253543	1.2000000000000002e-06	0.0605414269310538	0.06054536487550033	0.06054823542595056	1.3923838600443114e-06
14.0	80.54311926253543	1.6e-06	0.0605387838394682	0.06054340322182791	0.06054660990366756	1.6865259976170405e-06
14.0	80.54311926253543	2e-06	0.060535843030815606	0.060541389651288406	0.060545146509496384	2.104367382848503e-06
14.0	80.54311926253543	2.4000000000000003e-06	0.060532536300913264	0.06053915037717238	0.06054356200133526	2.591904043337167e-06
14.0	80.54311926253543	2.8000000000000003e-06	0.06052877861643591	0.060536685720121185	0.060541820621719644	3.2280659044611574e-06
14.0	80.54311926253543	3.2e-06	0.06052446629318453	0.06053355311784038	0.06053949231880562	3.910153140808917e-06
14.0	80.54311926253543	3.6e-06	0.060519505427753195	0.06052986474840638	0.06053734023726509	4.836722986508918e-06
14.0	80.54311926253543	4e-06	0.06051386153651972	0.06052479126050819	0.06053378518520702	5.84170826101967e-06
14.0	80.54311926253543	4.4e-06	0.0605075993517632	0.06051760348786949	0.060528404779248035	6.880411849818415e-06
14.0	80.54311926253543	4.800000000000001e-06	0.06050062848621174	0.06050113976908089	0.060501583913016965	2.1732567493784836e-07
14.0	80.54311926253543	5.2e-06	0.060474274764551694	0.06048463162645729	0.06049441286547541	7.0082684859954325e-06
14.0	80.54311926253543	5.600000000000001e-06	0.0604690279504565	0.06047756768077892	0.060488223805987396	5.939159396412898e-06
14.0	80.54311926253543	6e-06	0.06046567045020712	0.06047266970620124	0.06048269151236241	4.907457129706752e-06
14.0	80.54311926253543	6.4e-06	0.060463726257210304	0.06046919340392351	0.060477869319025324	3.9567104051207675e-06
14.0	80.54311926253543	6.8e-06	0.060461648084737085	0.06046630198485852	0.060473708649170455	3.246023308298522e-06
14.0	80.54311926253543	7.2e-06	0.060460186830542106	0.06046410450377878	0.06047010669256192	2.574295388785181e-06
14.0	80.54311926253543	7.6e-06	0.060458867613269796	0.06046216607119615	0.06046694548404741	2.028240410181695e-06
14.0	80.54311926253543	8e-06	0.06045775530875197	0.06046047490166008	0.060464125239945155	1.5335142042342693e-06
14.0	80.54311926253543	8.4e-06	0.06045657759737644	0.06045886090929473	0.06046155994317104	1.1347186710843933e-06
14.0	80.54311926253543	8.8e-06	0.06045602499102909	0.060457363497402536	0.06045917660975775	7.448203153975844e-07
14.0	80.54311926253543	9.2e-06	0.06045504085807263	0.06045586910923461	0.06045691250282559	4.2808437653582044e-07
14.0	80.54311926253543	9.600000000000001e-06	0.06045392867606836	0.06045438471118254	0.06045471178228912	1.5618484454625907e-07
14.0	80.54311926253543	9.999999999999999e-06	0.060452428421707616	0.06045291363552308	0.060453269373055285	1.9713557603973484e-07
14.0	80.54311926253543	1.04e-05	0.06045025446828234	0.060451460311210584	0.06045254596313132	5.217498815587134e-07
14.0	80.54311926253543	1.08e-05	0.06044793116541847	0.06044994646197924	0.0604514612901097	8.595199386166246e-07
14.0	80.54311926253543	1.1200000000000001e-05	0.06044545265414314	0.06044839318321256	0.06045044188258508	1.2650953836056013e-06
14.0	80.54311926253543	1.16e-05	0.060442750319892546	0.060446678048431894	0.06044917519135584	1.6981384507965248e-06
14.0	80.54311926253543	1.2e-05	0.060439746755780455	0.06044479869400185	0.06044786500593702	2.2368502538179683e-06
14.0	80.54311926253543	1.24e-05	0.060436358545728375	0.06044242212397971	0.06044615453317892	2.795977063950712e-06
14.0	80.54311926253543	1.28e-05	0.06043249683608298	0.06043962173323226	0.06044453547584183	3.5304338971196635e-06
14.0	80.54311926253543	1.32e-05	0.06042813515636869	0.060435779777398266	0.06044187618515018	4.320469881051868e-06
14.0	80.54311926253543	1.36e-05	0.06042331929134459	0.060430340970006956	0.0604378499076601	5.134925355988028e-06
14.0	80.54311926253543	1.4e-05	0.060417474835729124	0.06041789961945808	0.06041827798595811	1.849080643450969e-07
14.0	80.54311926253543	1.44e-05	0.060397190056332484	0.0604053645708605	0.060413221348528445	5.361970268906044e-06
14.0	80.54311926253543	1.48e-05	0.06039325733241352	0.060400016771230615	0.06040850080993021	4.552746943330433e-06
14.0	80.54311926253543	1.52e-05	0.060390754191545604	0.06039631930107554	0.060404290885332834	3.770757659277525e-06
14.0	80.54311926253543	1.56e-05	0.06038931865346697	0.06039370605942145	0.060400630885239615	3.0510828554582563e-06
14.0	80.54311926253543	1.6e-05	0.06038777439961507	0.06039153924305544	0.060397485296945774	2.5142970372568225e-06
14.0	80.54311926253543	1.6400000000000002e-05	0.06038671184554012	0.06038990263465258	0.06039476977311686	2.0101044017464798e-06
14.0	80.54311926253543	1.68e-05	0.060385722683800935	0.06038846764043964	0.06039239695040788	1.5991859681497774e-06
14.0	80.54311926253543	1.7199999999999998e-05	0.06038491657942924	0.060387223720223045	0.0603902908266063	1.2304513309446124e-06
14.0	80.54311926253543	1.76e-05	0.060384071704886466	0.06038604107354756	0.06038838620174669	9.357383126614219e-07
14.0	80.54311926253543	1.8e-05	0.06038368038983588	0.06038495104033408	0.06038662811690987	6.512427619366561e-07
14.0	80.54311926253543	1.84e-05	0.06038297123208025	0.06038386620184323	0.06038496975583563	4.2686673111531545e-07
14.0	80.54311926253543	1.88e-05	0.060382160581848865	0.06038279196497129	0.06038336994555227	2.4400900764215725e-07
14.0	80.54311926253543	1.9200000000000003e-05	0.06038134287214536	0.060381730745088354	0.060382051057009	1.641979576121576e-07
14.0	80.54311926253543	1.9600000000000002e-05	0.060379876763910545	0.0603806853908995	0.06038144810344814	3.139402549676153e-07
14.0	80.54311926253543	1.9999999999999998e-05	0.06037835156617	0.06037960455850239	0.06038064088493211	5.333696290765536e-07
14.0	80.54311926253543	2.04e-05	0.060376723272103305	0.06037850069893886	0.06037994820446002	8.073241183761496e-07
14.0	80.54311926253543	2.08e-05	0.06037488176842398	0.06037729208454821	0.060379046199403597	1.1001790262102721e-06
14.0	80.54311926253543	2.12e-05	0.060372795781372446	0.06037597896550101	0.060378117335872616	1.4690238446409684e-06
14.0	80.54311926253543	2.16e-05	0.06037045718802592	0.06037433474645814	0.06037689274390168	1.8499169719887673e-06
14.0	80.54311926253543	2.2e-05	0.06036780731615998	0.060372407471896226	0.06037576705547387	2.348491035486722e-06
14.0	80.54311926253543	2.2400000000000002e-05	0.06036482487451167	0.06036978273649048	0.060373944260207146	2.884237026377528e-06
14.0	80.54311926253543	2.28e-05	0.06036132835973085	0.06036608648813788	0.060371215310579096	3.4370056297581418e-06
14.0	80.54311926253543	2.32e-05	0.06035719395799877	0.0603576822455601	0.060358119645785635	2.2454362264413545e-07
14.0	80.54311926253543	2.36e-05	0.06034348114454424	0.0603491791642396	0.060354697960777415	3.6752317314739543e-06
14.0	80.54311926253543	2.4e-05	0.06034083801951429	0.060345573674971724	0.06035151474539546	3.128821786198136e-06
14.0	80.54311926253543	2.44e-05	0.060339172545344155	0.06034309472657469	0.06034868728282827	2.601226320272131e-06
14.0	80.54311926253543	2.48e-05	0.06033823437157526	0.060341357253207197	0.06034624115291454	2.117078546348653e-06
14.0	80.54311926253543	2.5200000000000003e-05	0.06033721638755818	0.06033992583624394	0.06034415252865166	1.7580138640624194e-06
14.0	80.54311926253543	2.56e-05	0.06033652874589901	0.06033885897381186	0.06034236154191319	1.4235839760193146e-06
14.0	80.54311926253543	2.6e-05	0.060335885487459606	0.06033793517659614	0.06034081014417669	1.150430271743262e-06
14.0	80.54311926253543	2.64e-05	0.060335381308366465	0.06033714566243602	0.060339447116160905	9.089415396139227e-07
14.0	80.54311926253543	2.68e-05	0.06033486172021707	0.06033640134402805	0.06033822890705043	7.190674065768139e-07
14.0	80.54311926253543	2.72e-05	0.060334631109502546	0.06033572530745377	0.060337119272957374	5.385120726790879e-07
14.0	80.54311926253543	2.76e-05	0.060334196349880465	0.06033505671780738	0.060336087905115576	4.007433602652768e-07
14.0	80.54311926253543	2.8e-05	0.06033369408752964	0.060334399406383424	0.06033510881992843	2.892719119767645e-07
14.0	80.54311926253543	2.8400000000000003e-05	0.06033319810270221	0.060333754858462305	0.060334158793749815	2.0261798383112401e-07
14.0	80.54311926253543	2.88e-05	0.06033272217556451	0.06033312431243281	0.060333462124310344	1.7402658302378505e-07
14.0	80.54311926253543	2.92e-05	0.060331836612787626	0.060332483796788274	0.0603329923810243	2.3730967088363982e-07
14.0	80.54311926253543	2.96e-05	0.06033090817630793	0.06033183702948059	0.06033262931643968	3.619436993976408e-07
14.0	80.54311926253543	2.9999999999999997e-05	0.060329909348727284	0.06033114388349406	0.06033206581269557	5.058276500583833e-07
14.0	80.54311926253543	3.04e-05	0.060328807520071415	0.06033040694621713	0.06033153669850666	6.978351166379768e-07
14.0	80.54311926253543	3.0799999999999996e-05	0.06032756477616896	0.06032950856565056	0.06033086991284353	8.953944510561503e-07
14.0	80.54311926253543	3.12e-05	0.06032614113891466	0.06032847074185914	0.06033025047118734	1.1520622832232563e-06
14.0	80.54311926253543	3.16e-05	0.060324505796776506	0.060327086163760084	0.060329280386943296	1.4273242914346056e-06
14.0	80.54311926253543	3.2e-05	0.06032266253730523	0.06032516561434048	0.06032786111004462	1.7117601756213558e-06
14.0	80.54311926253543	3.2399999999999995e-05	0.06032038698077269	0.0603208767637073	0.06032131779989758	2.307277809600475e-07
14.0	80.54311926253543	3.2800000000000004e-05	0.06031335006194194	0.0603164856290378	0.060319568984440686	1.9555401595416965e-06
14.0	80.54311926253543	3.32e-05	0.060312017119128924	0.06031465749168825	0.06031795885316171	1.677086910494269e-06
14.0	80.54311926253543	3.36e-05	0.06031120282489155	0.06031342178183802	0.0603165461298687	1.4092989396577932e-06
14.0	80.54311926253543	3.4e-05	0.06031076470504093	0.06031257806448913	0.0603153460278536	1.165816732224575e-06
14.0	80.54311926253543	3.4399999999999996e-05	0.06031028758420298	0.06031189732760395	0.060314338424444	9.884212479996944e-07
14.0	80.54311926253543	3.4800000000000006e-05	0.06030997536949023	0.06031141238045743	0.06031349402518771	8.272084772423397e-07
14.0	80.54311926253543	3.52e-05	0.060309690884838396	0.06031101086045743	0.06031278368579418	6.949587381206816e-07
14.0	80.54311926253543	3.56e-05	0.06030949450919998	0.060310685795349615	0.06031218151849327	5.82945966078016e-07
14.0	80.54311926253543	3.6e-05	0.06030930590833261	0.0603103895839586	0.06031166609755623	4.99086687353105e-07
14.0	80.54311926253543	3.64e-05	0.060309239804351655	0.06031013690822809	0.060311220300852675	4.2215809475174755e-07
14.0	80.54311926253543	3.68e-05	0.0603090796558412	0.06030989403523352	0.06031083067895526	3.687040752887002e-07
14.0	80.54311926253543	3.72e-05	0.06030889990425781	0.06030966318663275	0.06031048675042516	3.29267515565377e-07
14.0	80.54311926253543	3.76e-05	0.060308729858150834	0.06030944489464257	0.060310180370803046	2.985402991017643e-07
14.0	80.54311926253543	3.7999999999999995e-05	0.06030857454434635	0.06030923874507441	0.06030990521208679	2.736003491110212e-07
14.0	80.54311926253543	3.8400000000000005e-05	0.06030843818952025	0.06030904884237342	0.06030965634784469	2.535683620662315e-07
14.0	80.54311926253543	3.88e-05	0.06030832442042744	0.060308869929456235	0.06030942992690047	2.370311299564547e-07
14.0	80.54311926253543	3.9200000000000004e-05	0.06030821887656401	0.06030870455165485	0.0603092229163158	2.2457020925822757e-07
14.0	80.54311926253543	3.96e-05	0.060308109865851556	0.060308557664792685	0.060309032891955994	2.1200439891616167e-07
14.0	80.54311926253543	3.9999999999999996e-05	0.060307997798581425	0.060308423334839885	0.060308857845274844	2.0399588677271412e-07
14.0	80.54311926253543	4.0400000000000006e-05	0.06030789297607253	0.06030829670131996	0.0603086959536876	1.971958684403632e-07
14.0	80.54311926253543	4.08e-05	0.06030780860414353	0.06030818241425202	0.060308545259640134	1.921442414530355e-07
14.0	80.54311926253543	4.12e-05	0.06030772795281347	0.060308079896534035	0.060308403532189025	1.8806914287728902e-07
14.0	80.54311926253543	4.16e-05	0.06030764497825203	0.06030799322782915	0.06030827662427285	1.8549477110692885e-07
14.0	80.54311926253543	4.2e-05	0.0603075762646208	0.060307945591878215	0.06030818247261305	1.7871757800797405e-07
15.0	91.64239115029959	0.0	0.0641089227795657	0.06411194318770215	0.06411338713214754	9.844899050245489e-07
15.0	91.64239115029959	4e-07	0.06410694195799493	0.06411004427655262	0.06411155074432617	1.0235690749263852e-06
15.0	91.64239115029959	8e-07	0.06410476033105894	0.06410816265506412	0.06411003647669578	1.1496012818633367e-06
15.0	91.64239115029959	1.2000000000000002e-06	0.06410236450451379	0.0641063034903594	0.06410917484053602	1.3924566888979367e-06
15.0	91.64239115029959	1.6e-06	0.06409972145166076	0.06410434202997745	0.06410755076433006	1.6866355918624963e-06
15.0	91.64239115029959	2e-06	0.06409678068756453	0.0641023286733617	0.06410608812501462	2.1044855741981514e-06
15.0	91.64239115029959	2.4000000000000003e-06	0.0640934740062491	0.0641000897834733	0.06410450208951524	2.5922791585693304e-06
15.0	91.64239115029959	2.8000000000000003e-06	0.0640897163756442	0.06409762535176515	0.06410276212124266	3.22849477456018e-06
15.0	91.64239115029959	3.2e-06	0.06408540532702833	0.06409449294591406	0.06410043354233252	3.9107228877491975e-06
15.0	91.64239115029959	3.6e-06	0.06408044447925754	0.06409080463319473	0.06409828216942959	4.837388773225456e-06
15.0	91.64239115029959	4e-06	0.06407480064417914	0.06408573092433058	0.06409472719000231	5.842280781947583e-06
15.0	91.64239115029959	4.4e-06	0.06406853859459005	0.06407854263685234	0.06408934608861205	6.880594562330193e-06
15.0	91.64239115029959	4.800000000000001e-06	0.06406156573311517	0.06406207890030922	0.06406252555052472	2.1845342228136923e-07
15.0	91.64239115029959	5.2e-06	0.06403521922097699	0.06404557266885226	0.0640553520629954	7.007348123881734e-06
15.0	91.64239115029959	5.600000000000001e-06	0.06402997372454777	0.06403851005804564	0.06404916356729728	5.937972679473424e-06
15.0	91.64239115029959	6e-06	0.06402661655199005	0.06403361287971097	0.06404363184276285	4.906299742554713e-06
15.0	91.64239115029959	6.4e-06	0.06402467187593874	0.06403013693466517	0.06403881017594415	3.95576669103926e-06
15.0	91.64239115029959	6.8e-06	0.06402259426086498	0.06402724566927981	0.06403465029028421	3.245310647121146e-06
15.0	91.64239115029959	7.2e-06	0.06402113176843471	0.06402504823545818	0.06403104868972065	2.5737236725341914e-06
15.0	91.64239115029959	7.6e-06	0.06401981432594361	0.06402310966213873	0.0640278877902567	2.027993885315132e-06
15.0	91.64239115029959	8e-06	0.06401870146616151	0.06402141849612918	0.06402506781686501	1.533338462040683e-06
15.0	91.64239115029959	8.4e-06	0.0640175225411248	0.0640198045218493	0.06402250276239307	1.1346293977648018e-06
15.0	91.64239115029959	8.8e-06	0.06401697024954522	0.06401830718174421	0.06402011965204046	7.44738514753924e-07
15.0	91.64239115029959	9.2e-06	0.06401598618956417	0.06401681287825475	0.06401785575637309	4.27985074752377e-07
15.0	91.64239115029959	9.600000000000001e-06	0.06401487491439717	0.06401532861389776	0.06401565524070207	1.557828217708575e-07
15.0	91.64239115029959	9.999999999999999e-06	0.06401337425657871	0.06401385772010874	0.06401421157383069	1.9663859640492686e-07
15.0	91.64239115029959	1.04e-05	0.06401119794078891	0.0640124045880755	0.06401348910917815	5.214612263506364e-07
15.0	91.64239115029959	1.08e-05	0.06400887481709905	0.06401089099975528	0.06401240177292422	8.593335205172858e-07
15.0	91.64239115029959	1.1200000000000001e-05	0.0640063964891997	0.06400933800452445	0.06401138245027571	1.2649424167411209e-06
15.0	91.64239115029959	1.16e-05	0.06400369434543052	0.06400762332957656	0.06401012006935414	1.6982714898781488e-06
15.0	91.64239115029959	1.2e-05	0.0640006909848605	0.06400574428639076	0.06400881113020063	2.2370329069086144e-06
15.0	91.64239115029959	1.24e-05	0.0639973034041823	0.06400336802565271	0.06400710123290931	2.7962958228760876e-06
15.0	91.64239115029959	1.28e-05	0.06399344193378109	0.06400056782353152	0.06400548337629797	3.5308297274257523e-06
15.0	91.64239115029959	1.32e-05	0.06398908055486885	0.06399672583016852	0.06400282428545445	4.320747065652813e-06
15.0	91.64239115029959	1.36e-05	0.06398426509027555	0.063991286766523	0.06399879750275606	5.134781491584398e-06
15.0	91.64239115029959	1.4e-05	0.06397842197335102	0.06397884600074705	0.06397922412845869	1.8430345901450438e-07
15.0	91.64239115029959	1.44e-05	0.06395814263153454	0.06396631342781436	0.06397416820158597	5.360770780316329e-06
15.0	91.64239115029959	1.48e-05	0.06395421138171908	0.06396096720580581	0.06396944842506436	4.551316351108222e-06
15.0	91.64239115029959	1.52e-05	0.06395170866414102	0.0639572706964573	0.06396523924364317	3.7693897043822886e-06
15.0	91.64239115029959	1.56e-05	0.06395027275062759	0.06395465792902877	0.06396157991906382	3.049952184317472e-06
15.0	91.64239115029959	1.6e-05	0.06394872907889138	0.06395249135914936	0.06395843485346298	2.5134182630883182e-06
15.0	91.64239115029959	1.6400000000000002e-05	0.06394766535509966	0.06395085486853719	0.06395571982029047	2.0093818018390036e-06
15.0	91.64239115029959	1.68e-05	0.0639466779542115	0.06394941980040092	0.06395334742151437	1.5987829373404116e-06
15.0	91.64239115029959	1.7199999999999998e-05	0.06394587137481711	0.06394817593837818	0.0639512416674668	1.230117692979121e-06
15.0	91.64239115029959	1.76e-05	0.06394502531973956	0.06394699335904587	0.063949337371346	9.354826477396279e-07
15.0	91.64239115029959	1.8e-05	0.06394463441915565	0.0639459034426344	0.06394757958604469	6.509685996513155e-07
15.0	91.64239115029959	1.84e-05	0.06394392541228555	0.06394481873038388	0.06394592150492162	4.265364003567536e-07
15.0	91.64239115029959	1.88e-05	0.06394311573012335	0.06394374466368195	0.06394432196224553	2.434364142003974e-07
15.0	91.64239115029959	1.9200000000000003e-05	0.06394229751588831	0.0639426836565108	0.06394300255040708	1.6324217133263745e-07
15.0	91.64239115029959	1.9600000000000002e-05	0.06394083165885167	0.06394163852085187	0.06394240001422258	3.1333320793737124e-07
15.0	91.64239115029959	1.9999999999999998e-05	0.06393930672438142	0.0639405579754195	0.06394159060728022	5.329849458201116e-07
15.0	91.64239115029959	2.04e-05	0.06393767870418987	0.06393945442131369	0.06394089800903657	8.070218110987521e-07
15.0	91.64239115029959	2.08e-05	0.06393583483671517	0.06393824628354602	0.0639399985048934	1.1001789728932638e-06
15.0	91.64239115029959	2.12e-05	0.06393374909888294	0.06393693350356622	0.06393907096500584	1.4690822052525905e-06
15.0	91.64239115029959	2.16e-05	0.06393141078191	0.06393528963495722	0.06393784609795983	1.8501195881433787e-06
15.0	91.64239115029959	2.2e-05	0.0639287614403159	0.06393336258952154	0.06393672104708426	2.348763580574636e-06
15.0	91.64239115029959	2.2400000000000002e-05	0.06392577937127975	0.06393073787589867	0.0639348984381849	2.884386248317469e-06
15.0	91.64239115029959	2.28e-05	0.06392228594887328	0.06392704144775956	0.0639321689548078	3.4367232640466755e-06
15.0	91.64239115029959	2.32e-05	0.06391815047406624	0.06391863798205118	0.06391907512668382	2.2382052687611458e-07
15.0	91.64239115029959	2.36e-05	0.06390444293068143	0.06391013744527724	0.06391565419342715	3.6740081441810857e-06
15.0	91.64239115029959	2.4e-05	0.06390180126432554	0.06390653356843802	0.06391247177248083	3.1273677360296963e-06
15.0	91.64239115029959	2.44e-05	0.06390013620034551	0.06390405559799446	0.06390964507694274	2.599838298676765e-06
15.0	91.64239115029959	2.48e-05	0.06389919775070041	0.06390231861305762	0.06390719963936586	2.115921207925129e-06
15.0	91.64239115029959	2.5200000000000003e-05	0.06389818027402239	0.0639008874461051	0.06390511154789724	1.7571120272751084e-06
15.0	91.64239115029959	2.56e-05	0.06389749327334826	0.06389982070805213	0.06390332107067564	1.422835800700879e-06
15.0	91.64239115029959	2.6e-05	0.06389684991219813	0.063898896853566	0.06390177011075249	1.1499727117813314e-06
15.0	91.64239115029959	2.64e-05	0.06389634534264665	0.06389810740528286	0.06390040746240278	9.085426385939525e-07
15.0	91.64239115029959	2.68e-05	0.0638958245796637	0.06389736315626805	0.06389918958874041	7.187390281180751e-07
15.0	91.64239115029959	2.72e-05	0.06389559450951232	0.06389668723877258	0.06389808025829158	5.381578973724247e-07
15.0	91.64239115029959	2.76e-05	0.06389515997867967	0.06389601877313567	0.06389704917244465	4.003516743125097e-07
15.0	91.64239115029959	2.8e-05	0.06389465877474354	0.06389536162242654	0.06389607035536038	2.887584967286475e-07
15.0	91.64239115029959	2.8400000000000003e-05	0.06389416323563335	0.06389471727047706	0.06389512058891977	2.0185080748116253e-07
15.0	91.64239115029959	2.88e-05	0.06389368650235472	0.06389408692204707	0.06389442320061445	1.7303758039653305e-07
15.0	91.64239115029959	2.92e-05	0.06389280119381624	0.06389344667256916	0.06389395171161372	2.3651839765374547e-07
15.0	91.64239115029959	2.96e-05	0.06389187302287525	0.06389280018338406	0.06389358877281293	3.613405488666073e-07
15.0	91.64239115029959	2.9999999999999997e-05	0.06389087447129604	0.06389210747590289	0.06389302717553313	5.055821097414629e-07
15.0	91.64239115029959	3.04e-05	0.06388977293040199	0.06389137085653245	0.06389249928367935	6.976826377313267e-07
15.0	91.64239115029959	3.0799999999999996e-05	0.06388853049302767	0.06389047282276702	0.06389183230323603	8.954128705784154e-07
15.0	91.64239115029959	3.12e-05	0.06388710719862711	0.06388943522146871	0.063891213348648	1.1521557711914976e-06
15.0	91.64239115029959	3.16e-05	0.06388547226813568	0.06388805067791962	0.0638902434715316	1.4273018374077465e-06
15.0	91.64239115029959	3.2e-05	0.06388362953392512	0.06388612997281215	0.06388882373553617	1.7113059289995937e-06
15.0	91.64239115029959	3.2399999999999995e-05	0.06388135297221798	0.06388184201293858	0.06388228270144758	2.3002287660780776e-07
15.0	91.64239115029959	3.2800000000000004e-05	0.06387432072473676	0.06387745328491982	0.06388053462725196	1.9544011495112633e-06
15.0	91.64239115029959	3.32e-05	0.0638729891368719	0.06387562672317332	0.06387892527708772	1.6757050155202288e-06
15.0	91.64239115029959	3.36e-05	0.06387217521150745	0.06387439196778878	0.06387751330769298	1.4079738241472296e-06
15.0	91.64239115029959	3.4e-05	0.06387173780440225	0.06387354873818832	0.0638763140293852	1.1646988699179998e-06
15.0	91.64239115029959	3.4399999999999996e-05	0.063871260225417	0.06387286824762387	0.06387530702204725	9.875528276686698e-07
15.0	91.64239115029959	3.4800000000000006e-05	0.06387094868627319	0.06387238344131002	0.06387446314223677	8.264827004071003e-07
15.0	91.64239115029959	3.52e-05	0.06387066399257524	0.06387198190263249	0.06387375325534528	6.944719043318511e-07
15.0	91.64239115029959	3.56e-05	0.06387046736443125	0.0638716569321789	0.06387315148708694	5.825092842670192e-07
15.0	91.64239115029959	3.6e-05	0.06387027763847719	0.06387136081275147	0.06387263642552554	4.987243879156499e-07
15.0	91.64239115029959	3.64e-05	0.06387021219919653	0.0638711082828505	0.06387219096086749	4.2178826702074117e-07
15.0	91.64239115029959	3.68e-05	0.06387005345055385	0.06387086555894039	0.06387180165381778	3.6834585582829445e-07
15.0	91.64239115029959	3.72e-05	0.06386987382696319	0.06387063489107793	0.06387145803069227	3.2889969394560623e-07
15.0	91.64239115029959	3.76e-05	0.06386970416506088	0.06387041681022898	0.06387115195240067	2.9814212389659826e-07
15.0	91.64239115029959	3.7999999999999995e-05	0.06386954927451427	0.06387021087259973	0.06387087709397132	2.7318639186520144e-07
15.0	91.64239115029959	3.8400000000000005e-05	0.06386941305391591	0.06387002125883841	0.06387062852960135	2.5307995733693937e-07
15.0	91.64239115029959	3.88e-05	0.06386929909143912	0.0638698426435943	0.06387040240614539	2.3649067758889718e-07
15.0	91.64239115029959	3.9200000000000004e-05	0.06386919360314813	0.06386967772369034	0.06387019568570551	2.2396089944736324e-07
15.0	91.64239115029959	3.96e-05	0.06386908536213642	0.06386953121844789	0.06387000593544467	2.1130318180490785e-07
15.0	91.64239115029959	3.9999999999999996e-05	0.06386897363724042	0.06386939736567068	0.06386983113283495	2.0317385829489286e-07
15.0	91.64239115029959	4.0400000000000006e-05	0.06386886924382296	0.06386927112351767	0.0638696694327594	1.9629770508475808e-07
15.0	91.64239115029959	4.08e-05	0.06386878490713954	0.06386915714248788	0.06386951883935588	1.9118433595269234e-07
15.0	91.64239115029959	4.12e-05	0.06386870440949899	0.06386905477562899	0.06386937705178752	1.8706818411476184e-07
15.0	91.64239115029959	4.16e-05	0.06386862066024701	0.06386896801526017	0.0638692503753795	1.8446914773865253e-07
15.0	91.64239115029959	4.2e-05	0.06386854859959268	0.0638689172910667	0.06386915470785315	1.7849202864848467e-07
16.0	102.74166303806375	0.0	0.06734325571516919	0.06734627727621915	0.067347722128698	9.848061435442877e-07
16.0	102.74166303806375	4e-07	0.06734127488847719	0.06734437839207198	0.06734588602997071	1.0238852425807748e-06
16.0	102.74166303806375	8e-07	0.06733909324210696	0.06734249683389043	0.06734437168865881	1.1499110883298897e-06
16.0	102.74166303806375	1.2000000000000002e-06	0.06733669737937831	0.06734063773217931	0.0673435096101267	1.3927292438858748e-06
16.0	102.74166303806375	1.6e-06	0.06733405426893402	0.06733867638557534	0.06734188675087349	1.6869473058292991e-06
16.0	102.74166303806375	2e-06	0.06733111341956821	0.06733666313782387	0.06734042451788547	2.104808743264728e-06
16.0	102.74166303806375	2.4000000000000003e-06	0.06732780661828475	0.06733442446328851	0.06733883726612078	2.592809522381061e-06
16.0	102.74166303806375	2.8000000000000003e-06	0.06732404882685561	0.06733196010761719	0.06733709835987778	3.229098377253554e-06
16.0	102.74166303806375	3.2e-06	0.06731973829765181	0.06732882771769247	0.06733476959913975	3.911503043423032e-06
16.0	102.74166303806375	3.6e-06	0.06731477715975309	0.06732513923228149	0.06733261850661432	4.838293404220842e-06
16.0	102.74166303806375	4e-06	0.06730913300103936	0.06732006500796049	0.06732906343106393	5.843167233791636e-06
16.0	102.74166303806375	4.4e-06	0.06730287062873597	0.06731287577129053	0.0673236814617697	6.881193434229956e-06
16.0	102.74166303806375	4.800000000000001e-06	0.06729589581251627	0.06729641088099982	0.06729685976240773	2.195248640170466e-07
16.0	102.74166303806375	5.2e-06	0.06726955312227556	0.06727990486113986	0.0672896832230121	7.007200534560327e-06
16.0	102.74166303806375	5.600000000000001e-06	0.06726430820955098	0.06727284279349183	0.06728349466874928	5.937477908177679e-06
16.0	102.74166303806375	6e-06	0.06726095094522222	0.06726794584762216	0.06727796292254595	4.905732454178621e-06
16.0	102.74166303806375	6.4e-06	0.06725900587047651	0.06726446987198823	0.06727314123900197	3.955278095313963e-06
16.0	102.74166303806375	6.8e-06	0.06725692833461672	0.06726157842176177	0.06726898151974137	3.2449664585361413e-06
16.0	102.74166303806375	7.2e-06	0.06725546469242794	0.06725938078179099	0.06726537984284509	2.573424894514243e-06
16.0	102.74166303806375	7.6e-06	0.06725414843419131	0.06725744187629126	0.0672622188477181	2.0278776701813233e-06
16.0	102.74166303806375	8e-06	0.06725303514092484	0.06725575049843062	0.06725939875840226	1.5332104273285944e-06
16.0	102.74166303806375	8.4e-06	0.06725185499400244	0.06725413631236073	0.06725683356823176	1.1345203371116905e-06
16.0	102.74166303806375	8.8e-06	0.06725130314784789	0.06725263880934779	0.06725445030263444	7.445645900901525e-07
16.0	102.74166303806375	9.2e-06	0.06725031916486301	0.06725114433853681	0.0672521862311033	4.277345147032006e-07
16.0	102.74166303806375	9.600000000000001e-06	0.06724920874380924	0.06724965992924133	0.0672499855159483	1.5523518960920462e-07
16.0	102.74166303806375	9.999999999999999e-06	0.06724770670437064	0.06724818891296594	0.06724854137964797	1.964035911689336e-07
16.0	102.74166303806375	1.04e-05	0.06724552743529788	0.0672467356552106	0.06724781891327325	5.214988251747338e-07
16.0	102.74166303806375	1.08e-05	0.0672432039817501	0.06724522197323378	0.06724673003469395	8.595305822182912e-07
16.0	102.74166303806375	1.1200000000000001e-05	0.06724072526665914	0.06724366887222423	0.06724571054335193	1.2652440934753078e-06
16.0	102.74166303806375	1.16e-05	0.06723802266403123	0.06724195417113021	0.06724445083895247	1.6988754140015743e-06
16.0	102.74166303806375	1.2e-05	0.06723501875791627	0.06724007494260027	0.06724314253686536	2.2377973633085595e-06
16.0	102.74166303806375	1.24e-05	0.06723163083483197	0.0672376983748447	0.0672414334117768	2.797328172053013e-06
16.0	102.74166303806375	1.28e-05	0.06722776859074209	0.06723489762199292	0.06723981556905567	3.5320962803379175e-06
16.0	102.74166303806375	1.32e-05	0.06722340633603796	0.06723105460195868	0.06723715601486102	4.322110289941108e-06
16.0	102.74166303806375	1.36e-05	0.06721858993370589	0.06722561386911888	0.06723312783793922	5.135972422201934e-06
16.0	102.74166303806375	1.4e-05	0.06721274721708781	0.06721317031448829	0.06721354788912315	1.8365955439351604e-07
16.0	102.74166303806375	1.44e-05	0.06719246592176376	0.06720063622346427	0.06720849115175298	5.361335080799432e-06
16.0	102.74166303806375	1.48e-05	0.06718853467330277	0.06719528980772144	0.06720377067495953	4.551424999215622e-06
16.0	102.74166303806375	1.52e-05	0.06718603150907132	0.06719159302058587	0.06719956089749335	3.76931878405227e-06
16.0	102.74166303806375	1.56e-05	0.06718459504929797	0.0671889798666216	0.06719590105583961	3.049853307165339e-06
16.0	102.74166303806375	1.6e-05	0.06718305118930701	0.0671868128155446	0.0671927555342009	2.5133867224192646e-06
16.0	102.74166303806375	1.6400000000000002e-05	0.06718198621194205	0.06718517589976232	0.06719004007021034	2.009318957321182e-06
16.0	102.74166303806375	1.68e-05	0.06718099976785208	0.06718374031494845	0.0671876672670706	1.5988234095353644e-06
16.0	102.74166303806375	1.7199999999999998e-05	0.06718019268012299	0.06718249607721147	0.06718556112442364	1.2300828511194895e-06
16.0	102.74166303806375	1.76e-05	0.06717934530094194	0.0671813131271772	0.06718365644759938	9.354121035530232e-07
16.0	102.74166303806375	1.8e-05	0.06717895482360703	0.06718022290193494	0.06718189828277321	6.507679221294617e-07
16.0	102.74166303806375	1.84e-05	0.06717824581168408	0.06717913787629988	0.06718023981648713	4.261961950507704e-07
16.0	102.74166303806375	1.88e-05	0.06717743689973421	0.06717806351778752	0.06717863987518058	2.428321993338853e-07
16.0	102.74166303806375	1.9200000000000003e-05	0.06717661730758007	0.06717700224067567	0.06717732005668964	1.624413244828178e-07
16.0	102.74166303806375	1.9600000000000002e-05	0.06717515103851301	0.06717595683326091	0.06717671701392725	3.1305432694655507e-07
16.0	102.74166303806375	1.9999999999999998e-05	0.06717362565615126	0.0671748760447489	0.06717590635099135	5.330185856632181e-07
16.0	102.74166303806375	2.04e-05	0.06717199713118127	0.06717377222891908	0.06717521345951472	8.072413022664036e-07
16.0	102.74166303806375	2.08e-05	0.06717014987560255	0.0671725638907007	0.06717431468818535	1.1007403142053716e-06
16.0	102.74166303806375	2.12e-05	0.06716806336361092	0.06717125075554632	0.06717338767917447	1.469849799249733e-06
16.0	102.74166303806375	2.16e-05	0.06716572415410038	0.06716960639149425	0.06717216215611987	1.851198491991033e-06
16.0	102.74166303806375	2.2e-05	0.0671630740266922	0.06716767858514733	0.06717103684009285	2.3501224050288165e-06
16.0	102.74166303806375	2.2400000000000002e-05	0.06716009079041996	0.06716505259002148	0.06716921350438643	2.8858972226833574e-06
16.0	102.74166303806375	2.28e-05	0.06715659865288348	0.06716135415350145	0.06716648230653899	3.438120819105394e-06
16.0	102.74166303806375	2.32e-05	0.06715246043719958	0.06715294716902169	0.06715338389258196	2.2315329778618634e-07
16.0	102.74166303806375	2.36e-05	0.06713874914556328	0.06714444415727133	0.0671499618112783	3.6750300934838707e-06
16.0	102.74166303806375	2.4e-05	0.0671361071410237	0.06714083969503606	0.0671467783782278	3.127881749511871e-06
16.0	102.74166303806375	2.44e-05	0.06713444146534364	0.06713836118901077	0.06714395081434432	2.600118337968785e-06
16.0	102.74166303806375	2.48e-05	0.06713350249989158	0.06713662365999912	0.06714150463141255	2.116111193652139e-06
16.0	102.74166303806375	2.5200000000000003e-05	0.06713248465558763	0.06713519189085201	0.06713941593050787	1.757327725936575e-06
16.0	102.74166303806375	2.56e-05	0.06713179783942991	0.06713412465874569	0.06713762488220798	1.4229806597684556e-06
16.0	102.74166303806375	2.6e-05	0.06713115384184931	0.06713320025284589	0.06713607340943994	1.1501625784586315e-06
16.0	102.74166303806375	2.64e-05	0.06713064881080477	0.06713241040033666	0.0671347102910973	9.086283944308266e-07
16.0	102.74166303806375	2.68e-05	0.06713012675147212	0.06713166575289672	0.06713349197871565	7.187730989353853e-07
16.0	102.74166303806375	2.72e-05	0.06712989715546414	0.06713098950957921	0.06713238223151041	5.380538845925656e-07
16.0	102.74166303806375	2.76e-05	0.06712946263826325	0.06713032071547537	0.06713135074257703	4.0012912963987393e-07
16.0	102.74166303806375	2.8e-05	0.06712896218270714	0.06712966325815851	0.06713037152788459	2.883743128230255e-07
16.0	102.74166303806375	2.8400000000000003e-05	0.06712846656440519	0.06712901862175794	0.06712942136050959	2.012319694742754e-07
16.0	102.74166303806375	2.88e-05	0.0671279887195757	0.06712838798943446	0.06712872253990732	1.7228870562863845e-07
16.0	102.74166303806375	2.92e-05	0.06712710300992164	0.06712774749578765	0.06712825028071556	2.3604093299869344e-07
16.0	102.74166303806375	2.96e-05	0.06712617440800894	0.06712710074505192	0.06712788719676777	3.6111367339266745e-07
16.0	102.74166303806375	2.9999999999999997e-05	0.06712517537642526	0.06712640784379058	0.06712732569938229	5.056918504869552e-07
16.0	102.74166303806375	3.04e-05	0.06712407328470071	0.06712567092230054	0.0671267982521071	6.979828064563085e-07
16.0	102.74166303806375	3.0799999999999996e-05	0.06712283020354803	0.06712477251435695	0.06712613079383978	8.959911369405413e-07
16.0	102.74166303806375	3.12e-05	0.06712140615548812	0.06712373432653782	0.0671255115093512	1.1529523832819808e-06
16.0	102.74166303806375	3.16e-05	0.06711977036050598	0.06712234881094371	0.06712454107741195	1.4281921079823242e-06
16.0	102.74166303806375	3.2e-05	0.06711792668233496	0.06712042658814081	0.06712312002708298	1.712028550541402e-06
16.0	102.74166303806375	3.2399999999999995e-05	0.06711564775629508	0.0671161363277712	0.0671165767336408	2.2948474002433454e-07
16.0	102.74166303806375	3.2800000000000004e-05	0.0671086128750078	0.06711174599501317	0.06711482794111312	1.955146304202155e-06
16.0	102.74166303806375	3.32e-05	0.06710728120283971	0.06710991925671657	0.06711321799420755	1.6760182776818933e-06
16.0	102.74166303806375	3.36e-05	0.06710646692145694	0.06710868428338226	0.06711180554518048	1.4081174251959908e-06
16.0	102.74166303806375	3.4e-05	0.06710602985419989	0.06710784078594767	0.06711060614229147	1.1647947784822423e-06
16.0	102.74166303806375	3.4399999999999996e-05	0.06710555145677599	0.06710715994995135	0.06710959883130752	9.877102098136647e-07
16.0	102.74166303806375	3.4800000000000006e-05	0.06710524021956754	0.06710667489054786	0.06710875471046851	8.266096468788024e-07
16.0	102.74166303806375	3.52e-05	0.0671049550390137	0.06710627306252315	0.06710804463146403	6.946365874974981e-07
16.0	102.74166303806375	3.56e-05	0.06710475819111839	0.06710594792804002	0.0671074427112055	5.826065530323384e-07
16.0	102.74166303806375	3.6e-05	0.06710456743076598	0.06710565164503338	0.06710692753237701	4.988134608310309e-07
16.0	102.74166303806375	3.64e-05	0.06710450262994794	0.06710539902723456	0.06710648198193869	4.218005140294337e-07
16.0	102.74166303806375	3.68e-05	0.06710434508088259	0.06710515621776279	0.06710609261859446	3.683223571527092e-07
16.0	102.74166303806375	3.72e-05	0.06710416537717023	0.06710492548781898	0.06710574896730037	3.2884507066490895e-07
16.0	102.74166303806375	3.76e-05	0.06710399579406356	0.06710470736812686	0.06710544288785503	2.980566718749866e-07
16.0	102.74166303806375	3.7999999999999995e-05	0.06710384097529332	0.06710450139510546	0.06710516805410283	2.7309045477673093e-07
16.0	102.74166303806375	3.8400000000000005e-05	0.06710370456450399	0.06710431182074354	0.06710491953866349	2.529240701700375e-07
16.0	102.74166303806375	3.88e-05	0.06710359014655598	0.0671041332442605	0.06710469348606996	2.3630683638472706e-07
16.0	102.74166303806375	3.9200000000000004e-05	0.067103484632284	0.06710396848126368	0.06710448685485648	2.2373945692033354e-07
16.0	102.74166303806375	3.96e-05	0.06710337702364555	0.06710382212940046	0.06710429720656741	2.1100316972641975e-07
16.0	102.74166303806375	3.9999999999999996e-05	0.06710326547916079	0.06710368856032642	0.06710412250937203	2.0276747273993545e-07
16.0	102.74166303806375	4.0400000000000006e-05	0.06710316132633753	0.06710356255508758	0.06710396090127357	1.9582211452664367e-07
16.0	102.74166303806375	4.08e-05	0.067103076896732	0.0671034488074257	0.06710381035192015	1.9064039971705353e-07
16.0	102.74166303806375	4.12e-05	0.06710299596227554	0.06710334659743845	0.06710366848159843	1.8647228647108625e-07
16.0	102.74166303806375	4.16e-05	0.06710291243330513	0.06710325988772249	0.06710354218543735	1.8383760486720292e-07
16.0	102.74166303806375	4.2e-05	0.06710283807722295	0.06710320639237671	0.06710344450589112	1.783490515936305e-07
17.0	113.84093492582791	0.0	0.07027703250538053	0.07028005541777071	0.07028150128291433	9.852115396836508e-07
17.0	113.84093492582791	4e-07	0.07027505166914771	0.07027815655113637	0.07027966513928519	1.0242903960362524e-06
17.0	113.84093492582791	8e-07	0.07027286998723348	0.07027627502990196	0.07027815062970166	1.1503087508051834e-06
17.0	113.84093492582791	1.2000000000000002e-06	0.07027047406085618	0.07027441595633922	0.07027728803594346	1.3930907137313032e-06
17.0	113.84093492582791	1.6e-06	0.07026783085390154	0.07027245466991258	0.07027566614592118	1.6873427049052887e-06
17.0	113.84093492582791	2e-06	0.07026488986838064	0.07027044145552183	0.07027420410543961	2.1052046741751613e-06
17.0	113.84093492582791	2.4000000000000003e-06	0.07026158288307194	0.07026820286711281	0.07027261597562084	2.5933403554562426e-06
17.0	113.84093492582791	2.8000000000000003e-06	0.07025782485120313	0.07026573848993684	0.07027087778846397	3.229687170371932e-06
17.0	113.84093492582791	3.2e-06	0.07025351472965635	0.07026260601922864	0.07026854896887436	3.912254912234183e-06
17.0	113.84093492582791	3.6e-06	0.07024855317847845	0.07025891726663663	0.07026639783170108	4.8391569568735395e-06
17.0	113.84093492582791	4e-06	0.07024290853886139	0.07025384245261991	0.07026284255993875	5.844044392489415e-06
17.0	113.84093492582791	4.4e-06	0.07023664564417142	0.07024665218045924	0.07025745977180176	6.881854224205691e-06
17.0	113.84093492582791	4.800000000000001e-06	0.07022966914462447	0.07023018578829265	0.07023063660673046	2.2049870085021739e-07
17.0	113.84093492582791	5.2e-06	0.0702033278197618	0.07021367902122798	0.07022345683560349	7.007536872133372e-06
17.0	113.84093492582791	5.600000000000001e-06	0.07019808301983588	0.07020661701816878	0.0702172679269859	5.937454260499988e-06
17.0	113.84093492582791	6e-06	0.07019472549008565	0.07020171998336461	0.07021173587123908	4.905586697758713e-06
17.0	113.84093492582791	6.4e-06	0.07019278018110331	0.07019824378697012	0.07020691390383504	3.955122888287437e-06
17.0	113.84093492582791	6.8e-06	0.07019070242459513	0.0701953520090093	0.07020275413205823	3.2448857216356214e-06
17.0	113.84093492582791	7.2e-06	0.07018923785240538	0.07019315407452666	0.07019915216284467	2.573320858169843e-06
17.0	113.84093492582791	7.6e-06	0.07018792231757764	0.07019121479974212	0.07019599087481776	2.027841442037633e-06
17.0	113.84093492582791	8e-06	0.07018680869988447	0.07018952313729912	0.07019317048577456	1.533112734651258e-06
17.0	113.84093492582791	8.4e-06	0.07018562747040402	0.07018790864982218	0.07019060498413232	1.1344056731738307e-06
17.0	113.84093492582791	8.8e-06	0.07018507607766278	0.07018641088391388	0.07018822139049163	7.443548601705675e-07
17.0	113.84093492582791	9.2e-06	0.07018409214782828	0.07018491613627874	0.07018595696869934	4.2742699557928384e-07
17.0	113.84093492582791	9.600000000000001e-06	0.07018298242689269	0.07018343145574053	0.07018375587387826	1.5466569487863479e-07
17.0	113.84093492582791	9.999999999999999e-06	0.07018147891749749	0.07018196017428394	0.07018231178481393	1.9633026833669584e-07
17.0	113.84093492582791	1.04e-05	0.07017929659359456	0.07018050664017207	0.07018158848208333	5.216985846324879e-07
17.0	113.84093492582791	1.08e-05	0.07017697258924649	0.07017899268972648	0.07018049901009338	8.599009017342297e-07
17.0	113.84093492582791	1.1200000000000001e-05	0.07017449324290137	0.07017743928290934	0.07017947911687461	1.2657337608946388e-06
17.0	113.84093492582791	1.16e-05	0.070171789907846	0.07017572428854799	0.07017822093049109	1.699617588286953e-06
17.0	113.84093492582791	1.2e-05	0.07016878514490532	0.07017384462828005	0.07017691282622618	2.2387238803750536e-06
17.0	113.84093492582791	1.24e-05	0.07016539629805596	0.07017146746899079	0.07017520440158709	2.7985477375920513e-06
17.0	113.84093492582791	1.28e-05	0.07016153310133788	0.07016866585414298	0.07017358613173474	3.533592337140651e-06
17.0	113.84093492582791	1.32e-05	0.07015716947788153	0.07016482143829954	0.07017092580108208	4.3237944304930845e-06
17.0	113.84093492582791	1.36e-05	0.07015235156813304	0.07015937853685841	0.07016689595736558	5.1376201912435e-06
17.0	113.84093492582791	1.4e-05	0.0701465087352684	0.07014693089172727	0.0701473077892798	1.8299943808056902e-07
17.0	113.84093492582791	1.44e-05	0.07012622172615224	0.07013439336088917	0.07014224957516824	5.362800685198545e-06
17.0	113.84093492582791	1.48e-05	0.07012228971695311	0.07012904585773345	0.07013752774526782	4.552364678914161e-06
17.0	113.84093492582791	1.52e-05	0.07011978574843614	0.07012534818731943	0.07013331676658652	3.7699710128314427e-06
17.0	113.84093492582791	1.56e-05	0.07011834878469703	0.0701227342578204	0.07012965586638042	3.0503366447767883e-06
17.0	113.84093492582791	1.6e-05	0.07011680433492984	0.07012056642214085	0.0701265094395751	2.5138256134824353e-06
17.0	113.84093492582791	1.6400000000000002e-05	0.07011573824405648	0.07011892887295525	0.07012379312772321	2.0096216197217796e-06
17.0	113.84093492582791	1.68e-05	0.0701147522514205	0.07011749263239726	0.07012141955002438	1.5990859792884538e-06
17.0	113.84093492582791	1.7199999999999998e-05	0.07011394468989263	0.07011624785918402	0.07011931268439575	1.2301955935878058e-06
17.0	113.84093492582791	1.76e-05	0.07011309607736038	0.07011506436783031	0.07011740731803773	9.354340732394758e-07
17.0	113.84093492582791	1.8e-05	0.07011270599040742	0.07011397366111105	0.07011564848134721	6.506132821151657e-07
17.0	113.84093492582791	1.84e-05	0.07011199689498682	0.07011288814057351	0.0701139893461713	4.25872299014797e-07
17.0	113.84093492582791	1.88e-05	0.07011118849546172	0.07011181329319255	0.07011238872417547	2.4225715122627785e-07
17.0	113.84093492582791	1.9200000000000003e-05	0.07011036748920585	0.07011075153412115	0.07011106862859329	1.6178220680775782e-07
17.0	113.84093492582791	1.9600000000000002e-05	0.07010890052639773	0.0701097056364153	0.0701104644494066	3.1295445900696905e-07
17.0	113.84093492582791	1.9999999999999998e-05	0.07010737439593395	0.0701086243629806	0.07010965333025876	5.332444762343951e-07
17.0	113.84093492582791	2.04e-05	0.07010574504061218	0.07010752002037621	0.07010896007727396	8.076762440967585e-07
17.0	113.84093492582791	2.08e-05	0.070103894225789	0.07010631114712056	0.0701080607671738	1.1014750819542892e-06
17.0	113.84093492582791	2.12e-05	0.07010180653005627	0.07010499734316693	0.07010713381855016	1.4708313101722753e-06
17.0	113.84093492582791	2.16e-05	0.07009946596372085	0.07010335211948303	0.0701059075365782	1.852530849730447e-06
17.0	113.84093492582791	2.2e-05	0.07009681450791572	0.0701014231545842	0.07010478152033528	2.351799530641433e-06
17.0	113.84093492582791	2.2400000000000002e-05	0.07009382947897436	0.07009879539442605	0.07010295706634029	2.8878381833041677e-06
17.0	113.84093492582791	2.28e-05	0.07009033765137573	0.0700950942998461	0.0701002237636148	3.4401086007018974e-06
17.0	113.84093492582791	2.32e-05	0.0700861960592567	0.0700866821556251	0.07008711848067506	2.2253681223349724e-07
17.0	113.84093492582791	2.36e-05	0.07007247682113604	0.07007817441020897	0.07008369445620755	3.6771106845242364e-06
17.0	113.84093492582791	2.4e-05	0.07006983364109143	0.07007456832715059	0.07008050924205289	3.1293659260772938e-06
17.0	113.84093492582791	2.44e-05	0.07006816695187634	0.07007208859061735	0.07007768010548965	2.6012399461356646e-06
17.0	113.84093492582791	2.48e-05	0.07006722742963589	0.07007035006838667	0.07007523255433323	2.116987918313722e-06
17.0	113.84093492582791	2.5200000000000003e-05	0.07006620882543402	0.07006891735048759	0.07007314262237685	1.75810596293082e-06
17.0	113.84093492582791	2.56e-05	0.0700655219560602	0.07006784938851493	0.07007135053014668	1.4235751781565115e-06
17.0	113.84093492582791	2.6e-05	0.07006487722136256	0.0700669242743137	0.07006979813176706	1.150654443602942e-06
17.0	113.84093492582791	2.64e-05	0.07006437172442226	0.07006613384738346	0.07006843417770803	9.089382590068621e-07
17.0	113.84093492582791	2.68e-05	0.07006384846486036	0.07006538862611375	0.0700672150960786	7.189729509084406e-07
17.0	113.84093492582791	2.72e-05	0.0700636192854569	0.07006471188578516	0.07006610462657203	5.380659263159384e-07
17.0	113.84093492582791	2.76e-05	0.07006318469182471	0.07006404258432954	0.07006507244537019	3.999902711840838e-07
17.0	113.84093492582791	2.8e-05	0.07006268472438126	0.07006338462697186	0.0700640925529381	2.8806996704242486e-07
17.0	113.84093492582791	2.8400000000000003e-05	0.07006218880752346	0.07006273949871626	0.07006314170720529	2.007295265189207e-07
17.0	113.84093492582791	2.88e-05	0.07006170989848837	0.0700621083699241	0.07006244126096117	1.7171825656914074e-07
17.0	113.84093492582791	2.92e-05	0.07006082351220577	0.0700614674036456	0.07006196883543492	2.3575424967685136e-07
17.0	113.84093492582791	2.96e-05	0.07005989418746328	0.07006082014675691	0.07006160555273855	3.610792851272127e-07
17.0	113.84093492582791	2.9999999999999997e-05	0.07005889436110913	0.07006012674727903	0.07006104307747663	5.059301498597681e-07
17.0	113.84093492582791	3.04e-05	0.07005779137224621	0.07005938924905893	0.07006051567983285	6.984355799395926e-07
17.0	113.84093492582791	3.0799999999999996e-05	0.07005654725771748	0.07005849015884374	0.07005984762690343	8.967450946437679e-07
17.0	113.84093492582791	3.12e-05	0.07005512200771147	0.07005745105810537	0.07005922772968898	1.1539697642010927e-06
17.0	113.84093492582791	3.16e-05	0.0700534848237826	0.0700560641844677	0.07005825641563135	1.429383779694053e-06
17.0	113.84093492582791	3.2e-05	0.07005163958859928	0.0700541399504269	0.07005683373535376	1.7131829022595823e-06
17.0	113.84093492582791	3.2399999999999995e-05	0.07004935773297927	0.07004984612800384	0.07005028645278344	2.2906143830677018e-07
17.0	113.84093492582791	3.2800000000000004e-05	0.07004231686021978	0.07004545233962434	0.07004853631037378	1.956795060044141e-06
17.0	113.84093492582791	3.32e-05	0.07004098445491902	0.0700436245736818	0.07004692515795785	1.6771710339162318e-06
17.0	113.84093492582791	3.36e-05	0.07004016952373071	0.07004238882834725	0.07004551167568707	1.408994124267825e-06
17.0	113.84093492582791	3.4e-05	0.07003973255512452	0.0700415447137094	0.07004431139489586	1.1655014912116093e-06
17.0	113.84093492582791	3.4399999999999996e-05	0.07003925322588156	0.0700408632727837	0.07004330335623177	9.88379071899247e-07
17.0	113.84093492582791	3.4800000000000006e-05	0.07003894213526873	0.07004037779548122	0.07004245863408975	8.271616830453183e-07
17.0	113.84093492582791	3.52e-05	0.07003865642087526	0.07003997558829637	0.07004174805626118	6.951099793534264e-07
17.0	113.84093492582791	3.56e-05	0.07003845935214237	0.07003965018562776	0.07004114572047282	5.829579805873824e-07
17.0	113.84093492582791	3.6e-05	0.07003826769481591	0.07003935363343392	0.07004063019475026	4.991155737269295e-07
17.0	113.84093492582791	3.64e-05	0.07003820345025424	0.0700391008296724	0.07004018435511217	4.2198969482045267e-07
17.0	113.84093492582791	3.68e-05	0.07003804694221483	0.07003885783195962	0.07003979475220135	3.6845027967292384e-07
17.0	113.84093492582791	3.72e-05	0.07003786706628112	0.07003862692419567	0.07003945090509678	3.289351158066629e-07
17.0	113.84093492582791	3.76e-05	0.0700376973899477	0.07003840863741817	0.07003914466937466	2.981257978069639e-07
17.0	113.84093492582791	3.7999999999999995e-05	0.07003754241965687	0.07003820249879862	0.07003886971586226	2.731614860830101e-07
17.0	113.84093492582791	3.8400000000000005e-05	0.07003740566646677	0.0700380128299905	0.07003862111500059	2.529491535367048e-07
17.0	113.84093492582791	3.88e-05	0.07003729078734278	0.07003783415199583	0.0700383950095933	2.3631997196068512e-07
17.0	113.84093492582791	3.9200000000000004e-05	0.0700371851844821	0.07003766936692034	0.07003818835648179	2.2373695595301708e-07
17.0	113.84093492582791	3.96e-05	0.0700370780996602	0.07003752303506228	0.07003799871492156	2.1093730631841663e-07
17.0	113.84093492582791	3.9999999999999996e-05	0.07003696663294878	0.07003738962751635	0.07003782404885506	2.0261273828571802e-07
17.0	113.84093492582791	4.0400000000000006e-05	0.07003686258210617	0.07003726375993949	0.07003766248650489	1.956087565513464e-07
17.0	113.84093492582791	4.08e-05	0.0700367780049369	0.07003715017429664	0.07003751197157815	1.9037008354145997e-07
17.0	113.84093492582791	4.12e-05	0.07003669669813917	0.07003704810344558	0.07003737005087807	1.8615772674855555e-07
17.0	113.84093492582791	4.16e-05	0.07003661346789958	0.07003696152995621	0.07003724426989777	1.834938830803073e-07
17.0	113.84093492582791	4.2e-05	0.07003653784662056	0.07003690592629891	0.0700371445348944	1.7825503334177866e-07
18.0	124.94020681359207	0.0	0.07294015735929982	0.0729431817392822	0.07294462866230589	9.856635430704155e-07
18.0	124.94020681359207	4e-07	0.07293817651137324	0.07294128288165543	0.07294279222126754	1.0247413853300851e-06
18.0	124.94020681359207	8e-07	0.07293599478613899	0.07293940137308584	0.07294127749231549	1.1507487032064941e-06
18.0	124.94020681359207	1.2000000000000002e-06	0.07293359878311101	0.0729375422956242	0.07294041438301324	1.39349072607899e-06
18.0	124.94020681359207	1.6e-06	0.07293095546174033	0.0729355810271457	0.07293879325322905	1.6877697448728642e-06
18.0	124.94020681359207	2e-06	0.07292801431744245	0.07293356779200716	0.07293733130550084	2.1056244787072084e-06
18.0	124.94020681359207	2.4000000000000003e-06	0.0729247071205803	0.07293132919452687	0.07293574244384349	2.5938352794845204e-06
18.0	124.94020681359207	2.8000000000000003e-06	0.07292094881484079	0.07292886473422662	0.07293400475662004	3.2302279675865334e-06
18.0	124.94020681359207	3.2e-06	0.07291663913423996	0.07292573212720972	0.07293167590998806	3.9129428229816425e-06
18.0	124.94020681359207	3.6e-06	0.07291167710705615	0.07292204306458594	0.07292952462466484	4.839944909277804e-06
18.0	124.94020681359207	4e-06	0.07290603190325307	0.07291696764015641	0.07292596908485205	5.844857607585653e-06
18.0	124.94020681359207	4.4e-06	0.07289976837477496	0.07290977633399764	0.0729205855037014	6.882500690333415e-06
18.0	124.94020681359207	4.800000000000001e-06	0.07289279049944053	0.07289330830064703	0.07289376077095966	2.213622241826368e-07
18.0	124.94020681359207	5.2e-06	0.07286644870082792	0.07287680017335703	0.07288657782349794	7.008199047327738e-06
18.0	124.94020681359207	5.600000000000001e-06	0.07286120374462168	0.07286973790812352	0.07288038838651101	5.9377578152679395e-06
18.0	124.94020681359207	6e-06	0.07285784586415112	0.07286484057739433	0.07287485584812714	4.905732598058694e-06
18.0	124.94020681359207	6.4e-06	0.07285590033318279	0.07286136403957999	0.07287003343489395	3.955203584906325e-06
18.0	124.94020681359207	6.8e-06	0.07285382222462555	0.07285847185203846	0.07286587345713524	3.24499138043606e-06
18.0	124.94020681359207	7.2e-06	0.07285235687048264	0.07285627357801337	0.07286227105879739	2.57335935770223e-06
18.0	124.94020681359207	7.6e-06	0.07285104184890923	0.07285433393355152	0.07285910935492534	2.0278629482678436e-06
18.0	124.94020681359207	8e-06	0.07284992794751943	0.07285264195510786	0.07285628855362347	1.5330427937656889e-06
18.0	124.94020681359207	8.4e-06	0.07284874577653166	0.07285102712552549	0.07285372263476031	1.1342941446019683e-06
18.0	124.94020681359207	8.8e-06	0.0728481947956503	0.07284952905078665	0.07285133861070214	7.441253410431286e-07
18.0	124.94020681359207	9.2e-06	0.07284721089871748	0.07284803397197798	0.0728490737365961	4.270855154648273e-07
18.0	124.94020681359207	9.600000000000001e-06	0.0728461017553208	0.07284654895009426	0.07284687215770091	1.5409799470708165e-07
18.0	124.94020681359207	9.999999999999999e-06	0.07284459675700639	0.0728450773178026	0.0728454284875486	1.9637508585702354e-07
18.0	124.94020681359207	1.04e-05	0.07284241149627402	0.07284362341427103	0.07284470389288789	5.219987910555068e-07
18.0	124.94020681359207	1.08e-05	0.07284008681916987	0.07284210908944898	0.07284361428211383	8.603707621068158e-07
18.0	124.94020681359207	1.1200000000000001e-05	0.07283760670781714	0.0728405552573158	0.07284259386787006	1.2663289603460776e-06
18.0	124.94020681359207	1.16e-05	0.07283490249143121	0.07283883980176453	0.07284133645273272	1.7004180262452343e-06
18.0	124.94020681359207	1.2e-05	0.07283189670306633	0.07283695956775282	0.07284002830555902	2.2397191907014427e-06
18.0	124.94020681359207	1.24e-05	0.0728285066576273	0.07283458165775476	0.07283832042396376	2.799843308255834e-06
18.0	124.94020681359207	1.28e-05	0.07282464229245189	0.07283177901519666	0.07283670158295852	3.535184199931639e-06
18.0	124.94020681359207	1.32e-05	0.07282027702584504	0.07282793301146678	0.0728340402854446	4.325618063866551e-06
18.0	124.94020681359207	1.36e-05	0.07281545728675809	0.07282248770248265	0.07283000860724353	5.139490910313162e-06
18.0	124.94020681359207	1.4e-05	0.07280961392274232	0.07281003527387014	0.07281041148752632	1.823663677113028e-07
18.0	124.94020681359207	1.44e-05	0.07278931904482366	0.07279749314631635	0.0728053514087188	5.364824941982779e-06
18.0	124.94020681359207	1.48e-05	0.07278538585392624	0.07279214399557583	0.07280062783939023	4.553828049605648e-06
18.0	124.94020681359207	1.52e-05	0.07278288089049312	0.07278844507516403	0.07279641529762948	3.771075994233481e-06
18.0	124.94020681359207	1.56e-05	0.07278144333885628	0.07278583013436475	0.07279275301343802	3.0511875830673273e-06
18.0	124.94020681359207	1.6e-05	0.07277989812477959	0.07278366133614622	0.07278960530152556	2.514560836422542e-06
18.0	124.94020681359207	1.6400000000000002e-05	0.07277883099843141	0.07278202303447502	0.07278688788662535	2.0101574046596852e-06
18.0	124.94020681359207	1.68e-05	0.07277784522612141	0.0727805860718651	0.0727845133078926	1.5994846300061516e-06
18.0	124.94020681359207	1.7199999999999998e-05	0.07277703718402151	0.07277934067509799	0.07278240551483428	1.2304021728528431e-06
18.0	124.94020681359207	1.76e-05	0.07277618743469638	0.07277815654879453	0.0727804992701655	9.355158228137459e-07
18.0	124.94020681359207	1.8e-05	0.07277579765420317	0.07277706526687726	0.0727787395828452	6.504880372708666e-07
18.0	124.94020681359207	1.84e-05	0.07277508841201552	0.07277597915066149	0.07277707960510948	4.255595161546646e-07
18.0	124.94020681359207	1.88e-05	0.0727742803733813	0.07277490369843388	0.07277547812960083	2.4171237905045687e-07
18.0	124.94020681359207	1.9200000000000003e-05	0.07277345789932532	0.07277384132665064	0.07277415790164632	1.6124695869666583e-07
18.0	124.94020681359207	1.9600000000000002e-05	0.0727719900740107	0.07277279480284886	0.07277355240826644	3.1298757109593546e-07
18.0	124.94020681359207	1.9999999999999998e-05	0.07277046301503187	0.07277171289600315	0.07277274117961063	5.336020311585072e-07
18.0	124.94020681359207	2.04e-05	0.07276883263357803	0.07277060786534793	0.07277204759727152	8.082560375019636e-07
18.0	124.94020681359207	2.08e-05	0.07276697829992962	0.07276939824565783	0.07277114699896803	1.1023179038145476e-06
18.0	124.94020681359207	2.12e-05	0.07276488917249235	0.07276808358287677	0.07277021987503929	1.4719443425858929e-06
18.0	124.94020681359207	2.16e-05	0.07276254696731144	0.072766437279798	0.07276899269864678	1.8540140094977014e-06
18.0	124.94020681359207	2.2e-05	0.0727598937090832	0.07276450692218552	0.0727678658530797	2.3536656168238922e-06
18.0	124.94020681359207	2.2400000000000002e-05	0.07275690651417843	0.07276187711054895	0.07276604003083609	2.8900270699800295e-06
18.0	124.94020681359207	2.28e-05	0.07275341442511252	0.0727581729939101	0.07276330433154143	3.4424444884343863e-06
18.0	124.94020681359207	2.32e-05	0.07274926907972024	0.07274975470909678	0.07275019064199739	2.2198336091529466e-07
18.0	124.94020681359207	2.36e-05	0.07273553939247268	0.07274124080658517	0.07274676416923676	3.6798631143091797e-06
18.0	124.94020681359207	2.4e-05	0.07273289457362342	0.07273763242821488	0.07274357668140485	3.1314689137311417e-06
18.0	124.94020681359207	2.44e-05	0.07273122663119835	0.07273515102152402	0.07274074551900078	2.6028912416585935e-06
18.0	124.94020681359207	2.48e-05	0.07273028638942858	0.07273341121846881	0.0727382961985592	2.1182975736503355e-06
18.0	124.94020681359207	2.5200000000000003e-05	0.07272926686958137	0.07273197733375367	0.0727362045889004	1.7592357631983282e-06
18.0	124.94020681359207	2.56e-05	0.07272857980428427	0.07273090849293373	0.07273441115064738	1.4244510678047966e-06
18.0	124.94020681359207	2.6e-05	0.07272793427603474	0.0727299825773392	0.07273285756165038	1.151331357693507e-06
18.0	124.94020681359207	2.64e-05	0.07272742826834389	0.07272919146734347	0.07273149253579536	9.093896244613594e-07
18.0	124.94020681359207	2.68e-05	0.07272690388039127	0.07272844556086448	0.07273027247026764	7.192802623985484e-07
18.0	124.94020681359207	2.72e-05	0.07272667498511876	0.07272776821570982	0.07272916107874394	5.381564664368678e-07
18.0	124.94020681359207	2.76e-05	0.07272624022333485	0.07272709829616944	0.07272812801503736	3.999087708196792e-07
18.0	124.94020681359207	2.8e-05	0.07272574056647052	0.0727264397154282	0.07272714725955076	2.87824599138614e-07
18.0	124.94020681359207	2.8400000000000003e-05	0.07272524418485649	0.07272579396015501	0.07272619555120219	2.0031963629100035e-07
18.0	124.94020681359207	2.88e-05	0.07272476424484875	0.07272516219969334	0.07272549363457514	1.7129007842751125e-07
18.0	124.94020681359207	2.92e-05	0.07272387700343952	0.07272452061519473	0.07272502129116187	2.356176784528821e-07
18.0	124.94020681359207	2.96e-05	0.07272294676650404	0.07272387269588611	0.0727246578333931	3.611995181053641e-07
18.0	124.94020681359207	2.9999999999999997e-05	0.07272194594128667	0.07272317859623317	0.07272409378634492	5.06279028348436e-07
18.0	124.94020681359207	3.04e-05	0.07272084183128147	0.07272244033944407	0.07272356627070398	6.99012766033811e-07
18.0	124.94020681359207	3.0799999999999996e-05	0.07271959643214831	0.0727215403606697	0.07272289744432747	8.976315872020523e-07
18.0	124.94020681359207	3.12e-05	0.07271816969164657	0.07272050013960299	0.07272227688217647	1.1551536461647451e-06
18.0	124.94020681359207	3.16e-05	0.07271653078058371	0.07271911165918656	0.07272130446481118	1.4307896181584807e-06
18.0	124.94020681359207	3.2e-05	0.07271468359024169	0.07271718511494499	0.07271987986000283	1.714639499966276e-06
18.0	124.94020681359207	3.2399999999999995e-05	0.07271239848035016	0.07271288689476545	0.07271332716502243	2.2872071892527381e-07
18.0	124.94020681359207	3.2800000000000004e-05	0.07270534956741326	0.07270848841154912	0.07271157523614047	1.9590329692440813e-06
18.0	124.94020681359207	3.32e-05	0.07270401607886079	0.07270665902109645	0.07270996245467387	1.6788708961596534e-06
18.0	124.94020681359207	3.36e-05	0.07270320030453714	0.07270542212639378	0.07270854755293943	1.4103398624327515e-06
18.0	124.94020681359207	3.4e-05	0.0727027631916588	0.07270457715153548	0.07270734593463501	1.1665987744915156e-06
18.0	124.94020681359207	3.4399999999999996e-05	0.07270228292208536	0.07270389493488391	0.07270633688118178	9.89363365919573e-07
18.0	124.94020681359207	3.4800000000000006e-05	0.07270197180576954	0.07270340893005602	0.0727054913118188	8.27967391213524e-07
18.0	124.94020681359207	3.52e-05	0.07270168558195156	0.07270300628206303	0.07270478002363046	6.957608356472506e-07
18.0	124.94020681359207	3.56e-05	0.07270148819503763	0.072702680532949	0.07270417708805255	5.834567049452344e-07
18.0	124.94020681359207	3.6e-05	0.07270129571612216	0.0727023836307248	0.07270366105200132	4.995435645523053e-07
18.0	124.94020681359207	3.64e-05	0.07270123186136779	0.07270213056177606	0.07270321477509256	4.2229101879431197e-07
18.0	124.94020681359207	3.68e-05	0.07270107613836618	0.07270188730023404	0.07270282479547951	3.686740829063129e-07
18.0	124.94020681359207	3.72e-05	0.07270089603541141	0.072701656133367	0.07270248062289131	3.291125138209402e-07
18.0	124.94020681359207	3.76e-05	0.07270072617820578	0.07270143759356952	0.07270217410603586	2.9827891660031965e-07
18.0	124.94020681359207	3.7999999999999995e-05	0.0727005710066777	0.07270123120933115	0.07270189891082346	2.733045994197726e-07
18.0	124.94020681359207	3.8400000000000005e-05	0.0727004339970696	0.07270104135742957	0.07270165010425611	2.530400815269508e-07
18.0	124.94020681359207	3.88e-05	0.07270031882540806	0.0727008624816901	0.07270142382678113	2.3639557361672306e-07
18.0	124.94020681359207	3.9200000000000004e-05	0.07270021306022123	0.07270069754119465	0.07270121703353816	2.2380046633855163e-07
18.0	124.94020681359207	3.96e-05	0.07270010621910394	0.0727005511115352	0.0727010272822124	2.1094684919306374e-07
18.0	124.94020681359207	3.9999999999999996e-05	0.07269999475240407	0.07270041773909	0.07270085253429048	2.0254663679941855e-07
18.0	124.94020681359207	4.0400000000000006e-05	0.07269989075180217	0.07270029190472316	0.07270069091193232	1.9548717231823231e-07
18.0	124.94020681359207	4.08e-05	0.07269980610591453	0.0727001783631795	0.07270054034087625	1.9020473563687877e-07
18.0	124.94020681359207	4.12e-05	0.07269972429453819	0.07270007632570107	0.07270039831256536	1.8596391699153682e-07
18.0	124.94020681359207	4.16e-05	0.07269964115327276	0.07269998977122405	0.07270027291799774	1.8329422434459123e-07
18.0	124.94020681359207	4.2e-05	0.07269956486535811	0.07269993272146463	0.07270017151602914	1.7816781902041785e-07
19.0	136.03947870135624	0.0	0.07536416017639613	0.07536718584403602	0.07536863371225255	9.860946216339597e-07
19.0	136.03947870135624	4e-07	0.07536217931722078	0.07536528698939218	0.07536679683288039	1.0251698353922407e-06
19.0	136.03947870135624	8e-07	0.07535999755044642	0.07536340547776794	0.07536528187774039	1.1511613548209154e-06
19.0	136.03947870135624	1.2000000000000002e-06	0.07535760147440662	0.075361546381746	0.07536441833325647	1.3938624768606415e-06
19.0	136.03947870135624	1.6e-06	0.07535495804503789	0.07535958511284421	0.07536279782852962	1.6881632353533446e-06
19.0	136.03947870135624	2e-06	0.07535201675237246	0.07535757183255204	0.07536133595697248	2.1060044060456406e-06
19.0	136.03947870135624	2.4000000000000003e-06	0.07534870935968385	0.07535533317490223	0.07535974642764476	2.5942412291770875e-06
19.0	136.03947870135624	2.8000000000000003e-06	0.07534495080222836	0.07535286861181155	0.07535800917434266	3.230659947402495e-06
19.0	136.03947870135624	3.2e-06	0.07534064127570339	0.07534973586745856	0.07535568026336392	3.913492322553344e-06
19.0	136.03947870135624	3.6e-06	0.07533567882677339	0.07534604652616571	0.07535352888395153	4.8405721599636755e-06
19.0	136.03947870135624	4e-06	0.0753300331198048	0.07534097057000325	0.07534997308605007	5.845495138041954e-06
19.0	136.03947870135624	4.4e-06	0.07532376901778459	0.07533377838944161	0.07534458876673966	6.8829889220945215e-06
19.0	136.03947870135624	4.800000000000001e-06	0.07531679017772763	0.07531730895523459	0.07531776279217084	2.2211550844822688e-07
19.0	136.03947870135624	5.2e-06	0.07529044730129719	0.07530079934543428	0.07531057698226018	7.008964363599489e-06
19.0	136.03947870135624	5.600000000000001e-06	0.07528520216989687	0.07529373670930625	0.07530438700411146	5.938189650797961e-06
19.0	136.03947870135624	6e-06	0.07528184395446669	0.07528883903925775	0.07529885396503211	4.9059986220510824e-06
19.0	136.03947870135624	6.4e-06	0.07527989816645064	0.07528536215391839	0.07529403108988131	3.955387966906387e-06
19.0	136.03947870135624	6.8e-06	0.07527781975484871	0.07528246957866558	0.07528987080679705	3.2451754372291627e-06
19.0	136.03947870135624	7.2e-06	0.07527635370303365	0.07528027100056339	0.07528626798595184	2.5734603311834e-06
19.0	136.03947870135624	7.6e-06	0.0752750391220749	0.07527833105164708	0.07528310587649134	2.0279013292224687e-06
19.0	136.03947870135624	8e-06	0.07527392495342955	0.07527663879335633	0.0752802846766576	1.5329880492804868e-06
19.0	136.03947870135624	8.4e-06	0.075272741981947	0.07527502365071312	0.07527771835734853	1.1341982162051882e-06
19.0	136.03947870135624	8.8e-06	0.07527219132270702	0.07527352529176567	0.07527533392237018	7.439175360397678e-07
19.0	136.03947870135624	9.2e-06	0.0752712074463604	0.0752720299078876	0.0752730686181673	4.2677231432851424e-07
19.0	136.03947870135624	9.600000000000001e-06	0.07527009878643032	0.07527054456236544	0.0752708665805697	1.5360448780812372e-07
19.0	136.03947870135624	9.999999999999999e-06	0.0752685925890253	0.07526907258874872	0.07526942354558752	1.9646120360290222e-07
19.0	136.03947870135624	1.04e-05	0.07526640469655632	0.07526761832716167	0.07526869746715548	5.222949015628009e-07
19.0	136.03947870135624	1.08e-05	0.07526407939285118	0.07526610363708051	0.07526760809285094	8.608155567298424e-07
19.0	136.03947870135624	1.1200000000000001e-05	0.07526159857184478	0.07526454938351647	0.07526658716392198	1.2668804222850865e-06
19.0	136.03947870135624	1.16e-05	0.0752588935413181	0.07526283344757817	0.07526533006486602	1.7011108385611952e-06
19.0	136.03947870135624	1.2e-05	0.07525588680927431	0.0752609526545145	0.07526402186385805	2.2405727290335635e-06
19.0	136.03947870135624	1.24e-05	0.0752524956637064	0.07525857403809441	0.07526231436793118	2.8009526622146093e-06
19.0	136.03947870135624	1.28e-05	0.0752486301712727	0.07525577045650031	0.07526069505846422	3.536552280568966e-06
19.0	136.03947870135624	1.32e-05	0.07524426340789336	0.07525192302282903	0.07525803285873156	4.327184291305085e-06
19.0	136.03947870135624	1.36e-05	0.07523944199632115	0.07524647558187243	0.07525399947446676	5.1411020223750125e-06
19.0	136.03947870135624	1.4e-05	0.07523359817323438	0.07523401887776832	0.07523439434644352	1.8178613978035733e-07
19.0	136.03947870135624	1.44e-05	0.07521329567335844	0.07522147231221385	0.075229332519398	5.366833849564281e-06
19.0	136.03947870135624	1.48e-05	0.07520936138830248	0.0752161215264484	0.07522460730811797	4.555318128021893e-06
19.0	136.03947870135624	1.52e-05	0.07520685550740946	0.07521242139946488	0.07522039328560304	3.772216885742398e-06
19.0	136.03947870135624	1.56e-05	0.07520541734688013	0.07520980550291223	0.07521672969067605	3.052077506850911e-06
19.0	136.03947870135624	1.6e-05	0.07520387147760399	0.0752076358190901	0.07521358082218299	2.5153215422056773e-06
19.0	136.03947870135624	1.6400000000000002e-05	0.07520280340975294	0.07520599684417406	0.07521086237564756	2.0107144069540505e-06
19.0	136.03947870135624	1.68e-05	0.07520181783883206	0.0752045592617074	0.07520848686500603	1.5998738528518527e-06
19.0	136.03947870135624	1.7199999999999998e-05	0.07520100932136486	0.07520331331093019	0.0752063782128074	1.2306100793067625e-06
19.0	136.03947870135624	1.76e-05	0.0752001585916533	0.0752021286111914	0.07520447115830908	9.356109987574724e-07
19.0	136.03947870135624	1.8e-05	0.07519976902621828	0.07520103680869729	0.07520271068999573	6.503971181238632e-07
19.0	136.03947870135624	1.84e-05	0.07519905963211215	0.07519995015533228	0.07520104994166577	4.252992987575162e-07
19.0	136.03947870135624	1.88e-05	0.07519825186147511	0.07519887415188468	0.07519944768847164	2.412548493286203e-07
19.0	136.03947870135624	1.9200000000000003e-05	0.07519742832882415	0.07519781121644348	0.07519812743192222	1.6080960435812877e-07
19.0	136.03947870135624	1.9600000000000002e-05	0.07519595972577253	0.07519676411973072	0.07519752047729522	3.1303258745814107e-07
19.0	136.03947870135624	1.9999999999999998e-05	0.07519443183349317	0.07519568163185478	0.0751967094532926	5.33927475561933e-07
19.0	136.03947870135624	2.04e-05	0.07519280053643307	0.075194575962499	0.07519601580817614	8.087703828755853e-07
19.0	136.03947870135624	2.08e-05	0.0751909430356017	0.07519336562900097	0.07519511351915842	1.103021867358213e-06
19.0	136.03947870135624	2.12e-05	0.07518885264188668	0.07519205017397225	0.0751941862687282	1.4728665027247455e-06
19.0	136.03947870135624	2.16e-05	0.07518650899294066	0.07519040290204271	0.07519295821744976	1.855243521364681e-06
19.0	136.03947870135624	2.2e-05	0.07518385421035667	0.07518847132392	0.07519183073950053	2.3552236122589083e-06
19.0	136.03947870135624	2.2400000000000002e-05	0.07518086512448807	0.07518583973028214	0.0751900036862283	2.891849383796232e-06
19.0	136.03947870135624	2.28e-05	0.07517737285974935	0.07518213302778913	0.0751872658037076	3.444382507959707e-06
19.0	136.03947870135624	2.32e-05	0.07517322421611983	0.07517370948131746	0.07517414488367269	2.2146252786016898e-07
19.0	136.03947870135624	2.36e-05	0.07515948510299975	0.07516518999287383	0.07517071623756255	3.6824099557932204e-06
19.0	136.03947870135624	2.4e-05	0.07515683890256941	0.07516157951032029	0.07516752672362959	3.133428634240315e-06
19.0	136.03947870135624	2.44e-05	0.07515516987967796	0.07515909660306991	0.07516469375332857	2.604431274739939e-06
19.0	136.03947870135624	2.48e-05	0.07515422889750667	0.07515735566158467	0.07516224285605944	2.119526890385274e-06
19.0	136.03947870135624	2.5200000000000003e-05	0.07515320867345832	0.07515592076419153	0.07516014991814135	1.7602867797577863e-06
19.0	136.03947870135624	2.56e-05	0.07515252139279216	0.07515485118268649	0.07515835529644299	1.4252577761876973e-06
19.0	136.03947870135624	2.6e-05	0.07515187526843725	0.0751539246132649	0.07515680066652752	1.1519299196362583e-06
19.0	136.03947870135624	2.64e-05	0.07515136871928885	0.07515313293000729	0.07515543470925756	9.09787635785361e-07
19.0	136.03947870135624	2.68e-05	0.07515084336255473	0.07515238643917936	0.07515421379372977	7.195570704681953e-07
19.0	136.03947870135624	2.72e-05	0.07515061466042905	0.07515170857793341	0.07515310161006461	5.382492027643122e-07
19.0	136.03947870135624	2.76e-05	0.07515017973111249	0.07515103813485279	0.07515206779203787	3.9985156570617485e-07
19.0	136.03947870135624	2.8e-05	0.0751496802842313	0.07515037902520573	0.0751510863024416	2.876242309700552e-07
19.0	136.03947870135624	2.8400000000000003e-05	0.07514918354014632	0.07514973273742799	0.07515013386393132	1.999705613056384e-07
19.0	136.03947870135624	2.88e-05	0.07514870303631138	0.07514910044471873	0.07514943037578359	1.70905746522404e-07
19.0	136.03947870135624	2.92e-05	0.07514781508367463	0.07514845833943251	0.07514895834791702	2.354793360082065e-07
19.0	136.03947870135624	2.96e-05	0.07514688409366421	0.07514780985400359	0.07514859509552352	3.61279265476153e-07
19.0	136.03947870135624	2.9999999999999997e-05	0.07514588245047893	0.07514711513752016	0.07514802917527863	5.065207941045672e-07
19.0	136.03947870135624	3.04e-05	0.07514477742995496	0.07514637622956732	0.07514750167963413	6.994272217483889e-07
19.0	136.03947870135624	3.0799999999999996e-05	0.07514353099546067	0.07514547551101637	0.07514683207035588	8.982890453510835e-07
19.0	136.03947870135624	3.12e-05	0.07514210306054458	0.07514443438209405	0.07514621113457931	1.156055380857285e-06
19.0	136.03947870135624	3.16e-05	0.07514046276898512	0.0751430446022314	0.07514523777189908	1.4318471480374413e-06
19.0	136.03947870135624	3.2e-05	0.07513861401318422	0.07514111622508497	0.07514381143571391	1.715700499765835e-06
19.0	136.03947870135624	3.2399999999999995e-05	0.07513632618867838	0.07513681456900023	0.07513725450950837	2.2833476680571797e-07
19.0	136.03947870135624	3.2800000000000004e-05	0.07512927067514674	0.07513241214904227	0.07513550112266643	1.9609385069088933e-06
19.0	136.03947870135624	3.32e-05	0.07512793647213556	0.07513058140253265	0.07513388700675172	1.6802974517885892e-06
19.0	136.03947870135624	3.36e-05	0.07512712006407085	0.07512934357414318	0.07513247094067843	1.411447337827895e-06
19.0	136.03947870135624	3.4e-05	0.07512668277345202	0.07512849790108407	0.07513126848750673	1.1674993607824402e-06
19.0	136.03947870135624	3.4399999999999996e-05	0.07512620179852636	0.0751278150747926	0.07513025861418043	9.90155901030826e-07
19.0	136.03947870135624	3.4800000000000006e-05	0.075125890660237	0.0751273286771631	0.07512941236617543	8.285926152453958e-07
19.0	136.03947870135624	3.52e-05	0.07512560415684977	0.07512692571492567	0.0751287005146608	6.962382678493374e-07
19.0	136.03947870135624	3.56e-05	0.07512540634395481	0.07512659970736166	0.07512809710842383	5.838083051807386e-07
19.0	136.03947870135624	3.6e-05	0.0751252131309803	0.07512630253495085	0.07512758067593328	4.998431993498668e-07
19.0	136.03947870135624	3.64e-05	0.07512514954439808	0.07512604926299833	0.07512713406232407	4.2249043605538014e-07
19.0	136.03947870135624	3.68e-05	0.07512499437539866	0.07512580580356983	0.07512674379460726	3.688076473191435e-07
19.0	136.03947870135624	3.72e-05	0.07512481412946936	0.07512557444402498	0.07512639937405474	3.29201440820658e-07
19.0	136.03947870135624	3.76e-05	0.07512464422452503	0.07512535571774343	0.07512609264301418	2.9833619619829044e-07
19.0	136.03947870135624	3.7999999999999995e-05	0.07512448905490476	0.0751251491568146	0.07512581726263878	2.733344950641964e-07
19.0	136.03947870135624	3.8400000000000005e-05	0.07512435207319523	0.0751249591789112	0.07512556829636097	2.5300427516905523e-07
19.0	136.03947870135624	3.88e-05	0.07512423693004067	0.07512478015862821	0.0751253418818596	2.3632718790556646e-07
19.0	136.03947870135624	3.9200000000000004e-05	0.07512413101869875	0.07512461509035127	0.07512513497196238	2.2370548465750913e-07
19.0	136.03947870135624	3.96e-05	0.07512402432877696	0.07512446857754168	0.0751249451220728	2.1079529368130196e-07
19.0	136.03947870135624	3.9999999999999996e-05	0.07512391290458709	0.07512433523076198	0.07512477029077136	2.0231821288827088e-07
19.0	136.03947870135624	4.0400000000000006e-05	0.07512380901385285	0.07512420942538346	0.0751246085950612	1.951970889013667e-07
19.0	136.03947870135624	4.08e-05	0.07512372441961634	0.07512409588485192	0.07512445794836164	1.898775837182787e-07
19.0	136.03947870135624	4.12e-05	0.07512364191455134	0.07512399381396233	0.07512431580777079	1.8561619332465642e-07
19.0	136.03947870135624	4.16e-05	0.0751235586414607	0.07512390715888086	0.07512419060894171	1.8294840210028455e-07
19.0	136.03947870135624	4.2e-05	0.07512348209526021	0.07512384923399959	0.07512408818160221	1.7784011152086212e-07
20.0	147.1387505891204	0.0	0.07758783439007111	0.07759086103872936	0.07759230957686292	9.86419802244505e-07
20.0	147.1387505891204	4e-07	0.07758585352517322	0.07758896218779066	0.07759047220190318	1.025490035853824e-06
20.0	147.1387505891204	8e-07	0.0775836717373597	0.07758708067778702	0.07758895708388724	1.1514605458510435e-06
20.0	147.1387505891204	1.2000000000000002e-06	0.07758127562470918	0.07758522157583136	0.07758809320340454	1.394117602988697e-06
20.0	147.1387505891204	1.6e-06	0.07757863214196536	0.07758326032223554	0.07758647327551937	1.6884304601840054e-06
20.0	147.1387505891204	2e-06	0.07757569077729354	0.0775812470154081	0.07758501159984021	2.106244240132283e-06
20.0	147.1387505891204	2.4000000000000003e-06	0.07757238329150251	0.07757900830930232	0.07758342141875563	2.594460401372375e-06
20.0	147.1387505891204	2.8000000000000003e-06	0.07756862461689717	0.07757654368675117	0.0775816846436248	3.230864291042993e-06
20.0	147.1387505891204	3.2e-06	0.07756431538104902	0.07757341089438174	0.07757935563815632	3.913759589227142e-06
20.0	147.1387505891204	3.6e-06	0.0775593527305487	0.07756972142641948	0.0775772043486258	4.840868953174576e-06
20.0	147.1387505891204	4e-06	0.07755370678419826	0.07756464519095078	0.07757364840830938	5.845744333116896e-06
20.0	147.1387505891204	4.4e-06	0.07754744240899214	0.07755745255692482	0.07756826354163238	6.883049630764513e-06
20.0	147.1387505891204	4.800000000000001e-06	0.07754046314421181	0.07754098263108557	0.07754143765955845	2.2278611720567638e-07
20.0	147.1387505891204	5.2e-06	0.07751411994332447	0.07752447218343458	0.07753424952797694	7.0095008980518495e-06
20.0	147.1387505891204	5.600000000000001e-06	0.07750887494167902	0.07751740942694915	0.07752805930231776	5.938454346018282e-06
20.0	147.1387505891204	6e-06	0.07750551659877747	0.07751251163500587	0.07752252603268683	4.906136308364454e-06
20.0	147.1387505891204	6.4e-06	0.0775035705620244	0.07750903458789528	0.07751770294398153	3.955484735683054e-06
20.0	147.1387505891204	6.8e-06	0.0775014920848367	0.07750614181945006	0.07751354260628585	3.2452835792979594e-06
20.0	147.1387505891204	7.2e-06	0.0775000254406839	0.07750394311385576	0.07750993958459862	2.573506745961741e-06
20.0	147.1387505891204	7.6e-06	0.0774987114231731	0.07750200304544883	0.07750677728295585	2.027889369738233e-06
20.0	147.1387505891204	8e-06	0.0774975969845002	0.07750031066270748	0.0775039558938202	1.5329173225871058e-06
20.0	147.1387505891204	8.4e-06	0.07749641338468827	0.07749869535863275	0.07750138938283868	1.134117742084393e-06
20.0	147.1387505891204	8.8e-06	0.0774958630063729	0.0774971968600262	0.07749900474893323	7.43767777835024e-07
20.0	147.1387505891204	9.2e-06	0.07749487919096598	0.07749570132406362	0.07749673923375955	4.265557624926724e-07
20.0	147.1387505891204	9.600000000000001e-06	0.07749377095702137	0.0774942158126746	0.07749453696817454	1.532585380552169e-07
20.0	147.1387505891204	9.999999999999999e-06	0.07749226434875922	0.07749274365994122	0.07749309448881281	1.9647208864925924e-07
20.0	147.1387505891204	1.04e-05	0.07749007434560973	0.07749128920927073	0.07749236686091798	5.224357685247627e-07
20.0	147.1387505891204	1.08e-05	0.07748774871559228	0.07748977433427269	0.07749127799359101	8.610520224087707e-07
20.0	147.1387505891204	1.1200000000000001e-05	0.07748526752608509	0.07748821984838418	0.07749025680572785	1.267163519180193e-06
20.0	147.1387505891204	1.16e-05	0.07748256207535675	0.07748650363441718	0.07748899987348512	1.7014401762208373e-06
20.0	147.1387505891204	1.2e-05	0.07747955486027536	0.07748462253322685	0.07748769183912607	2.240963046060723e-06
20.0	147.1387505891204	1.24e-05	0.07747616315675021	0.0774822435611598	0.0774859847977627	2.801482977534806e-06
20.0	147.1387505891204	1.28e-05	0.07747229722663107	0.0774794394997681	0.07748436539750259	3.5372130957618404e-06
20.0	147.1387505891204	1.32e-05	0.07746792970717298	0.07747559130910231	0.07748170270409815	4.32789733521904e-06
20.0	147.1387505891204	1.36e-05	0.0774631074520542	0.07747014275220726	0.07747766823676816	5.14172778394814e-06
20.0	147.1387505891204	1.4e-05	0.07745726389547691	0.07745768405383872	0.07745805877107159	1.8123451944693373e-07
20.0	147.1387505891204	1.44e-05	0.07743695728184097	0.07744513510743103	0.07745299607343359	5.368007208643293e-06
20.0	147.1387505891204	1.48e-05	0.07743302267304575	0.07743978354558287	0.0774482700441732	4.556120591543602e-06
20.0	147.1387505891204	1.52e-05	0.07743051637114284	0.07743608285065703	0.07744405528518072	3.772794914210267e-06
20.0	147.1387505891204	1.56e-05	0.07742907775398677	0.07743346648086406	0.07744039104065514	3.0525271439277386e-06
20.0	147.1387505891204	1.6e-05	0.07742753166879535	0.07743129635150588	0.07743724166252086	2.515714705910229e-06
20.0	147.1387505891204	1.6400000000000002e-05	0.07742646286055521	0.07742965706416627	0.0774345227112585	2.0109828002124407e-06
20.0	147.1387505891204	1.68e-05	0.07742547778080766	0.07742821920504765	0.07743214674907506	1.600030865697413e-06
20.0	147.1387505891204	1.7199999999999998e-05	0.07742466886363619	0.07742697299481709	0.0774300376838788	1.230662624689326e-06
20.0	147.1387505891204	1.76e-05	0.07742381740558901	0.07742578800746344	0.07742813024224837	9.356148898700355e-07
20.0	147.1387505891204	1.8e-05	0.07742342805491731	0.07742469595298668	0.07742636940177494	6.502882672981344e-07
20.0	147.1387505891204	1.84e-05	0.07742271863054473	0.07742360903912518	0.07742470828666814	4.250802396199216e-07
20.0	147.1387505891204	1.88e-05	0.0774219111753851	0.07742253276532003	0.07742310566327504	2.4088606824109576e-07
20.0	147.1387505891204	1.9200000000000003e-05	0.07742108739264264	0.0774214695505505	0.07742178547722922	1.6039094343736607e-07
20.0	147.1387505891204	1.9600000000000002e-05	0.07741961842127765	0.07742042217023141	0.07742117709499752	3.1293635171415385e-07
20.0	147.1387505891204	1.9999999999999998e-05	0.07741809013860035	0.0774193394060704	0.07742036651813766	5.34022468154784e-07
20.0	147.1387505891204	2.04e-05	0.07741645841693678	0.07741823341587188	0.07741967327339161	8.08966039499805e-07
20.0	147.1387505891204	2.08e-05	0.07741459854497368	0.07741702271309708	0.07741876935177316	1.1032938209996847e-06
20.0	147.1387505891204	2.12e-05	0.07741250755233864	0.07741570686161772	0.07741784233584958	1.473226339249653e-06
20.0	147.1387505891204	2.16e-05	0.07741016322963112	0.07741405914100716	0.07741661366747543	1.8557640841521155e-06
20.0	147.1387505891204	2.2e-05	0.07740750791663231	0.07741212699025966	0.07741548609009552	2.3559026505557432e-06
20.0	147.1387505891204	2.2400000000000002e-05	0.07740451795890912	0.0774094945291145	0.07741365839353076	2.8925969579925586e-06
20.0	147.1387505891204	2.28e-05	0.07740102646297764	0.07740578658504414	0.07741091916897958	3.4450566098356466e-06
20.0	147.1387505891204	2.32e-05	0.07739687591891986	0.0773973608028424	0.07739779558613424	2.2091926609315526e-07
20.0	147.1387505891204	2.36e-05	0.07738313232309135	0.077388838631118	0.07739436596575189	3.6837285187459394e-06
20.0	147.1387505891204	2.4e-05	0.0773804858022702	0.07738522726301729	0.07739117554675268	3.1343513719163146e-06
20.0	147.1387505891204	2.44e-05	0.07737881635114352	0.07738274373377456	0.07738834177314757	2.605105993968112e-06
20.0	147.1387505891204	2.48e-05	0.07737787482222291	0.07738100229295103	0.07738589018024822	2.1200614184873674e-06
20.0	147.1387505891204	2.5200000000000003e-05	0.07737685446035147	0.07737956694322752	0.07738379674888662	1.7607520478179521e-06
20.0	147.1387505891204	2.56e-05	0.07737616719756524	0.0773784970602375	0.07738200161896192	1.425590108086803e-06
20.0	147.1387505891204	2.6e-05	0.07737552087274491	0.07737757023528496	0.07738044655015397	1.1521459911724674e-06
20.0	147.1387505891204	2.64e-05	0.0773750138636311	0.07737677831886547	0.0773790802070744	9.099010858281634e-07
20.0	147.1387505891204	2.68e-05	0.07737448778231748	0.07737603157246593	0.07737785894515614	7.196259352437476e-07
20.0	147.1387505891204	2.72e-05	0.07737425926642949	0.07737535349923412	0.07737674644327175	5.382149976075093e-07
20.0	147.1387505891204	2.76e-05	0.07737382431137974	0.07737468284306294	0.07737571232591112	3.997258167559381e-07
20.0	147.1387505891204	2.8e-05	0.07737332519149653	0.07737402351629356	0.07737473054802901	2.873993505205164e-07
20.0	147.1387505891204	2.8400000000000003e-05	0.07737282839472481	0.07737337700821773	0.0773737778254091	1.9961580154779577e-07
20.0	147.1387505891204	2.88e-05	0.07737234791332792	0.0773727444983025	0.07737307289328577	1.7046663755091777e-07
20.0	147.1387505891204	2.92e-05	0.07737145969510717	0.07737210219794373	0.07737260124446976	2.3520397363687693e-07
20.0	147.1387505891204	2.96e-05	0.07737052843143921	0.07737145348385711	0.07737223864727394	3.6114533493239496e-07
20.0	147.1387505891204	2.9999999999999997e-05	0.07736952649870243	0.07737075851184111	0.07737167113626775	5.064697584915623e-07
20.0	147.1387505891204	3.04e-05	0.07736842116378995	0.07737001934259352	0.07737114408103807	6.994436248874105e-07
20.0	147.1387505891204	3.0799999999999996e-05	0.0773671743800346	0.07736911836651217	0.0773704738813148	8.984308427911398e-07
20.0	147.1387505891204	3.12e-05	0.07736574605048041	0.0773680769083942	0.07736985312298916	1.1563071129726037e-06
20.0	147.1387505891204	3.16e-05	0.07736410531004978	0.07736668660791873	0.07736887932859648	1.4320891576871374e-06
20.0	147.1387505891204	3.2e-05	0.07736225604944913	0.07736475751687526	0.07736745190847216	1.7157781866977483e-06
20.0	147.1387505891204	3.2399999999999995e-05	0.0773599667385323	0.0773604549028264	0.07736089428478543	2.2784492170282526e-07
20.0	147.1387505891204	3.2800000000000004e-05	0.07735290905358028	0.07735605107198115	0.07735914044091885	1.9617105880431585e-06
20.0	147.1387505891204	3.32e-05	0.07735157509482615	0.07735422001509164	0.0773575259164545	1.680738510979978e-06
20.0	147.1387505891204	3.36e-05	0.07735075858506235	0.0773529819894387	0.07735610950373317	1.411707159706144e-06
20.0	147.1387505891204	3.4e-05	0.07735032128940222	0.07735213612643771	0.0773549070584556	1.1676981604629263e-06
20.0	147.1387505891204	3.4399999999999996e-05	0.07734984000638079	0.0773514531209473	0.07735389696510442	9.903384477323003e-07
20.0	147.1387505891204	3.4800000000000006e-05	0.07734952902214332	0.0773509666448589	0.07735305055053576	8.286979684571799e-07
20.0	147.1387505891204	3.52e-05	0.07734924256338083	0.07735056363000292	0.07735233857544355	6.962824291843936e-07
20.0	147.1387505891204	3.56e-05	0.07734904428440892	0.0773502375770965	0.07735173507963644	5.838024859799905e-07
20.0	147.1387505891204	3.6e-05	0.07734885042852202	0.07734994033711229	0.07735121858441918	4.998388582634396e-07
20.0	147.1387505891204	3.64e-05	0.07734878702263881	0.07734968703822412	0.07735077192940132	4.2243941011044303e-07
20.0	147.1387505891204	3.68e-05	0.07734863236927136	0.07734944356007638	0.07735038163739105	3.6872082132118155e-07
20.0	147.1387505891204	3.72e-05	0.07734845215474007	0.07734921218467673	0.07735003720643707	3.290861796997716e-07
20.0	147.1387505891204	3.76e-05	0.0773482824266658	0.07734899344587136	0.07734973047634863	2.981943942173291e-07
20.0	147.1387505891204	3.7999999999999995e-05	0.07734812754218812	0.07734878688269614	0.07734945510614999	2.731592278939961e-07
20.0	147.1387505891204	3.8400000000000005e-05	0.07734799093324884	0.07734859694382426	0.07734920615732044	2.527558112646515e-07
20.0	147.1387505891204	3.88e-05	0.07734787618071959	0.07734841794345067	0.07734897976553601	2.360318871341781e-07
20.0	147.1387505891204	3.9200000000000004e-05	0.07734777019368089	0.07734825290588551	0.07734877288134534	2.2336650325670105e-07
20.0	147.1387505891204	3.96e-05	0.07734766367841495	0.07734810643797989	0.07734858305738879	2.1039599751900675e-07
20.0	147.1387505891204	3.9999999999999996e-05	0.077347552419047	0.07734797321900808	0.07734840824871281	2.0183692715421707e-07
20.0	147.1387505891204	4.0400000000000006e-05	0.07734744876964594	0.07734784753598488	0.07734824656746753	1.9464845933573496e-07
20.0	147.1387505891204	4.08e-05	0.07734736440349543	0.07734773404063248	0.07734809591918612	1.8929861361936093e-07
20.0	147.1387505891204	4.12e-05	0.07734728107145461	0.07734763194493274	0.07734795374493242	1.8502432047145361e-07
20.0	147.1387505891204	4.16e-05	0.07734719752772445	0.07734754514055919	0.07734782864366618	1.8236615418949904e-07
20.0	147.1387505891204	4.2e-05	0.07734712100078589	0.07734748684006315	0.07734772582602911	1.772369973122313e-07
21.0	158.23802247688457	0.0	0.07965058586293239	0.07965361319919238	0.07965506212265705	9.866196104204796e-07
21.0	158.23802247688457	4e-07	0.07964860499891646	0.07965171435432941	0.07965322425509758	1.025682137299919e-06
21.0	158.23802247688457	8e-07	0.07964642321449489	0.0796498328538636	0.07965170904694041	1.1516242487258623e-06
21.0	158.23802247688457	1.2000000000000002e-06	0.07964402710830498	0.07964797376344027	0.07965084493502772	1.3942304536503756e-06
21.0	158.23802247688457	1.6e-06	0.07964138363621132	0.07964601255266267	0.07964922560282428	1.6885457698718408e-06
21.0	158.23802247688457	2e-06	0.07963844228810846	0.0796439992580491	0.07964776427052556	2.1063212965510803e-06
21.0	158.23802247688457	2.4000000000000003e-06	0.07963513482723084	0.07964176055181729	0.07964617337948088	2.5944923299962737e-06
21.0	158.23802247688457	2.8000000000000003e-06	0.07963137618903104	0.0796392959415587	0.07964443720291481	3.230849948840161e-06
21.0	158.23802247688457	3.2e-06	0.0796270675905344	0.07963616321578498	0.07964210806099548	3.913763723197373e-06
21.0	158.23802247688457	3.6e-06	0.07962210497512157	0.07963247378674099	0.07963995708206628	4.840856325051704e-06
21.0	158.23802247688457	4e-06	0.07961645907502746	0.07962739752894894	0.07963640113414439	5.845619183097715e-06
21.0	158.23802247688457	4.4e-06	0.07961019475725095	0.07962020485955133	0.07963101589156985	6.8826764786297374e-06
21.0	158.23802247688457	4.800000000000001e-06	0.079603215510887	0.07960373540745261	0.07960419153042153	2.233889082112699e-07
21.0	158.23802247688457	5.2e-06	0.07957687315213224	0.07958722499625001	0.07959700167657147	7.0096955573328914e-06
21.0	158.23802247688457	5.600000000000001e-06	0.07957162869629908	0.07958016249641027	0.07959081157544823	5.938436852020348e-06
21.0	158.23802247688457	6e-06	0.07956827047321813	0.07957526488214108	0.07958527842110019	4.906041420765807e-06
21.0	158.23802247688457	6.4e-06	0.07956632419246734	0.07957178790800545	0.07958045543614656	3.9554080355688266e-06
21.0	158.23802247688457	6.8e-06	0.07956424594008737	0.07956889516843886	0.07957629537672872	3.245252330326408e-06
21.0	158.23802247688457	7.2e-06	0.07956277875648254	0.07956669652461362	0.07957269242234499	2.5734561334493353e-06
21.0	158.23802247688457	7.6e-06	0.07956146553839005	0.07956475652177464	0.0795695301846564	2.0278161648200487e-06
21.0	158.23802247688457	8e-06	0.07956035082544766	0.07956306418252587	0.07956670885547812	1.5328311103885805e-06
21.0	158.23802247688457	8.4e-06	0.07955916672417995	0.07956144888821788	0.07956414240007259	1.134059651807712e-06
21.0	158.23802247688457	8.8e-06	0.07955861659607955	0.07955995041909358	0.07956175781721786	7.436850311856816e-07
21.0	158.23802247688457	9.2e-06	0.07955763290643336	0.07955845491059838	0.07955949234863713	4.264447739129037e-07
21.0	158.23802247688457	9.600000000000001e-06	0.07955652513910039	0.07955696941855302	0.07955729012544843	1.530576970094414e-07
21.0	158.23802247688457	9.999999999999999e-06	0.07955501884216698	0.07955549727712329	0.07955584792886405	1.9636712426148677e-07
21.0	158.23802247688457	1.04e-05	0.079552827315581	0.0795540428362352	0.07955511890794842	5.223806013385976e-07
21.0	158.23802247688457	1.08e-05	0.07955050170523936	0.07955252799450546	0.0795540305385547	8.610371650613088e-07
21.0	158.23802247688457	1.1200000000000001e-05	0.07954802053845356	0.07955097351161411	0.07955301032442286	1.2671330657497975e-06
21.0	158.23802247688457	1.16e-05	0.07954531511701557	0.07954925728777315	0.07955175275243853	1.701379787744319e-06
21.0	158.23802247688457	1.2e-05	0.07954230794205319	0.07954737618869817	0.07955044520233479	2.2408662492558856e-06
21.0	158.23802247688457	1.24e-05	0.07953891629431187	0.07954499727513138	0.0795487387155287	2.8014139152010134e-06
21.0	158.23802247688457	1.28e-05	0.07953505070597178	0.07954219324962826	0.07954711966205075	3.537138450731709e-06
21.0	158.23802247688457	1.32e-05	0.07953068326046608	0.07953834503492652	0.0795444569460253	4.327711339071115e-06
21.0	158.23802247688457	1.36e-05	0.0795258610949201	0.07953289645126321	0.07954042206220979	5.141290658389325e-06
21.0	158.23802247688457	1.4e-05	0.07952001851679835	0.07952043826856325	0.07952081234635955	1.8073805631455615e-07
21.0	158.23802247688457	1.44e-05	0.07949971208449469	0.07950788941326714	0.07951574979574882	5.3681522959105985e-06
21.0	158.23802247688457	1.48e-05	0.07949577808395247	0.07950253813928938	0.07951102391128018	4.5560521226388365e-06
21.0	158.23802247688457	1.52e-05	0.07949327192833433	0.07949883764967565	0.07950680928899345	3.7726489347560323e-06
21.0	158.23802247688457	1.56e-05	0.07949183302730933	0.07949622137259708	0.07950314517037604	3.052404191695684e-06
21.0	158.23802247688457	1.6e-05	0.07949028722796836	0.07949405129192291	0.07949999595703883	2.515638840937681e-06
21.0	158.23802247688457	1.6400000000000002e-05	0.07948921784567187	0.07949241208453417	0.0794972771097715	2.0108890376338767e-06
21.0	158.23802247688457	1.68e-05	0.0794882336546543	0.07949097430735799	0.07949490124821423	1.5999189096863989e-06
21.0	158.23802247688457	1.7199999999999998e-05	0.07948742442499235	0.07948972815794705	0.07949279228023087	1.2305381985230841e-06
21.0	158.23802247688457	1.76e-05	0.07948657245464652	0.07948854319940257	0.07949088493266565	9.355159159401063e-07
21.0	158.23802247688457	1.8e-05	0.07948618332957835	0.07948745119546058	0.07948912418367282	6.50155132002361e-07
21.0	158.23802247688457	1.84e-05	0.07948547402906492	0.07948636433370046	0.07948746315829869	4.2489794953385636e-07
21.0	158.23802247688457	1.88e-05	0.07948466705916157	0.07948528810686623	0.07948586062402718	2.405986446987645e-07
21.0	158.23802247688457	1.9200000000000003e-05	0.07948384373758977	0.07948422493407928	0.07948454054955878	1.5996307353567964e-07
21.0	158.23802247688457	1.9600000000000002e-05	0.07948237485682874	0.07948317759803245	0.07948393097795314	3.126632853033743e-07
21.0	158.23802247688457	1.9999999999999998e-05	0.07948084667825395	0.07948209490754793	0.0794831208709228	5.338495569855969e-07
21.0	158.23802247688457	2.04e-05	0.07947921507740574	0.0794809889657366	0.07948242838557196	8.088017541634e-07
21.0	158.23802247688457	2.08e-05	0.07947735374554732	0.07947977830954296	0.07948152330698743	1.103111967293196e-06
21.0	158.23802247688457	2.12e-05	0.07947526288759921	0.07947846252058441	0.07948059698066956	1.4730029817242905e-06
21.0	158.23802247688457	2.16e-05	0.0794729187342682	0.0794768149387279	0.07947936799205735	1.8555584606679653e-06
21.0	158.23802247688457	2.2e-05	0.07947026389267098	0.07947488292327255	0.07947824090291444	2.3556781488875695e-06
21.0	158.23802247688457	2.2400000000000002e-05	0.07946727417411736	0.07947225057028315	0.07947641321911103	2.8922290144944314e-06
21.0	158.23802247688457	2.28e-05	0.0794637845173316	0.07946854279909774	0.07947367355007895	3.444395583084117e-06
21.0	158.23802247688457	2.32e-05	0.07945963350993779	0.07946011802322579	0.07946055221499915	2.203754774547192e-07
21.0	158.23802247688457	2.36e-05	0.07944589115578538	0.07945159648398879	0.07945712295058183	3.6836261115219994e-06
21.0	158.23802247688457	2.4e-05	0.07944324551982529	0.07944798565057429	0.07945393287737179	3.1340542120211997e-06
21.0	158.23802247688457	2.44e-05	0.0794415763558236	0.07944550250671904	0.0794510994250679	2.6047554920995797e-06
21.0	158.23802247688457	2.48e-05	0.07944063450010042	0.07944376128213863	0.07944864812337737	2.119769888554713e-06
21.0	158.23802247688457	2.5200000000000003e-05	0.07943961460531934	0.07944232608792279	0.0794465550227601	1.7605304769891421e-06
21.0	158.23802247688457	2.56e-05	0.07943892764164762	0.07944125636831864	0.0794447601333701	1.4253728321538105e-06
21.0	158.23802247688457	2.6e-05	0.07943828150744903	0.07944032969449467	0.07944320528989568	1.1519388893725466e-06
21.0	158.23802247688457	2.64e-05	0.07943777413056097	0.07943953790434544	0.0794418391599283	9.097015473468789e-07
21.0	158.23802247688457	2.68e-05	0.07943724752717429	0.07943879125274834	0.07944061810191805	7.194677098759317e-07
21.0	158.23802247688457	2.72e-05	0.07943701919773272	0.0794381132946685	0.07943950579773595	5.380406936526031e-07
21.0	158.23802247688457	2.76e-05	0.07943658438118728	0.07943744276064552	0.0794384718748935	3.995215748664041e-07
21.0	158.23802247688457	2.8e-05	0.07943608581954198	0.07943678355542343	0.07943749029148073	2.8713947376494514e-07
21.0	158.23802247688457	2.8400000000000003e-05	0.0794355892993126	0.07943613716839848	0.07943653776671944	1.9923834087562911e-07
21.0	158.23802247688457	2.88e-05	0.07943510934066023	0.07943550478664625	0.07943583166850399	1.6994418780431593e-07
21.0	158.23802247688457	2.92e-05	0.07943422133921896	0.07943486265067823	0.07943536028128317	2.3476070353855533e-07
21.0	158.23802247688457	2.96e-05	0.07943329031894919	0.07943421408170652	0.07943499857324543	3.607654736995006e-07
21.0	158.23802247688457	2.9999999999999997e-05	0.0794322886639689	0.07943351926996192	0.0794344302269927	5.061167972332887e-07
21.0	158.23802247688457	3.04e-05	0.07943118365150781	0.07943278027360315	0.07943390409502804	6.990556437568366e-07
21.0	158.23802247688457	3.0799999999999996e-05	0.07942993724821701	0.07943187956750195	0.07943323353595666	8.980569321435592e-07
21.0	158.23802247688457	3.12e-05	0.0794285093724314	0.07943083839607919	0.07943261352924491	1.1559070366911782e-06
21.0	158.23802247688457	3.16e-05	0.0794268691718667	0.07942944838607598	0.0794316398597168	1.431506503461107e-06
21.0	158.23802247688457	3.2e-05	0.07942502053725864	0.0794275197268422	0.07943021204367184	1.7148431990287396e-06
21.0	158.23802247688457	3.2399999999999995e-05	0.07942273099311326	0.07942321874394673	0.0794236574310494	2.272594456868459e-07
21.0	158.23802247688457	3.2800000000000004e-05	0.07941567611324363	0.07941881632174244	0.07942190421630269	1.9612082470117915e-06
21.0	158.23802247688457	3.32e-05	0.07941434344278075	0.07941698614794404	0.07942029029623487	1.6800587550456223e-06
21.0	158.23802247688457	3.36e-05	0.07941352740275143	0.07941574875093202	0.07941887443676254	1.4110022561902852e-06
21.0	158.23802247688457	3.4e-05	0.0794130903190089	0.07941490325667076	0.07941767276862333	1.1670993284310628e-06
21.0	158.23802247688457	3.4399999999999996e-05	0.0794126091152787	0.07941422053077947	0.07941666311392837	9.898381616209483e-07
21.0	158.23802247688457	3.4800000000000006e-05	0.07941229849297926	0.07941373430345569	0.07941581709351198	8.282291163497326e-07
21.0	158.23802247688457	3.52e-05	0.07941201237716289	0.07941333149523795	0.07941510547465036	6.958649273555664e-07
21.0	158.23802247688457	3.56e-05	0.07941181360996641	0.07941300562027734	0.0794145023037105	5.834173482509588e-07
21.0	158.23802247688457	3.6e-05	0.07941161915940231	0.07941270852590662	0.07941398610788752	4.995150247027086e-07
21.0	158.23802247688457	3.64e-05	0.07941155585306614	0.07941245538720039	0.07941353973176657	4.221278324943437e-07
21.0	158.23802247688457	3.68e-05	0.07941140166108074	0.07941221208132998	0.07941314970214908	3.684087360638039e-07
21.0	158.23802247688457	3.72e-05	0.0794112217651346	0.07941198088274372	0.07941280552010177	3.287639069666622e-07
21.0	158.23802247688457	3.76e-05	0.07941105244281488	0.07941176232532265	0.07941249902748204	2.97850008032282e-07
21.0	158.23802247688457	3.7999999999999995e-05	0.07941089812522506	0.07941155595456395	0.07941222388438351	2.727761654189515e-07
21.0	158.23802247688457	3.8400000000000005e-05	0.07941076221581156	0.0794113662428668	0.07941197515234055	2.5229257895957554e-07
21.0	158.23802247688457	3.88e-05	0.07941064818590693	0.07941118745193777	0.07941174896600067	2.3550916048065818e-07
21.0	158.23802247688457	3.9200000000000004e-05	0.07941054220430566	0.07941102264614275	0.07941154227372849	2.227816095380628e-07
21.0	158.23802247688457	3.96e-05	0.0794104359285237	0.07941087638668926	0.0794113526247644	2.097449157044072e-07
21.0	158.23802247688457	3.9999999999999996e-05	0.07941032497833422	0.07941074343719587	0.07941117796958963	2.0109549191560574e-07
21.0	158.23802247688457	4.0400000000000006e-05	0.07941022172844825	0.07941061800454695	0.07941101641492221	1.9383343085057943e-07
21.0	158.23802247688457	4.08e-05	0.0794101377699441	0.07941050463514729	0.07941086586094137	1.884572677902707e-07
21.0	158.23802247688457	4.12e-05	0.0794100535674449	0.07941040255726449	0.0794107237466255	1.841750534098845e-07
21.0	158.23802247688457	4.16e-05	0.07940996966226788	0.07941031558625129	0.07941059868628297	1.815307308793843e-07
21.0	158.23802247688457	4.2e-05	0.07940989328858361	0.07941025727754798	0.0794104960175952	1.763733902688095e-07
22.0	169.33729436464873	0.0	0.0815859400641763	0.08158896779422721	0.0815904168595285	9.866993496629056e-07
22.0	169.33729436464873	4e-07	0.0815839592070775	0.08158706895838923	0.08158857864145741	1.025751517265657e-06
22.0	169.33729436464873	8e-07	0.08158177744830564	0.08158518747823106	0.08158706330050247	1.1516592596877654e-06
22.0	169.33729436464873	1.2000000000000002e-06	0.08157938138757714	0.08158332842077523	0.08158619906760212	1.3942100536175813e-06
22.0	169.33729436464873	1.6e-06	0.08157673798361742	0.08158136728527575	0.08158458040072158	1.6885214728929743e-06
22.0	169.33729436464873	2e-06	0.08157379673084098	0.08157935404760991	0.08158311956672559	2.1062510975346713e-06
22.0	169.33729436464873	2.4000000000000003e-06	0.0815704893988185	0.08157711540747206	0.081581527868817	2.594374883903998e-06
22.0	169.33729436464873	2.8000000000000003e-06	0.08156673093123423	0.081574650886261	0.08157979244979341	3.2306658448753e-06
22.0	169.33729436464873	3.2e-06	0.08156242321484708	0.08157151833695601	0.081577463126143	3.91356847242154e-06
22.0	169.33729436464873	3.6e-06	0.08155746084198778	0.08156782909258907	0.08157531268188833	4.840610782840207e-06
22.0	169.33729436464873	4e-06	0.08155181524069466	0.08156275302343004	0.08157175684836826	5.845204786828207e-06
22.0	169.33729436464873	4.4e-06	0.0815455512771166	0.0815555606539575	0.08156637135461509	6.881952553300775e-06
22.0	169.33729436464873	4.800000000000001e-06	0.08153857226288608	0.08153909248770967	0.08153954968156718	2.2395266130609379e-07
22.0	169.33729436464873	5.2e-06	0.08151223223986737	0.08152258299824355	0.08153235864507824	7.009525804735254e-06
22.0	169.33729436464873	5.600000000000001e-06	0.08150698874866524	0.08151552115340856	0.08152616901895104	5.938103091426646e-06
22.0	169.33729436464873	6e-06	0.08150363087700452	0.08151062401947011	0.0815206363089862	4.905679455093086e-06
22.0	169.33729436464873	6.4e-06	0.08150168433700689	0.08150714734197896	0.08151581373054473	3.955127941391965e-06
22.0	169.33729436464873	6.8e-06	0.08149960658472111	0.08150425483209658	0.08151165422301077	3.2450606066885024e-06
22.0	169.33729436464873	7.2e-06	0.08149813886358004	0.08150205641412239	0.08150805158967067	2.573292839792254e-06
22.0	169.33729436464873	7.6e-06	0.08149682670537306	0.08150011662590344	0.08150488965598335	2.0276836340313523e-06
22.0	169.33729436464873	8e-06	0.0814957116959425	0.08149842447605118	0.0815020686183372	1.5327298312019757e-06
22.0	169.33729436464873	8.4e-06	0.08149452715747074	0.0814968093422214	0.08149950244663984	1.1340236764360767e-06
22.0	169.33729436464873	8.8e-06	0.08149397723674312	0.08149531105291803	0.08149711814436511	7.436671480454137e-07
22.0	169.33729436464873	9.2e-06	0.08149299372445196	0.08149381573349362	0.08149485295810432	4.264337305790582e-07
22.0	169.33729436464873	9.600000000000001e-06	0.08149188652749118	0.08149233043103146	0.08149265102422643	1.5298060189212863e-07
22.0	169.33729436464873	9.999999999999999e-06	0.08149038112311935	0.08149085847941498	0.08149120877307858	1.9613592144441945e-07
22.0	169.33729436464873	1.04e-05	0.08148818857664608	0.08148940423614774	0.08149047868479187	5.221371067299915e-07
22.0	169.33729436464873	1.08e-05	0.08148586330097629	0.08148788963452819	0.08148939064189431	8.60788484719616e-07
22.0	169.33729436464873	1.1200000000000001e-05	0.08148338251173648	0.08148633537869021	0.08148837143760002	1.2668152520995034e-06
22.0	169.33729436464873	1.16e-05	0.08148067752557431	0.08148461941161854	0.08148711379135509	1.7009848919361603e-06
22.0	169.33729436464873	1.2e-05	0.08147767086143798	0.0814827386084618	0.08148580754992008	2.2403544860856092e-06
22.0	169.33729436464873	1.24e-05	0.081474279820136	0.08148036013593084	0.08148410121482463	2.8008386088086393e-06
22.0	169.33729436464873	1.28e-05	0.0814704152236514	0.0814775566110467	0.08148248292666871	3.5364424309907373e-06
22.0	169.33729436464873	1.32e-05	0.08146604859885453	0.0814737090171724	0.08147982061597148	4.32675843774786e-06
22.0	169.33729436464873	1.36e-05	0.0814612273666313	0.08146826135287623	0.08147578589398563	5.139930848967798e-06
22.0	169.33729436464873	1.4e-05	0.08145538645307315	0.08145580590378858	0.08145617946989958	1.802986328880443e-07
22.0	169.33729436464873	1.44e-05	0.08143508433280111	0.08144325947590317	0.08145111799729854	5.367307774138085e-06
22.0	169.33729436464873	1.48e-05	0.0814311518245896	0.08143790951193897	0.08144639314458857	4.555131455780122e-06
22.0	169.33729436464873	1.52e-05	0.08142864633740388	0.08143420995968004	0.08144217946706878	3.771788769964574e-06
22.0	169.33729436464873	1.56e-05	0.0814272072933031	0.08143159429938034	0.08143851619328846	3.0517143004958786e-06
22.0	169.33729436464873	1.6e-05	0.08142566224326142	0.08142942471525216	0.08143536773572002	2.515101550613896e-06
22.0	169.33729436464873	1.6400000000000002e-05	0.08142459239523347	0.08142778593631302	0.08143264955438578	2.010439510014433e-06
22.0	169.33729436464873	1.68e-05	0.08142360949129301	0.08142634854743429	0.08143027430104244	1.5995555551196217e-06
22.0	169.33729436464873	1.7199999999999998e-05	0.08142280001319158	0.08142510274271057	0.08142816589731794	1.230247854199652e-06
22.0	169.33729436464873	1.76e-05	0.08142194767611155	0.08142391809469976	0.08142625908269618	9.353204935033143e-07
22.0	169.33729436464873	1.8e-05	0.08142155877095902	0.08142282641138188	0.08142449884682801	6.49998514684908e-07
22.0	169.33729436464873	1.84e-05	0.0814208497215061	0.08142173988234636	0.08142283832546848	4.247471960329161e-07
22.0	169.33729436464873	1.88e-05	0.08142004345364118	0.0814206639913598	0.08142123629651898	2.4037431822010826e-07
22.0	169.33729436464873	1.9200000000000003e-05	0.08141922117041567	0.08141960115707274	0.08141991632876877	1.594978581789995e-07
22.0	169.33729436464873	1.9600000000000002e-05	0.0814177527982638	0.08141855416892727	0.08141930592805657	3.1221217878571605e-07
22.0	169.33729436464873	1.9999999999999998e-05	0.08141622517361746	0.08141747187694084	0.08141849615558616	5.334240141964837e-07
22.0	169.33729436464873	2.04e-05	0.08141459418860553	0.08141636632718482	0.08141780460834624	8.083058328702197e-07
22.0	169.33729436464873	2.08e-05	0.08141273215420597	0.08141515611602801	0.0814168991309332	1.1025360935432757e-06
22.0	169.33729436464873	2.12e-05	0.08141064208963389	0.08141384081613819	0.08141597394041877	1.4722762971780166e-06
22.0	169.33729436464873	2.16e-05	0.08140829886105294	0.08141219391057973	0.08141474489523404	1.854730508009471e-06
22.0	169.33729436464873	2.2e-05	0.0814056453373162	0.08141026266746533	0.08141361883508225	2.3546788928647755e-06
22.0	169.33729436464873	2.2400000000000002e-05	0.08140265685832837	0.08140763128606343	0.08141179175279678	2.890897904346173e-06
22.0	169.33729436464873	2.28e-05	0.08139917012988285	0.08140392492629958	0.08140905242232144	3.4425664022567744e-06
22.0	169.33729436464873	2.32e-05	0.0813950199269442	0.08139550403782964	0.08139593765396658	2.198250236175778e-07
22.0	169.33729436464873	2.36e-05	0.0813812842048085	0.08138698622116353	0.0813925099556263	3.68218057575637e-06
22.0	169.33729436464873	2.4e-05	0.08137864057895872	0.0813833772648448	0.08138932137287913	3.1325915762782014e-06
22.0	169.33729436464873	2.44e-05	0.08137697235693064	0.08138089544835704	0.08138648927551007	2.6034211100008102e-06
22.0	169.33729436464873	2.48e-05	0.08137603036635	0.0813791550989964	0.08138403917424775	2.118684250601734e-06
22.0	169.33729436464873	2.5200000000000003e-05	0.08137501148815574	0.08137772061090845	0.08138194715555702	1.7596520981952804e-06
22.0	169.33729436464873	2.56e-05	0.08137432508816556	0.0813766514692252	0.08138015319662273	1.4246313539762552e-06
22.0	169.33729436464873	2.6e-05	0.0813736794781752	0.08137572529722728	0.08137859918876256	1.1513404358561342e-06
22.0	169.33729436464873	2.64e-05	0.08137317181071602	0.08137493395341752	0.08137723382057427	9.092121909767634e-07
22.0	169.33729436464873	2.68e-05	0.08137264482453066	0.0813741877100095	0.08137601346931245	7.190991997537994e-07
22.0	169.33729436464873	2.72e-05	0.08137241666911432	0.08137351016078759	0.08137490183336915	5.377358077289797e-07
22.0	169.33729436464873	2.76e-05	0.08137198212405394	0.08137284005047005	0.08137386855492057	3.992430870999246e-07
22.0	169.33729436464873	2.8e-05	0.08137148438594721	0.08137218127579754	0.08137288760553218	2.868394843740703e-07
22.0	169.33729436464873	2.8400000000000003e-05	0.08137098844311197	0.08137153532552045	0.08137193571744294	1.988189863383091e-07
22.0	169.33729436464873	2.88e-05	0.08137050942167434	0.08137090339140482	0.08137122876783387	1.6931257969971958e-07
22.0	169.33729436464873	2.92e-05	0.08136962207988319	0.08137026175426668	0.08137075740073385	2.3413571310483016e-07
22.0	169.33729436464873	2.96e-05	0.08136869177752892	0.0813696136803125	0.0813703967124555	3.601402253973964e-07
22.0	169.33729436464873	2.9999999999999997e-05	0.08136769092023943	0.08136891942904631	0.0813698284566362	5.054904847678532e-07
22.0	169.33729436464873	3.04e-05	0.08136658681278686	0.08136818101343124	0.08136930370807605	6.983086968621649e-07
22.0	169.33729436464873	3.0799999999999996e-05	0.08136534145638663	0.08136728106685495	0.08136863300856056	8.972320275925937e-07
22.0	169.33729436464873	3.12e-05	0.0813639148088825	0.08136624074419929	0.08136801427166507	1.1549377524360194e-06
22.0	169.33729436464873	3.16e-05	0.08136227605255986	0.08136485175373248	0.0813670412347518	1.4301995012505708e-06
22.0	169.33729436464873	3.2e-05	0.08136042908345864	0.0813629245434858	0.08136561363521011	1.7130061716853197e-06
22.0	169.33729436464873	3.2399999999999995e-05	0.0813581404354835	0.08135862754060935	0.0813590653687628	2.2657205697734753e-07
22.0	169.33729436464873	3.2800000000000004e-05	0.0813510931162238	0.08135422920501355	0.08135731379137301	1.9594779876748505e-06
22.0	169.33729436464873	3.32e-05	0.0813497627230646	0.08135240107091309	0.08135570142351511	1.6782901835327532e-06
22.0	169.33729436464873	3.36e-05	0.08134894768699574	0.08135116509455967	0.08135428715245219	1.4093586102446267e-06
22.0	169.33729436464873	3.4e-05	0.08134851103114205	0.08135032049857126	0.08135308682741549	1.165723905298971e-06
22.0	169.33729436464873	3.4399999999999996e-05	0.08134803024973802	0.0813496384793676	0.08135207823899471	9.886777159867228e-07
22.0	169.33729436464873	3.4800000000000006e-05	0.08134772019280945	0.08134915280070054	0.08135123314689618	8.27208302684528e-07
22.0	169.33729436464873	3.52e-05	0.08134743467281869	0.08134875042733923	0.08135052234102513	6.950136704496132e-07
22.0	169.33729436464873	3.56e-05	0.08134723540870858	0.08134842493620796	0.081349919889246	5.826760281657813e-07
22.0	169.33729436464873	3.6e-05	0.08134704038223362	0.08134812818676675	0.0813494043373657	4.988907444885357e-07
22.0	169.33729436464873	3.64e-05	0.08134697710262717	0.08134787538577987	0.08134895854526558	4.2156967211220657e-07
22.0	169.33729436464873	3.68e-05	0.08134682343929	0.081347632432385	0.0813485690518494	3.678845488041867e-07
22.0	169.33729436464873	3.72e-05	0.08134664379262446	0.08134740159588832	0.08134822536739694	3.282458529343884e-07
22.0	169.33729436464873	3.76e-05	0.08134647534133954	0.08134718340947016	0.08134791934038965	2.973115178760429e-07
22.0	169.33729436464873	3.7999999999999995e-05	0.08134632184602442	0.0813469774201377	0.08134764463520039	2.721946201447162e-07
22.0	169.33729436464873	3.8400000000000005e-05	0.08134618692418272	0.08134678812167564	0.0813473963154463	2.516241475258815e-07
22.0	169.33729436464873	3.88e-05	0.08134607389715942	0.08134660973086025	0.0813471705157518	2.3476869988438127e-07
22.0	169.33729436464873	3.9200000000000004e-05	0.08134596800458915	0.08134644536813897	0.08134696418240228	2.2195996947570048e-07
22.0	169.33729436464873	3.96e-05	0.08134586207851147	0.08134629949011554	0.0813467748605774	2.0884898922229893e-07
22.0	169.33729436464873	3.9999999999999996e-05	0.08134575156574364	0.08134616696545734	0.08134660049502251	2.0009856261412946e-07
22.0	169.33729436464873	4.0400000000000006e-05	0.08134564876885442	0.08134604192343582	0.08134643918601459	1.9275602632993662e-07
22.0	169.33729436464873	4.08e-05	0.08134556494852063	0.08134592877962324	0.08134628882967299	1.873542404868423e-07
22.0	169.33729436464873	4.12e-05	0.08134548046327517	0.08134582678322588	0.08134614687321307	1.830655176620762e-07
22.0	169.33729436464873	4.16e-05	0.08134539615438197	0.08134573965309783	0.08134602182806194	1.8043541233317827e-07
22.0	169.33729436464873	4.2e-05	0.08134531999559247	0.0813456815955545	0.08134591974784211	1.7525543336024796e-07
23.0	180.4365662524129	0.0	0.08342419547912261	0.08342722328116389	0.08342867228004902	9.866659064003306e-07
23.0	180.4365662524129	4e-07	0.08342221463451605	0.08342532445857079	0.08342683408318852	1.0257053529489837e-06
23.0	180.4365662524129	8e-07	0.0834200329219108	0.08342344301373274	0.08342531836719758	1.1515744562358894e-06
23.0	180.4365662524129	1.2000000000000002e-06	0.08341763694241067	0.08342158401422183	0.08342445412683652	1.3940657813653873e-06
23.0	180.4365662524129	1.6e-06	0.08341499365892169	0.0834196229910575	0.08342283622842661	1.6883683143240744e-06
23.0	180.4365662524129	2e-06	0.08341205257259343	0.0834176098608469	0.08342137604432587	2.106046127990309e-06
23.0	180.4365662524129	2.4000000000000003e-06	0.08340874546255073	0.08341537136748894	0.08341978342913947	2.594135257815157e-06
23.0	180.4365662524129	2.8000000000000003e-06	0.08340498728509349	0.08341290701704213	0.08341804894646909	3.230345514664273e-06
23.0	180.4365662524129	3.2e-06	0.0834006805089782	0.08340977475284629	0.08341571940395287	3.9132166856368675e-06
23.0	180.4365662524129	3.6e-06	0.08339571857296058	0.08340608582780831	0.0834135697121896	4.840182864565925e-06
23.0	180.4365662524129	4e-06	0.08339007350959982	0.08340101013073685	0.08341001410936855	5.844557793699974e-06
23.0	180.4365662524129	4.4e-06	0.08338381018580954	0.0833938183430458	0.08340462846528052	6.880933184742188e-06
23.0	180.4365662524129	4.800000000000001e-06	0.08337683151428443	0.08337735219157331	0.08337781050782578	2.2451683615046877e-07
23.0	180.4365662524129	5.2e-06	0.08335049564945685	0.08336084453099615	0.0833706187341745	7.008963680305541e-06
23.0	180.4365662524129	5.600000000000001e-06	0.08334525354756117	0.08335378376644358	0.08336442992044102	5.937419604085198e-06
23.0	180.4365662524129	6e-06	0.08334189625339317	0.08334888742439212	0.08335889797559659	4.905019298172303e-06
23.0	180.4365662524129	6.4e-06	0.08333994943917578	0.08334541126486657	0.08335407610051249	3.954617762305036e-06
23.0	180.4365662524129	6.8e-06	0.08333787244565283	0.08334251917536717	0.08334991736877484	3.2446887436339605e-06
23.0	180.4365662524129	7.2e-06	0.08333640416597365	0.08334032113352575	0.08334631530967496	2.573001524976487e-06
23.0	180.4365662524129	7.6e-06	0.08333509333084876	0.08333838168653845	0.08334315391705083	2.027489465566651e-06
23.0	180.4365662524129	8e-06	0.08333397800133646	0.08333668985920731	0.08334033339737257	1.5326109886374903e-06
23.0	180.4365662524129	8.4e-06	0.08333279305392693	0.08333507502539159	0.08333776773057266	1.1340067731251364e-06
23.0	180.4365662524129	8.8e-06	0.0833322432921717	0.08333357705658158	0.08333538392995532	7.437092539598193e-07
23.0	180.4365662524129	9.2e-06	0.08333125999290214	0.08333208207712546	0.08333311925195908	4.26516395633927e-07
23.0	180.4365662524129	9.600000000000001e-06	0.08333015350616968	0.08333059712691399	0.08333091784323976	1.5300727864163152e-07
23.0	180.4365662524129	9.999999999999999e-06	0.08332864950289842	0.08332912553914806	0.08332947517197198	1.9576612847355788e-07
23.0	180.4365662524129	1.04e-05	0.0833264563198517	0.08332767167580743	0.08332874444950544	5.217060501571452e-07
23.0	180.4365662524129	1.08e-05	0.08332413167850028	0.0833261575164146	0.08332765648771812	8.603124362066315e-07
23.0	180.4365662524129	1.1200000000000001e-05	0.08332165160308236	0.08332460370826635	0.08332663836875831	1.266222046366693e-06
23.0	180.4365662524129	1.16e-05	0.0833189474354814	0.0833228882684502	0.08332538130739486	1.700285765794132e-06
23.0	180.4365662524129	1.2e-05	0.0833159417250311	0.0833210080490247	0.083324076870543	2.2394676148100108e-06
23.0	180.4365662524129	1.24e-05	0.08331255180702968	0.08331863038562798	0.08332237063887771	2.799809265975318e-06
23.0	180.4365662524129	1.28e-05	0.08330868878353659	0.08331582780003123	0.08332075351401613	3.5351886168051152e-06
23.0	180.4365662524129	1.32e-05	0.08330432368849827	0.08331198142513598	0.08331809201650309	4.325112604596151e-06
23.0	180.4365662524129	1.36e-05	0.08329950419528842	0.0833065355465847	0.08331405799241764	5.137725865675699e-06
23.0	180.4365662524129	1.4e-05	0.08329366571665009	0.08329408490656554	0.08329445803458757	1.7989605934233815e-07
23.0	180.4365662524129	1.44e-05	0.08327337198213858	0.08328154319502046	0.08328939852980266	5.365474282546679e-06
23.0	180.4365662524129	1.48e-05	0.08326944183197682	0.08327619556084309	0.083284675562326	4.55335021223643e-06
23.0	180.4365662524129	1.52e-05	0.08326693751586856	0.08327249766716333	0.08328046361109553	3.7702043870848933e-06
23.0	180.4365662524129	1.56e-05	0.08326549846746101	0.08326988313247222	0.08327680187953757	3.0504474226969297e-06
23.0	180.4365662524129	1.6e-05	0.0832639546007421	0.08326771447249827	0.08327365478881799	2.5140964513626624e-06
23.0	180.4365662524129	1.6400000000000002e-05	0.0832628843719494	0.08326607644968202	0.08327093782055073	2.0096290589990647e-06
23.0	180.4365662524129	1.68e-05	0.08326190314530546	0.0832646397279994	0.08326856366800772	1.5989445986228088e-06
23.0	180.4365662524129	1.7199999999999998e-05	0.0832610934816973	0.08326339453429032	0.08326645628025364	1.229792776742427e-06
23.0	180.4365662524129	1.76e-05	0.08326024088930506	0.08326221046336427	0.08326455042174352	9.350265199496508e-07
23.0	180.4365662524129	1.8e-05	0.08325985219599996	0.0832611193578204	0.08326279110455292	6.498110322659119e-07
23.0	180.4365662524129	1.84e-05	0.0832591435097525	0.08326003342763859	0.08326113148494674	4.2461634187863073e-07
23.0	180.4365662524129	1.88e-05	0.08325833818442163	0.08325895814957282	0.08325953036037959	2.401898660002345e-07
23.0	180.4365662524129	1.9200000000000003e-05	0.08325751746028587	0.08325789594103801	0.08325821047081394	1.5896106673108485e-07
23.0	180.4365662524129	1.9600000000000002e-05	0.08325604999886504	0.08325684959357162	0.0832575996080136	3.1157062533154576e-07
23.0	180.4365662524129	1.9999999999999998e-05	0.08325452336083039	0.08325576801492283	0.08325678994521901	5.327443987800131e-07
23.0	180.4365662524129	2.04e-05	0.08325289346737819	0.08325466319248373	0.08325609951793567	8.074851411711693e-07
23.0	180.4365662524129	2.08e-05	0.0832510313185626	0.08325345382156588	0.08325519445896212	1.1015900098601332e-06
23.0	180.4365662524129	2.12e-05	0.08324894267603877	0.08325213942609068	0.08325427083852599	1.4710800619017188e-06
23.0	180.4365662524129	2.16e-05	0.08324660109214577	0.08325049371526971	0.08325304200133399	1.8533259887362016e-06
23.0	180.4365662524129	2.2e-05	0.0832439497171098	0.08324856385177322	0.08325191747445349	2.352961554833016e-06
23.0	180.4365662524129	2.2400000000000002e-05	0.08324096343441933	0.08324593425725085	0.08325009155639762	2.8886717260885045e-06
23.0	180.4365662524129	2.28e-05	0.08323748079609583	0.08324223046812543	0.08324735330649524	3.439643551658659e-06
23.0	180.4365662524129	2.32e-05	0.08323333259903087	0.08323381620187806	0.08323424920031997	2.1923441354797005e-07
23.0	180.4365662524129	2.36e-05	0.08321960877591472	0.08322530512100428	0.0832308242342421	3.679407113677099e-06
23.0	180.4365662524129	2.4e-05	0.0832169682488324	0.08322169936698408	0.08322763824945412	3.1299702696898115e-06
23.0	180.4365662524129	2.44e-05	0.08321530159854174	0.08321921980042397	0.08322480851004777	2.601106696488908e-06
23.0	180.4365662524129	2.48e-05	0.08321435967262492	0.08321748096672928	0.08322236049302578	2.116805287884299e-06
23.0	180.4365662524129	2.5200000000000003e-05	0.08321334231979272	0.08321604771406525	0.08322027033590729	1.7581186974300644e-06
23.0	180.4365662524129	2.56e-05	0.08321265674413958	0.08321497954484663	0.08321847797830273	1.4233665654565103e-06
23.0	180.4365662524129	2.6e-05	0.08321201196099981	0.08321405420166395	0.08321692539841141	1.1503553106236034e-06
23.0	180.4365662524129	2.64e-05	0.08321150408815292	0.08321326360849872	0.08321556132347929	9.084335943198531e-07
23.0	180.4365662524129	2.68e-05	0.08321097683793077	0.08321251807358199	0.0832143421651228	7.185157964988738e-07
23.0	180.4365662524129	2.72e-05	0.08321074885137847	0.08321184121604742	0.08321323165157413	5.372886435241922e-07
23.0	180.4365662524129	2.76e-05	0.08321031470509954	0.08321117181816315	0.08321219945113434	3.9887380996745014e-07
23.0	180.4365662524129	2.8e-05	0.08320981805905703	0.08321051377118252	0.08321121955893318	2.8647589570142417e-07
23.0	180.4365662524129	2.8400000000000003e-05	0.08320932297774952	0.08320986856225415	0.08321026872954551	1.983251308410554e-07
23.0	180.4365662524129	2.88e-05	0.08320884527407202	0.08320923738230301	0.08320956120051815	1.685383239859851e-07
23.0	180.4365662524129	2.92e-05	0.08320795901830191	0.08320859656595388	0.08320908956771866	2.3330909430077585e-07
23.0	180.4365662524129	2.96e-05	0.08320702989050766	0.08320794932550789	0.08320873006154716	3.5926206639696377e-07
23.0	180.4365662524129	2.9999999999999997e-05	0.08320603033080154	0.08320725602548978	0.08320816279270904	5.045958509181105e-07
23.0	180.4365662524129	3.04e-05	0.08320492768775711	0.08320651858538729	0.0832076398607473	6.972164663038188e-07
23.0	180.4365662524129	3.0799999999999996e-05	0.08320368401732292	0.08320561986977314	0.08320696925393367	8.959786188614561e-07
23.0	180.4365662524129	3.12e-05	0.08320225934004366	0.08320458093286726	0.08320635225804462	1.1534288110979611e-06
23.0	180.4365662524129	3.16e-05	0.08320062289402674	0.08320319365587393	0.08320538034559721	1.428207740262716e-06
23.0	180.4365662524129	3.2e-05	0.08319877858658487	0.08320126885572025	0.08320395356731147	1.7103153366992159e-06
23.0	180.4365662524129	3.2399999999999995e-05	0.08319649191484135	0.08319697807266274	0.08319741486336163	2.2574883522421119e-07
23.0	180.4365662524129	3.2800000000000004e-05	0.0831894567382605	0.08319258641813496	0.08319566589905403	1.9565451121485175e-06
23.0	180.4365662524129	3.32e-05	0.08318812955345312	0.0831907614528185	0.08319405600231544	1.6754544783619608e-06
23.0	180.4365662524129	3.36e-05	0.08318731602915097	0.0831895276656852	0.08319264425891859	1.4067957575545912e-06
23.0	180.4365662524129	3.4e-05	0.08318688002219599	0.08318868448091485	0.08319144586732907	1.163586060436192e-06
23.0	180.4365662524129	3.4399999999999996e-05	0.08318639997508548	0.08318800357876376	0.08319043895115641	9.868698937286112e-07
23.0	180.4365662524129	3.4800000000000006e-05	0.0831860906833013	0.08318751873494849	0.08318959530281056	8.25646241486027e-07
23.0	180.4365662524129	3.52e-05	0.08318580597958203	0.08318711701176228	0.08318888575024808	6.937371648969155e-07
23.0	180.4365662524129	3.56e-05	0.08318560623553406	0.08318679210164162	0.08318828439732062	5.815828770821083e-07
23.0	180.4365662524129	3.6e-05	0.08318541065488994	0.08318649588953893	0.08318776982084053	4.979659870762259e-07
23.0	180.4365662524129	3.64e-05	0.08318534734839123	0.0831862435986733	0.08318732490605996	4.207596543733671e-07
23.0	180.4365662524129	3.68e-05	0.08318519407654534	0.08318600117119605	0.08318693621191287	3.671405618662946e-07
23.0	180.4365662524129	3.72e-05	0.08318501491607488	0.08318577087434283	0.08318659326396372	3.275236443722578e-07
23.0	180.4365662524129	3.76e-05	0.08318484734892628	0.0831855532398043	0.0831862879218388	2.965714999725727e-07
23.0	180.4365662524129	3.7999999999999995e-05	0.08318469522147343	0.08318534781078252	0.08318601385739832	2.7140987519071046e-07
23.0	180.4365662524129	3.8400000000000005e-05	0.08318456152537657	0.08318515910218932	0.08318576613844275	2.507481577429926e-07
23.0	180.4365662524129	3.88e-05	0.0831844497211165	0.08318498129329867	0.08318554090071384	2.338103796411035e-07
23.0	180.4365662524129	3.9200000000000004e-05	0.08318434400539765	0.0831848175765945	0.08318533508870019	2.2090349059311492e-07
23.0	180.4365662524129	3.96e-05	0.08318423855147827	0.08318467224810099	0.08318514624307749	2.0770967624669457e-07
23.0	180.4365662524129	3.9999999999999996e-05	0.08318412805535491	0.08318454030173235	0.08318497230185606	1.9884724565969938e-07
23.0	180.4365662524129	4.0400000000000006e-05	0.08318402594875707	0.08318441578961015	0.08318481135783085	1.9141741391578075e-07
23.0	180.4365662524129	4.08e-05	0.0831839428631147	0.08318430297846821	0.08318466130360846	1.8598788836553527e-07
23.0	180.4365662524129	4.12e-05	0.08318385820605201	0.08318420113949983	0.08318451960209572	1.8169107578557437e-07
23.0	180.4365662524129	4.16e-05	0.08318377349431394	0.08318411387652291	0.0831843945694386	1.7907241730007178e-07
23.0	180.4365662524129	4.2e-05	0.08318369757706012	0.08318405624335148	0.08318429342751088	1.7387995545741546e-07
24.0	191.53583814017705	0.0	0.0851923695231056	0.08519539716128753	0.0851968459591701	9.865425135003493e-07
24.0	191.53583814017705	4e-07	0.0851903886962786	0.08519349835724817	0.08519500779310007	1.025567131282495e-06
24.0	191.53583814017705	8e-07	0.08518820704927155	0.08519161696477806	0.08519349182588964	1.1513934386611709e-06
24.0	191.53583814017705	1.2000000000000002e-06	0.08518581118476032	0.08518975804848193	0.08519262768591318	1.3938191789082736e-06
24.0	191.53583814017705	1.6e-06	0.0851831680709143	0.08518779717555901	0.08519101067166357	1.6881070209174322e-06
24.0	191.53583814017705	2e-06	0.08518022721747975	0.08518578420518667	0.08518955127823435	2.105727470686105e-06
24.0	191.53583814017705	2.4000000000000003e-06	0.08517692041592628	0.0851835459436817	0.0851879576405068	2.593800070786777e-06
24.0	191.53583814017705	2.8000000000000003e-06	0.08517316263909791	0.0851810818452719	0.08518622427265043	3.2299184146551993e-06
24.0	191.53583814017705	3.2e-06	0.08516885692815368	0.08517794996986346	0.08518389449090602	3.912742540508082e-06
24.0	191.53583814017705	3.6e-06	0.08516389560559023	0.08517426148774364	0.0851817457499573	4.839610708501308e-06
24.0	191.53583814017705	4e-06	0.0851582512983926	0.08516918632549765	0.08517819048978392	5.843721760538027e-06
24.0	191.53583814017705	4.4e-06	0.08515198887680331	0.08516199536307914	0.08517280479002931	6.879664772816093e-06
24.0	191.53583814017705	4.800000000000001e-06	0.08514501059837176	0.08514553188385103	0.08514599146906132	2.251289913415296e-07
24.0	191.53583814017705	5.2e-06	0.08511868078819962	0.08512902693272209	0.08513879923565959	7.008006776787814e-06
24.0	191.53583814017705	5.600000000000001e-06	0.08511344047567526	0.08512196766994265	0.08513261155685647	5.936380462814949e-06
24.0	191.53583814017705	6e-06	0.0851100839691652	0.0851170724225997	0.08512708068448038	4.904054539407787e-06
24.0	191.53583814017705	6.4e-06	0.0851081368728499	0.08511359699223994	0.08512225979702404	3.953869819680278e-06
24.0	191.53583814017705	6.8e-06	0.08510606086776029	0.08511070550104984	0.08511810209457238	3.2441299454979902e-06
24.0	191.53583814017705	7.2e-06	0.08510459199969755	0.08510850797228192	0.08511450084842043	2.5725748613444963e-06
24.0	191.53583814017705	7.6e-06	0.08510328273757928	0.08510656897641	0.08511134021930644	2.0272291748490718e-06
24.0	191.53583814017705	8e-06	0.08510216706929619	0.08510487759189593	0.08510852042908112	1.5324676869323976e-06
24.0	191.53583814017705	8.4e-06	0.0851009817266064	0.08510326318631095	0.08510595547288968	1.1339983458788495e-06
24.0	191.53583814017705	8.8e-06	0.08510043208050888	0.08510176566816034	0.08510357237879074	7.437954186699645e-07
24.0	191.53583814017705	9.2e-06	0.08509944902607192	0.08510027116722498	0.08510130841779606	4.2667191219851005e-07
24.0	191.53583814017705	9.600000000000001e-06	0.08509834338341449	0.08509878671941093	0.08509910775155305	1.5310450973574273e-07
24.0	191.53583814017705	9.999999999999999e-06	0.08509684122645123	0.08509731565680344	0.08509766431542598	1.952589336745392e-07
24.0	191.53583814017705	1.04e-05	0.08509464764069019	0.08509586234126254	0.0850969333695657	5.211027073320602e-07
24.0	191.53583814017705	1.08e-05	0.08509232390854926	0.08509434881097853	0.08509584517549929	8.596299207520216e-07
24.0	191.53583814017705	1.1200000000000001e-05	0.08508984485463689	0.08509279565616851	0.0850948283397015	1.2653808308429332e-06
24.0	191.53583814017705	1.16e-05	0.08508714185540889	0.08509108099857567	0.08509357248307836	1.6993202993896888e-06
24.0	191.53583814017705	1.2e-05	0.0850841375019522	0.08508920162927633	0.08509227018240928	2.2382527067493315e-06
24.0	191.53583814017705	1.24e-05	0.08508074917723629	0.08508682511190252	0.08509056420369276	2.7983836746271614e-06
24.0	191.53583814017705	1.28e-05	0.08507688827540161	0.08508402386296371	0.08508894859902139	3.5334466951875763e-06
24.0	191.53583814017705	1.32e-05	0.08507252535262833	0.08508017924417602	0.08508628828908016	4.322858075599865e-06
24.0	191.53583814017705	1.36e-05	0.08506770832943555	0.08507473592314796	0.08508225545330728	5.134773184132045e-06
24.0	191.53583814017705	1.4e-05	0.0850618730807664	0.0850622919604904	0.08506266469823132	1.7948827255780048e-07
24.0	191.53583814017705	1.44e-05	0.08504159150076607	0.08504975707969144	0.08505760797679596	5.362712313910469e-06
24.0	191.53583814017705	1.48e-05	0.08503766449641681	0.08504441272475396	0.08505288767829722	4.550757392673663e-06
24.0	191.53583814017705	1.52e-05	0.08503516180717696	0.08504071715652751	0.08504867817164641	3.7679353051863655e-06
24.0	191.53583814017705	1.56e-05	0.085033722887772	0.08503810421479534	0.08504501862313418	3.0486324200416624e-06
24.0	191.53583814017705	1.6e-05	0.08503218058649153	0.08503593686832531	0.08504187345798453	2.5126459826442673e-06
24.0	191.53583814017705	1.6400000000000002e-05	0.08503111004721475	0.08503429989695437	0.08503915820316088	2.0084728959141543e-06
24.0	191.53583814017705	1.68e-05	0.08503013085256672	0.0850328640892447	0.08503678560101591	1.5980966923677631e-06
24.0	191.53583814017705	1.7199999999999998e-05	0.08502932106596539	0.08503161974548734	0.08503467964061251	1.2291760522348928e-06
24.0	191.53583814017705	1.76e-05	0.08502846831080468	0.08503043649255419	0.08503277512276064	9.346291583258117e-07
24.0	191.53583814017705	1.8e-05	0.08502807982435368	0.0850293461978361	0.08503101709201744	6.495780914332131e-07
24.0	191.53583814017705	1.84e-05	0.08502737160312179	0.08502826110679217	0.08502935873414152	4.2448199166612563e-07
24.0	191.53583814017705	1.88e-05	0.08502656743523218	0.08502718669193594	0.08502775887444791	2.400115237678082e-07
24.0	191.53583814017705	1.9200000000000003e-05	0.08502574871488111	0.08502612536869406	0.08502643904036766	1.5832558090637327e-07
24.0	191.53583814017705	1.9600000000000002e-05	0.08502428252615335	0.08502507992555253	0.0850258280808438	3.1074563075472004e-07
24.0	191.53583814017705	1.9999999999999998e-05	0.08502275726377384	0.08502399934413993	0.08502501827198294	5.318320560429078e-07
24.0	191.53583814017705	2.04e-05	0.0850211288890188	0.08502289555254873	0.08502432912090008	8.063727009654752e-07
24.0	191.53583814017705	2.08e-05	0.08501926706518947	0.08502168738161216	0.08502342526559392	1.1003185780694537e-06
24.0	191.53583814017705	2.12e-05	0.08501718040716622	0.08502037426519393	0.08502250360319774	1.4694726556510002e-06
24.0	191.53583814017705	2.16e-05	0.0850148411112377	0.08501873021361991	0.08502127522161373	1.8514176708104971e-06
24.0	191.53583814017705	2.2e-05	0.08501219261439008	0.0850168022706611	0.08502015266719187	2.3506158609126085e-06
24.0	191.53583814017705	2.2400000000000002e-05	0.0850092093801198	0.08501417518633572	0.08501832841837498	2.8856617587484986e-06
24.0	191.53583814017705	2.28e-05	0.08500573196577221	0.0850104749912104	0.08501559191956609	3.4357608065440075e-06
24.0	191.53583814017705	2.32e-05	0.08500158684585468	0.08500206977070007	0.0850025021117915	2.1857314033057288e-07
24.0	191.53583814017705	2.36e-05	0.08498787965309429	0.08499356813649499	0.08499908092259378	3.6754267789587498e-06
24.0	191.53583814017705	2.4e-05	0.08498524318554246	0.08498996678047735	0.0849958985285415	3.1262945030765456e-06
24.0	191.53583814017705	2.44e-05	0.08498357866484252	0.08498749029271378	0.08499307204636075	2.597899758626337e-06
24.0	191.53583814017705	2.48e-05	0.08498263699383468	0.08498575354833461	0.08499062690560777	2.1142015822227528e-06
24.0	191.53583814017705	2.5200000000000003e-05	0.08498162160219724	0.08498432200254147	0.08498853927514816	1.7559861064325607e-06
24.0	191.53583814017705	2.56e-05	0.0849809370859802	0.08498325515462472	0.08498674911764326	1.4216217949845017e-06
24.0	191.53583814017705	2.6e-05	0.08498029338527768	0.08498233092626842	0.0849851984935226	1.1490153078648806e-06
24.0	191.53583814017705	2.64e-05	0.08497978539423912	0.08498154135194284	0.08498383618453254	9.073864546683022e-07
24.0	191.53583814017705	2.68e-05	0.08497925798321315	0.08498079679132797	0.08498261865061885	7.177283177620125e-07
24.0	191.53583814017705	2.72e-05	0.08497903016485164	0.08498012087604516	0.08498150966183715	5.366993379551173e-07
24.0	191.53583814017705	2.76e-05	0.08497859653128792	0.08497945244564645	0.08498047892287097	3.984057870639505e-07
24.0	191.53583814017705	2.8e-05	0.08497810121036675	0.08497879538857392	0.08497950046143021	2.8603461232986875e-07
24.0	191.53583814017705	2.8400000000000003e-05	0.0849776072374695	0.08497815118951058	0.08497855106269192	1.977399180933722e-07
24.0	191.53583814017705	2.88e-05	0.08497713116265704	0.08497752103323213	0.08497784325774305	1.676135866023738e-07
24.0	191.53583814017705	2.92e-05	0.0849762463676127	0.0849768813206475	0.08497737108381465	2.322899438581096e-07
24.0	191.53583814017705	2.96e-05	0.08497531881526399	0.08497623521185205	0.08497701285426906	3.581536047989193e-07
24.0	191.53583814017705	2.9999999999999997e-05	0.08497432099145552	0.08497554320871618	0.08497644741958243	5.034635798557628e-07
24.0	191.53583814017705	3.04e-05	0.0849732203026381	0.08497480709182702	0.08497592667056875	6.958223421529338e-07
24.0	191.53583814017705	3.0799999999999996e-05	0.08497197887698427	0.08497391002061006	0.0849752563771684	8.943527085736695e-07
24.0	191.53583814017705	3.12e-05	0.08497055681794485	0.08497287293832152	0.08497464151358614	1.151450811227043e-06
24.0	191.53583814017705	3.16e-05	0.08496892343809392	0.08497148798039929	0.08497367115852938	1.425622608133208e-06
24.0	191.53583814017705	3.2e-05	0.08496708266160802	0.08496956642583792	0.08497224574884576	1.7068861807083791e-06
24.0	191.53583814017705	3.2399999999999995e-05	0.08496479891744535	0.08496528381013334	0.08496571941356557	2.2478564603201726e-07
24.0	191.53583814017705	3.2800000000000004e-05	0.08495777989069264	0.08496090111818022	0.08496397391741439	1.9525473839275358e-06
24.0	191.53583814017705	3.32e-05	0.08495645670572838	0.08495908031434923	0.08496236729775664	1.6716755289432205e-06
24.0	191.53583814017705	3.36e-05	0.08495564513185361	0.08495784938988331	0.08496095874859577	1.4034216410048827e-06
24.0	191.53583814017705	3.4e-05	0.08495520929186107	0.08495700806588961	0.08495976291242613	1.1607740338282169e-06
24.0	191.53583814017705	3.4399999999999996e-05	0.08495473092450645	0.08495632863870031	0.0849587581991198	9.844898216573989e-07
24.0	191.53583814017705	3.4800000000000006e-05	0.08495442257343111	0.08495584487779488	0.0849579164453953	8.236061263007471e-07
24.0	191.53583814017705	3.52e-05	0.08495413886229475	0.08495544399029624	0.08495720853080169	6.920851240670114e-07
24.0	191.53583814017705	3.56e-05	0.08495393867361223	0.08495511983253493	0.08495660860794185	5.801775308138535e-07
24.0	191.53583814017705	3.6e-05	0.08495374256446109	0.08495482432549668	0.0849560952955759	4.967726777430941e-07
24.0	191.53583814017705	3.64e-05	0.08495367919150798	0.08495457269495713	0.08495565151323703	4.197224025881485e-07
24.0	191.53583814017705	3.68e-05	0.08495352640927756	0.08495433094392286	0.08495526384692109	3.661970637998983e-07
24.0	191.53583814017705	3.72e-05	0.0849533478789617	0.08495410134055091	0.08495492184289422	3.266158176017191e-07
24.0	191.53583814017705	3.76e-05	0.08495318123795936	0.08495388441435461	0.08495461737598031	2.9564890224459767e-07
24.0	191.53583814017705	3.7999999999999995e-05	0.08495303073776217	0.08495367969983623	0.08495434412844993	2.7044261706622204e-07
24.0	191.53583814017705	3.8400000000000005e-05	0.08495289844450227	0.08495349173314316	0.08495409717425773	2.496877177464884e-07
24.0	191.53583814017705	3.88e-05	0.08495278802037198	0.08495331466303536	0.08495387265139165	2.3266037487042278e-07
24.0	191.53583814017705	3.9200000000000004e-05	0.0849526820262616	0.084953151769288	0.08495366750293698	2.1964101485793812e-07
24.0	191.53583814017705	3.96e-05	0.08495257769542697	0.08495300713845505	0.0849534792647928	2.0635618356196515e-07
24.0	191.53583814017705	3.9999999999999996e-05	0.0849524674234372	0.08495287590713575	0.08495330586740835	1.9737142967668511e-07
24.0	191.53583814017705	4.0400000000000006e-05	0.08495236613307444	0.08495275204998538	0.08495314539506893	1.8984794727377197e-07
24.0	191.53583814017705	4.08e-05	0.0849522838835437	0.08495263967410063	0.084952995736848	1.843863548313645e-07
24.0	191.53583814017705	4.12e-05	0.08495219912113061	0.08495253807046986	0.0849528543762803	1.8007750737893236e-07
24.0	191.53583814017705	4.16e-05	0.08495211404047343	0.08495245071190873	0.08495272936548126	1.774650359103336e-07
24.0	191.53583814017705	4.2e-05	0.08495203836525622	0.08495239360763068	0.08495262942682658	1.7227144337351e-07
25.0	202.6351100279412	0.0	0.08691090662439649	0.08691393393547435	0.08691538245690378	9.86354055319193e-07
25.0	202.6351100279412	4e-07	0.08690892581978726	0.08691203515519173	0.08691354433124676	1.0253621099251049e-06
25.0	202.6351100279412	8e-07	0.08690674425466582	0.08691015383084749	0.08691202823226263	1.151141825429561e-06
25.0	202.6351100279412	1.2000000000000002e-06	0.08690434853337248	0.08690829502031874	0.08691116428889778	1.393495881649461e-06
25.0	202.6351100279412	1.6e-06	0.08690170563013488	0.08690633433140724	0.08690954826563324	1.6877636898523996e-06
25.0	202.6351100279412	2e-06	0.0868987650647206	0.08690432156813635	0.08690808978107523	2.1053225509777973e-06
25.0	202.6351100279412	2.4000000000000003e-06	0.08689545864312631	0.08690208361607596	0.08690649503077097	2.5933988428316265e-06
25.0	202.6351100279412	2.8000000000000003e-06	0.08689170135790025	0.08689961984086118	0.08690476293502769	3.229417766498319e-06
25.0	202.6351100279412	3.2e-06	0.08688739683860014	0.08689648844161203	0.08690243290308963	3.912183922891635e-06
25.0	202.6351100279412	3.6e-06	0.08688243627315106	0.08689280050377066	0.08690028527867177	4.838937631701354e-06
25.0	202.6351100279412	4e-06	0.08687679290025585	0.08688772600620936	0.08689673045641566	5.8427490500328876e-06
25.0	202.6351100279412	4.4e-06	0.08687053159631652	0.086880536059887	0.08689134478129557	6.878209871766657e-06
25.0	202.6351100279412	4.800000000000001e-06	0.08686355371392818	0.08686407577936395	0.08686453681516948	2.2581027669440352e-07
25.0	202.6351100279412	5.2e-06	0.08683723169598245	0.08684757429607337	0.08685734427574232	7.006700212479087e-06
25.0	202.6351100279412	5.600000000000001e-06	0.08683199350662019	0.08684051689989469	0.08685115800445509	5.935024651913741e-06
25.0	202.6351100279412	6e-06	0.08682863796214146	0.08683562300648408	0.086845628464844	4.902817529891216e-06
25.0	202.6351100279412	6.4e-06	0.08682669057728098	0.08683214848374339	0.08684080880572065	3.952907493606978e-06
25.0	202.6351100279412	6.8e-06	0.08682461574767952	0.08682925773891817	0.08683665235263938	3.2434014822970246e-06
25.0	202.6351100279412	7.2e-06	0.08682314625878185	0.08682706083444573	0.08683305211924619	2.572023796252317e-06
25.0	202.6351100279412	7.6e-06	0.08682183878186489	0.08682512237497067	0.08682989243913575	2.0269076725041925e-06
25.0	202.6351100279412	8e-06	0.0868207227601685	0.08682343153018085	0.08682707355402108	1.5322985920375444e-06
25.0	202.6351100279412	8.4e-06	0.08681953702559042	0.08682181765767645	0.08682450947868237	1.1339910641477846e-06
25.0	202.6351100279412	8.8e-06	0.08681898745432015	0.08682032069696653	0.08682212726011951	7.439115187000767e-07
25.0	202.6351100279412	9.2e-06	0.08681800466729861	0.08681882678820689	0.08681986418789478	4.2687980588948804e-07
25.0	202.6351100279412	9.600000000000001e-06	0.08681689997955022	0.08681734296661532	0.08681766444255778	1.5324531337658226e-07
25.0	202.6351100279412	9.999999999999999e-06	0.08681540001155863	0.08681587256279433	0.08681621994835176	1.9463203220145165e-07
25.0	202.6351100279412	1.04e-05	0.08681320614757304	0.08681441993403007	0.08681548916943616	5.203581738731061e-07
25.0	202.6351100279412	1.08e-05	0.08681088354982425	0.08681290718764889	0.08681440042117927	8.587799400066803e-07
25.0	202.6351100279412	1.1200000000000001e-05	0.08680840576883142	0.08681135485759114	0.08681338509016978	1.2643399672473554e-06
25.0	202.6351100279412	1.16e-05	0.08680570422314027	0.08680964119704483	0.0868121309864529	1.6981468110862313e-06
25.0	202.6351100279412	1.2e-05	0.08680270155477476	0.08680776289868522	0.08681083112503529	2.23678195051202e-06
25.0	202.6351100279412	1.24e-05	0.0867993152051385	0.086805387803178	0.08680912552586495	2.7966490229813904e-06
25.0	202.6351100279412	1.28e-05	0.08679545686342749	0.08680258821357563	0.08680751173200818	3.5313229072055344e-06
25.0	202.6351100279412	1.32e-05	0.08679109663455442	0.08679874578370447	0.08680485291668827	4.320125175254739e-06
25.0	202.6351100279412	1.36e-05	0.08678628267592181	0.08679330563851795	0.08680082167150349	5.1312293274599e-06
25.0	202.6351100279412	1.4e-05	0.08678045138153845	0.08678086985666147	0.08678124222942163	1.7905716553239023e-07
25.0	202.6351100279412	1.44e-05	0.08676018509170191	0.08676834355742064	0.08677618895865713	5.359170639931555e-06
25.0	202.6351100279412	1.48e-05	0.08675626187476482	0.08676300326982282	0.08677147197192614	4.547481021456302e-06
25.0	202.6351100279412	1.52e-05	0.08675376118338818	0.08675931057802794	0.08676726549977243	3.7650881830176536e-06
25.0	202.6351100279412	1.56e-05	0.08675232250351783	0.08675669961318051	0.0867636086607968	3.046352853069813e-06
25.0	202.6351100279412	1.6e-05	0.0867507820739668	0.08675453389782088	0.08676046586982888	2.5108170800249657e-06
25.0	202.6351100279412	1.6400000000000002e-05	0.0867497112766733	0.08675289821606871	0.08675775273831743	2.0070218289124993e-06
25.0	202.6351100279412	1.68e-05	0.08674873440296338	0.08675146351765846	0.08675538205410316	1.5970477331933064e-06
25.0	202.6351100279412	1.7199999999999998e-05	0.08674792454702374	0.08675022021581469	0.08675327785659448	1.2284199698591418e-06
25.0	202.6351100279412	1.76e-05	0.0867470716979648	0.08674903797560973	0.08675137499235497	9.341390982195489e-07
25.0	202.6351100279412	1.8e-05	0.08674668340947544	0.086747948680119	0.08674961854672247	6.492984413181686e-07
25.0	202.6351100279412	1.84e-05	0.08674597573223863	0.08674686462243603	0.08674796174234345	4.243330562606423e-07
25.0	202.6351100279412	1.88e-05	0.08674517289924655	0.08674579127374363	0.08674636343918163	2.3982115060106546e-07
25.0	202.6351100279412	1.9200000000000003e-05	0.08674435651263934	0.08674473104685088	0.08674504364326019	1.5758880855473375e-07
25.0	202.6351100279412	1.9600000000000002e-05	0.08674289188932782	0.08674368672233553	0.08674443293897216	3.097648796240875e-07
25.0	202.6351100279412	1.9999999999999998e-05	0.08674136831693247	0.0867426073686924	0.08674362272902858	5.30729388366578e-07
25.0	202.6351100279412	2.04e-05	0.08673974180551536	0.08674150485522904	0.08674293494232099	8.050252808972816e-07
25.0	202.6351100279412	2.08e-05	0.08673788059865029	0.08674029817975477	0.08674203300794936	1.0987917765635922e-06
25.0	202.6351100279412	2.12e-05	0.08673579637650075	0.0867389866469699	0.08674111361338976	1.4675436266032802e-06
25.0	202.6351100279412	2.16e-05	0.08673345988407899	0.08673734462912268	0.08673988589190973	1.8491155961522872e-06
25.0	202.6351100279412	2.2e-05	0.08673081482950362	0.08673541904030971	0.08673876565515393	2.3477781317815918e-06
25.0	202.6351100279412	2.2400000000000002e-05	0.08672783532653838	0.08673279504344517	0.08673694348131455	2.88203709894733e-06
25.0	202.6351100279412	2.28e-05	0.08672436412961382	0.08672909925550934	0.08673420927695741	3.4311235193514204e-06
25.0	202.6351100279412	2.32e-05	0.0867202229474211	0.08672070500870446	0.08672113664489789	2.178368614947089e-07
25.0	202.6351100279412	2.36e-05	0.086706536236548	0.08671221502276735	0.08671772007312217	3.6704561951797453e-06
25.0	202.6351100279412	2.4e-05	0.08670390459291788	0.08670861903624538	0.0867145420700366	3.1217527419619324e-06
25.0	202.6351100279412	2.44e-05	0.08670224264787141	0.08670614629830586	0.08671171957075519	2.5939592296556898e-06
25.0	202.6351100279412	2.48e-05	0.08670130139219001	0.08670441210607892	0.08670927794569039	2.111000589634473e-06
25.0	202.6351100279412	2.5200000000000003e-05	0.08670028830125798	0.0867029826454613	0.08670719336193589	1.7533590555835168e-06
25.0	202.6351100279412	2.56e-05	0.08669960469987092	0.08670191739615433	0.08670540588696252	1.419480415381865e-06
25.0	202.6351100279412	2.6e-05	0.08669896261158438	0.08670099450685806	0.08670385764314048	1.1473833332404098e-06
25.0	202.6351100279412	2.64e-05	0.08669845457956615	0.08670020616421062	0.08670249747954095	9.061164898747024e-07
25.0	202.6351100279412	2.68e-05	0.08669792708767154	0.08669946278969728	0.08670128191580062	7.167687512924217e-07
25.0	202.6351100279412	2.72e-05	0.08669769943378647	0.08669878801604076	0.08670017477351788	5.359866819070553e-07
25.0	202.6351100279412	2.76e-05	0.08669726640130726	0.086698120755941	0.08669914580208626	3.978480986914138e-07
25.0	202.6351100279412	2.8e-05	0.08669677259607411	0.08669746489783706	0.08669816906908867	2.8551814986648457e-07
25.0	202.6351100279412	2.8400000000000003e-05	0.08669627992357753	0.08669682192322958	0.08669722139696567	1.9706454800199513e-07
25.0	202.6351100279412	2.88e-05	0.08669580570021118	0.08669619300581695	0.08669651361637509	1.6655036042740332e-07
25.0	202.6351100279412	2.92e-05	0.08669492266448842	0.08669555462260305	0.08669604064674896	2.3110539059046565e-07
25.0	202.6351100279412	2.96e-05	0.08669399700682234	0.08669490988390047	0.08669568372134773	3.568549771108666e-07
25.0	202.6351100279412	2.9999999999999997e-05	0.08669300126760504	0.08669421945667705	0.08669512087281195	5.021420999602781e-07
25.0	202.6351100279412	3.04e-05	0.08669190292220819	0.08669348494173817	0.08669460258555262	6.941910419468075e-07
25.0	202.6351100279412	3.0799999999999996e-05	0.08669066418482352	0.08669258984403574	0.08669393279257509	8.924354210228499e-07
25.0	202.6351100279412	3.12e-05	0.08668924525786181	0.08669155498797768	0.08669332035514721	1.1491058358136343e-06
25.0	202.6351100279412	3.16e-05	0.08668761554346993	0.08669017282858196	0.08669235190252689	1.4225745607142103e-06
25.0	202.6351100279412	3.2e-05	0.08668577898779883	0.08668825517795418	0.08669092831003589	1.7028821760738301e-06
25.0	202.6351100279412	3.2399999999999995e-05	0.08668349893079963	0.08668398226300189	0.08668441654871017	2.23697012459548e-07
25.0	202.6351100279412	3.2800000000000004e-05	0.08667649927319054	0.08667961036824387	0.08668267520261708	1.947685427119946e-06
25.0	202.6351100279412	3.32e-05	0.0866751807015591	0.08667779452331117	0.08668107250425461	1.667132607767292e-06
25.0	202.6351100279412	3.36e-05	0.0866743714241629	0.08667656700040301	0.08667966764937507	1.3993916173024883e-06
25.0	202.6351100279412	3.4e-05	0.08667393560208847	0.08667572789694318	0.086678474866698	1.157415950435949e-06
25.0	202.6351100279412	3.4399999999999996e-05	0.08667345943178884	0.08667505022983259	0.08667747278112348	9.816462616818379e-07
25.0	202.6351100279412	3.4800000000000006e-05	0.08667315216034321	0.08667456774757859	0.08667663328282504	8.211794643102521e-07
25.0	202.6351100279412	3.52e-05	0.08667286957170361	0.0866741678403228	0.08667592731374985	6.901308520281198e-07
25.0	202.6351100279412	3.56e-05	0.08667266898199877	0.08667384457098626	0.08667532908550868	5.785198128081357e-07
25.0	202.6351100279412	3.6e-05	0.08667247236926379	0.0866735499030301	0.08667481726764326	4.953605884217173e-07
25.0	202.6351100279412	3.64e-05	0.08667240889924699	0.08667329905276422	0.0866743748211789	4.184985641550969e-07
25.0	202.6351100279412	3.68e-05	0.08667225653252686	0.08667305809807786	0.08667398836489149	3.65089015206563e-07
25.0	202.6351100279412	3.72e-05	0.08667207890608797	0.0866728293109993	0.08667364747016482	3.2555451739005023e-07
25.0	202.6351100279412	3.76e-05	0.08667191331685586	0.08667261321828212	0.08667334403036442	2.9457539691866283e-07
25.0	202.6351100279412	3.7999999999999995e-05	0.08667176452751502	0.08667240934127823	0.08667307174061811	2.693254520883192e-07
25.0	202.6351100279412	3.8400000000000005e-05	0.08667163375467357	0.08667222223782504	0.08667282568270984	2.484772208803098e-07
25.0	202.6351100279412	3.88e-05	0.08667152481206042	0.08667204603262775	0.08667260199788984	2.3135553486067637e-07
25.0	202.6351100279412	3.9200000000000004e-05	0.08667141870223904	0.08667188410698132	0.08667239762825574	2.1821163439230153e-07
25.0	202.6351100279412	3.96e-05	0.08667131509463744	0.08667174029654977	0.08667221010476567	2.0482796859845048e-07
25.0	202.6351100279412	3.9999999999999996e-05	0.08667120565054898	0.08667160989473849	0.08667203734964968	1.9571148709007784e-07
25.0	202.6351100279412	4.0400000000000006e-05	0.08667110527796407	0.0866714867983135	0.0866718774377011	1.8808845189813633e-07
25.0	202.6351100279412	4.08e-05	0.08667102394185289	0.08667137495015845	0.08667172825398861	1.8258888745007658e-07
25.0	202.6351100279412	4.12e-05	0.08667093880699905	0.08667127365665336	0.0866715873055588	1.7826227343837787e-07
25.0	202.6351100279412	4.16e-05	0.08667085376914763	0.08667118624736149	0.08667146235267342	1.7564863041710948e-07
25.0	202.6351100279412	4.2e-05	0.08667077831611625	0.08667112972054938	0.08667136378809293	1.704643974727196e-07
26.0	213.73438191570537	0.0	0.08859545427397908	0.0885984811366417	0.0885999293436619	9.861206006957524e-07
26.0	213.73438191570537	4e-07	0.08859347349508084	0.08859658238477257	0.0885980912677935	1.025110642977197e-06
26.0	213.73438191570537	8e-07	0.08859129202464722	0.08859470114254082	0.08859657515699038	1.1508406616059941e-06
26.0	213.73438191570537	1.2000000000000002e-06	0.08858889646870871	0.08859284245734342	0.08859571149351897	1.393117840926947e-06
26.0	213.73438191570537	1.6e-06	0.08858625380810015	0.08859088198111031	0.08859409655323436	1.6873609073199859e-06
26.0	213.73438191570537	2e-06	0.08858331357362381	0.08858886946543004	0.0885926390708569	2.104854949815097e-06
26.0	213.73438191570537	2.4000000000000003e-06	0.0885800075874128	0.08858663189082504	0.0885910431368293	2.5929559858248723e-06
26.0	213.73438191570537	2.8000000000000003e-06	0.08857625086412924	0.08858416849877605	0.08858931244275592	3.228871374879038e-06
26.0	213.73438191570537	3.2e-06	0.08857194752645192	0.08858103764623868	0.08858698215759464	3.9115725896765e-06
26.0	213.73438191570537	3.6e-06	0.08856698791060058	0.08857735033231008	0.08858483578037557	4.8382003645621476e-06
26.0	213.73438191570537	4e-06	0.08856134561224138	0.08857227659858988	0.0885812814740925	5.8416854931699225e-06
26.0	213.73438191570537	4.4e-06	0.08855508559690328	0.0885650878108098	0.0885758958916174	6.876625444876871e-06
26.0	213.73438191570537	4.800000000000001e-06	0.08854810807538271	0.0885486311285488	0.08854909380513831	2.2657012121427796e-07
26.0	213.73438191570537	5.2e-06	0.08852179541042826	0.08853213374302374	0.08854190102553083	7.005094851012829e-06
26.0	213.73438191570537	5.600000000000001e-06	0.08851655960893279	0.08852507851630283	0.08853571638113866	5.933397652843329e-06
26.0	213.73438191570537	6e-06	0.0885132051652846	0.08852018618953589	0.08853018838467364	4.901346952190982e-06
26.0	213.73438191570537	6.4e-06	0.08851125748944444	0.0885167127190602	0.08852537014869988	3.95175980185013e-06
26.0	213.73438191570537	6.8e-06	0.08850918398012819	0.08851382283878197	0.08852121511035449	3.2425253712096962e-06
26.0	213.73438191570537	7.2e-06	0.08850771384195255	0.08851162664476943	0.08851761605146713	2.5713634900449787e-06
26.0	213.73438191570537	7.6e-06	0.08850640831875456	0.08850968878408183	0.08851445746979536	2.0265326357611903e-06
26.0	213.73438191570537	8e-06	0.0885052919339353	0.08850799855383888	0.08851163963059427	1.5321046615267308e-06
26.0	213.73438191570537	8.4e-06	0.08850410580438073	0.0885063852965454	0.08850907657192675	1.1339800550011766e-06
26.0	213.73438191570537	8.8e-06	0.08850355626929307	0.08850488897685552	0.08850669536317479	7.440467194109479e-07
26.0	213.73438191570537	9.2e-06	0.08850257376349191	0.08850339574937319	0.08850443331569657	4.271239142629867e-07
26.0	213.73438191570537	9.600000000000001e-06	0.08850147012436516	0.08850191265200961	0.08850223463209428	1.5340994884659592e-07
26.0	213.73438191570537	9.999999999999999e-06	0.08849997258742182	0.0885004430135793	0.08850078884105184	1.9390451376947056e-07
26.0	213.73438191570537	1.04e-05	0.08849777848464946	0.08849899118247963	0.08850005859841303	5.195022840742751e-07
26.0	213.73438191570537	1.08e-05	0.08849545719824814	0.08849747934328694	0.08849896899304088	8.577992080033002e-07
26.0	213.73438191570537	1.1200000000000001e-05	0.08849298088720658	0.08849592797538156	0.0884979553766021	1.263144342762776e-06
26.0	213.73438191570537	1.16e-05	0.0884902810179451	0.08849421548674347	0.08849670350841254	1.6968182134596862e-06
26.0	213.73438191570537	1.2e-05	0.08848728029054787	0.08849233843582056	0.08849540634285358	2.2351209988378098e-06
26.0	213.73438191570537	1.24e-05	0.08848389621329744	0.08848996497935702	0.0884937012285949	2.794684433413566e-06
26.0	213.73438191570537	1.28e-05	0.08848004075849314	0.08848716730099537	0.0884920894702752	3.5289139833334724e-06
26.0	213.73438191570537	1.32e-05	0.08847568363085401	0.08848332739531561	0.08848943239222606	4.317033690921835e-06
26.0	213.73438191570537	1.36e-05	0.08847087320229896	0.0884778909014095	0.08848540305794739	5.1272398767228164e-06
26.0	213.73438191570537	1.4e-05	0.08846504650756692	0.088465464459566	0.08846583646630268	1.7859421508158016e-07
26.0	213.73438191570537	1.44e-05	0.08844479803237082	0.08845294814231881	0.08846078717115624	5.354995282817549e-06
26.0	213.73438191570537	1.48e-05	0.08844087910354759	0.08844761255283454	0.08845607400350453	4.543648137207411e-06
26.0	213.73438191570537	1.52e-05	0.08843838070065058	0.08844392317597492	0.08845187103244534	3.7617698284753942e-06
26.0	213.73438191570537	1.56e-05	0.0884369423517013	0.08844131449189609	0.08844821731985153	3.043693078119832e-06
26.0	213.73438191570537	1.6e-05	0.08843540402783034	0.08843915065725463	0.08844507725148443	2.5086775594022134e-06
26.0	213.73438191570537	1.6400000000000002e-05	0.08843433301300596	0.08843751644962834	0.08844236656742588	2.0053279855436887e-06
26.0	213.73438191570537	1.68e-05	0.0884333586831314	0.08843608300835033	0.08843999809116454	1.595834720474204e-06
26.0	213.73438191570537	1.7199999999999998e-05	0.08843254880361062	0.08843484089689532	0.08843789592067708	1.2275483576044921e-06
26.0	213.73438191570537	1.76e-05	0.08843169590973687	0.08843365982110214	0.08843599495577248	9.335692536773689e-07
26.0	213.73438191570537	1.8e-05	0.08843130780650554	0.08843257167143394	0.08843424032920488	6.489742051739158e-07
26.0	213.73438191570537	1.84e-05	0.08843060073131959	0.08843148879823753	0.08843258530637854	4.2416308736975035e-07
26.0	213.73438191570537	1.88e-05	0.08842979937759488	0.08843041667439933	0.08843098878729627	2.396069546901981e-07
26.0	213.73438191570537	1.9200000000000003e-05	0.08842898555428302	0.08842935770958821	0.08842966901703253	1.5675325157033686e-07
26.0	213.73438191570537	1.9600000000000002e-05	0.08842752272515497	0.08842831467189105	0.08842905889259534	3.0865514006908227e-07
26.0	213.73438191570537	1.9999999999999998e-05	0.08842600108822296	0.08842723672670967	0.0884282480355365	5.294752564024232e-07
26.0	213.73438191570537	2.04e-05	0.08842437670897851	0.08842613568610197	0.08842756164694077	8.034941067795756e-07
26.0	213.73438191570537	2.08e-05	0.08842251627938946	0.08842493074156792	0.08842666227300633	1.0970717914526914e-06
26.0	213.73438191570537	2.12e-05	0.08842043484265716	0.08842362103224792	0.08842574538102532	1.4653726571149487e-06
26.0	213.73438191570537	2.16e-05	0.0884181015524188	0.08842198133986817	0.08842451848535227	1.846517487643613e-06
26.0	213.73438191570537	2.2e-05	0.08841546036078629	0.08842005844105115	0.08842340082412026	2.344569698533674e-06
26.0	213.73438191570537	2.2400000000000002e-05	0.0884124851180692	0.08841743797693663	0.0884215810400013	2.877949216117382e-06
26.0	213.73438191570537	2.28e-05	0.08840902099556924	0.08841374721966731	0.08841884955795543	3.425916829056113e-06
26.0	213.73438191570537	2.32e-05	0.08840488441962702	0.08840536542530165	0.08840579629430412	2.1702501470627584e-07
26.0	213.73438191570537	2.36e-05	0.08839122123633647	0.0883968888235959	0.0884023849943949	3.6646947570193723e-06
26.0	213.73438191570537	2.4e-05	0.08838859500246432	0.08839329897231456	0.08839921200693457	3.116519328281134e-06
26.0	213.73438191570537	2.44e-05	0.08838693597824232	0.08839083051055494	0.08839639405803723	2.5894328361360384e-06
26.0	213.73438191570537	2.48e-05	0.08838599527244995	0.08838909923247724	0.08839395644917492	2.107321142606807e-06
26.0	213.73438191570537	2.5200000000000003e-05	0.08838498473384426	0.08838767215130164	0.0883918753120323	1.7503351575512695e-06
26.0	213.73438191570537	2.56e-05	0.08838430098352124	0.08838660871374422	0.08839009089682826	1.417020370134669e-06
26.0	213.73438191570537	2.6e-05	0.08838366186305535	0.08838568733288431	0.08838854536465757	1.1455181472385418e-06
26.0	213.73438191570537	2.64e-05	0.08838315385848183	0.08838490038559736	0.08838718764200504	9.046666890671956e-07
26.0	213.73438191570537	2.68e-05	0.08838262634666982	0.08838415836104734	0.08838597431714401	7.156674585058443e-07
26.0	213.73438191570537	2.72e-05	0.08838239885043642	0.08838348488303327	0.08838486927089573	5.35168959792476e-07
26.0	213.73438191570537	2.76e-05	0.08838196648489571	0.08838281894969457	0.08838384230392826	3.9721019879541166e-07
26.0	213.73438191570537	2.8e-05	0.08838147434659405	0.08838216445228038	0.08838286752943425	2.8493022877435104e-07
26.0	213.73438191570537	2.8400000000000003e-05	0.08838098311717957	0.08838152286851839	0.0883819218123385	1.9630190206845926e-07
26.0	213.73438191570537	2.88e-05	0.08838051089878185	0.08838089535656543	0.08838121433511237	1.6536081818232132e-07
26.0	213.73438191570537	2.92e-05	0.08837962985354242	0.0883802584771001	0.0883807403416137	2.2978014517187832e-07
26.0	213.73438191570537	2.96e-05	0.08837870633758538	0.08837961529367654	0.08838038470120235	3.5540177328637114e-07
26.0	213.73438191570537	2.9999999999999997e-05	0.08837771295254093	0.08837892666181842	0.08837982508683329	5.006733168066296e-07
26.0	213.73438191570537	3.04e-05	0.08837661725110468	0.08837819396635924	0.08837930946122086	6.923785474550476e-07
26.0	213.73438191570537	3.0799999999999996e-05	0.08837538154402669	0.08837730109676914	0.08837864032682319	8.902968197980218e-07
26.0	213.73438191570537	3.12e-05	0.08837396614508997	0.08837626875304638	0.0883780305243631	1.1464821722396098e-06
26.0	213.73438191570537	3.16e-05	0.08837234055791843	0.08837488976123607	0.08837706424098712	1.4191768889571613e-06
26.0	213.73438191570537	3.2e-05	0.08837050875522134	0.08837297651818683	0.08837564282713384	1.698446080227841e-06
26.0	213.73438191570537	3.2399999999999995e-05	0.0883682329786053	0.08836871447442682	0.08836914732034984	2.2249555758295287e-07
26.0	213.73438191570537	3.2800000000000004e-05	0.08836125520644078	0.08836435481540694	0.08836741065328102	1.942137569280498e-06
26.0	213.73438191570537	3.32e-05	0.08835994170482664	0.08836254455320902	0.08836581237749108	1.6619855421785082e-06
26.0	213.73438191570537	3.36e-05	0.08835913498929227	0.088361320851425	0.08836441158856179	1.394844351723141e-06
26.0	213.73438191570537	3.4e-05	0.08835869929420781	0.08836048424891707	0.08836322224856374	1.1536262602636655e-06
26.0	213.73438191570537	3.4399999999999996e-05	0.08835822549518646	0.0883598085630631	0.0883622231226866	9.784362315632367e-07
26.0	213.73438191570537	3.4800000000000006e-05	0.08835791940829196	0.08835932750951583	0.08836138616154798	8.184477957577185e-07
26.0	213.73438191570537	3.52e-05	0.08835763803405161	0.08835892869177758	0.08836068237791572	6.879392867069839e-07
26.0	213.73438191570537	3.56e-05	0.08835743709373123	0.08835860641632155	0.08836008605046253	5.766626849368373e-07
26.0	213.73438191570537	3.6e-05	0.0883572400047603	0.08835831269222662	0.08835957590647325	4.93773665355039e-07
26.0	213.73438191570537	3.64e-05	0.08835717641377716	0.08835806271593798	0.08835913495418346	4.1712388775311434e-07
26.0	213.73438191570537	3.68e-05	0.08835702438657389	0.08835782265091224	0.08835874984968406	3.638469380670273e-07
26.0	213.73438191570537	3.72e-05	0.08835684791023635	0.08835759477574334	0.08835841019301949	3.2436778662850655e-07
26.0	213.73438191570537	3.76e-05	0.08835668346373726	0.08835737961395329	0.08835810789879606	2.93378800704597e-07
26.0	213.73438191570537	3.7999999999999995e-05	0.08835653613589045	0.08835717666990356	0.08835783667700792	2.6808710793308626e-07
26.0	213.73438191570537	3.8400000000000005e-05	0.08835640723558491	0.088356990523785	0.08835759161870094	2.471470155222028e-07
26.0	213.73438191570537	3.88e-05	0.08835629967049652	0.0883568152822716	0.08835736886930334	2.2992835585681516e-07
26.0	213.73438191570537	3.9200000000000004e-05	0.08835619375944948	0.08835665444091949	0.08835716537036653	2.1664989896079487e-07
26.0	213.73438191570537	3.96e-05	0.08835609095570707	0.08835651155043577	0.08835697864791392	2.031601594173857e-07
26.0	213.73438191570537	3.9999999999999996e-05	0.08835598242431875	0.08835638207200477	0.08835680661551226	1.9390360000571826e-07
26.0	213.73438191570537	4.0400000000000006e-05	0.08835588304968756	0.08835625982420434	0.08835664733770354	1.8617554124080997e-07
26.0	213.73438191570537	4.08e-05	0.08835580268560772	0.08835614858619359	0.08835649869496542	1.8063099668241277e-07
26.0	213.73438191570537	4.12e-05	0.08835571723293345	0.0883560476746987	0.08835635821943466	1.7627939224898894e-07
26.0	213.73438191570537	4.16e-05	0.08835563236365473	0.08835596026879147	0.08835623359066958	1.7365487789928867e-07
26.0	213.73438191570537	4.2e-05	0.08835555715176291	0.08835590433732447	0.08835613629260486	1.6847661901557993e-07
27.0	224.83365380346953	0.0	0.0902594261737395	0.09026245250196024	0.0902639003924337	9.8586046225643e-07
27.0	224.83365380346953	4e-07	0.09025744542322034	0.09026055378263094	0.09026206237519663	1.0248312586478502e-06
27.0	224.83365380346953	8e-07	0.09025526405724804	0.09025867263473887	0.09026054636793202	1.150508916087583e-06
27.0	224.83365380346953	1.2000000000000002e-06	0.09025286868350335	0.09025681409149906	0.0902596830559883	1.3927045174496208e-06
27.0	224.83365380346953	1.6e-06	0.09025022628976576	0.09025485385183325	0.09025806927606084	1.6869183644713705e-06
27.0	224.83365380346953	2e-06	0.09024728641853752	0.09025284161799303	0.09025661286554065	2.1043449053648815e-06
27.0	224.83365380346953	2.4000000000000003e-06	0.0902439809092046	0.09025060448006733	0.09025501569593963	2.5924917848731893e-06
27.0	224.83365380346953	2.8000000000000003e-06	0.09024022480029625	0.09024814152136765	0.09025328650634101	3.228302247977129e-06
27.0	224.83365380346953	3.2e-06	0.09023592224534127	0.09024501127157722	0.09025095597453259	3.9109346506684515e-06
27.0	224.83365380346953	3.6e-06	0.09023096407655729	0.09024132464273948	0.09024881094304771	4.8374289902803696e-06
27.0	224.83365380346953	4e-06	0.09022532296089647	0.09023625174651319	0.09024525721603549	5.840569259228621e-06
27.0	224.83365380346953	4.4e-06	0.09021906436738636	0.0902290642192212	0.09023987178545312	6.874959782248523e-06
27.0	224.83365380346953	4.800000000000001e-06	0.09021208714129703	0.09021261142675059	0.0902130759430575	2.2741814921195251e-07
27.0	224.83365380346953	5.2e-06	0.09018578523856391	0.09019611865686944	0.09020588290844245	7.003235411525386e-06
27.0	224.83365380346953	5.600000000000001e-06	0.09018055202826236	0.0901890658478594	0.09019970006381683	5.931540066540325e-06
27.0	224.83365380346953	6e-06	0.09017719879356445	0.09018417525939572	0.09019417377724004	4.899677804870289e-06
27.0	224.83365380346953	6.4e-06	0.09017525082986388	0.09018070295642154	0.09018935711916232	3.9504531122595155e-06
27.0	224.83365380346953	6.8e-06	0.09017317874620101	0.09017781403314412	0.09018520361289095	3.241521640209783e-06
27.0	224.83365380346953	7.2e-06	0.09017170793689822	0.09017561861428833	0.09018160585752355	2.5706078973478016e-06
27.0	224.83365380346953	7.6e-06	0.09017040449422975	0.09017368139556735	0.09017844849269263	2.026110951315024e-06
27.0	224.83365380346953	8e-06	0.09016928774274025	0.0901719918360333	0.09017563181017962	1.5318867058316613e-06
27.0	224.83365380346953	8.4e-06	0.09016810121157182	0.09017037925684691	0.09017306987431084	1.133960781032307e-06
27.0	224.83365380346953	8.8e-06	0.09016755167612267	0.09016888364208148	0.09017068977964904	7.441909804409381e-07
27.0	224.83365380346953	9.2e-06	0.09016656945822454	0.09016739116399959	0.0901684288619613	4.273893296464357e-07
27.0	224.83365380346953	9.600000000000001e-06	0.09016546694530003	0.09016590886651804	0.0901662313484044	1.5358055331511788e-07
27.0	224.83365380346953	9.999999999999999e-06	0.09016397199827075	0.09016444007641246	0.0901647841908062	1.930935548420515e-07
27.0	224.83365380346953	1.04e-05	0.09016177761813715	0.09016298912914639	0.09016405471051314	5.185613613534887e-07
27.0	224.83365380346953	1.08e-05	0.09015945777838841	0.09016147829271794	0.09016296397207135	8.567197152866445e-07
27.0	224.83365380346953	1.1200000000000001e-05	0.09015698308733722	0.09015992799444861	0.09016195227199209	1.2618327710525496e-06
27.0	224.83365380346953	1.16e-05	0.09015428506356216	0.090158216817307	0.09016070305510038	1.6953795555616184e-06
27.0	224.83365380346953	1.2e-05	0.09015128647053938	0.0901563411516946	0.09015940879988449	2.2333257883490773e-06
27.0	224.83365380346953	1.24e-05	0.09014790488984747	0.09015396950054365	0.09015770425996994	2.792557277098612e-06
27.0	224.83365380346953	1.28e-05	0.09014405255256364	0.0901511739241481	0.0901560947033726	3.526302277060571e-06
27.0	224.83365380346953	1.32e-05	0.09013969883488393	0.0901473367941173	0.09015343954907973	4.31368610350553e-06
27.0	224.83365380346953	1.36e-05	0.09013489229056137	0.09014190430416523	0.0901494123765616	5.1229301641483666e-06
27.0	224.83365380346953	1.4e-05	0.09012907077855115	0.09012948806434785	0.09012985967668374	1.78090675941938e-07
27.0	224.83365380346953	1.44e-05	0.0901088421012286	0.09011698282342542	0.09012481475824874	5.35031418322734e-06
27.0	224.83365380346953	1.48e-05	0.09010492783695412	0.09011165242484857	0.09012010579904661	4.53937066601162e-06
27.0	224.83365380346953	1.52e-05	0.09010243194353507	0.09010796670284497	0.09011590668829061	3.7580747108748343e-06
27.0	224.83365380346953	1.56e-05	0.0901009940014692	0.09010536053360965	0.09011225642344112	3.0407277764779704e-06
27.0	224.83365380346953	1.6e-05	0.09009945795195495	0.09010319877018605	0.09010911934387611	2.506287485706758e-06
27.0	224.83365380346953	1.6400000000000002e-05	0.09009838675266657	0.09010156617470885	0.09010641135699338	2.0034376417020804e-06
27.0	224.83365380346953	1.68e-05	0.09009741512827496	0.09010013409772394	0.09010404531140281	1.5944901349904326e-06
27.0	224.83365380346953	1.7199999999999998e-05	0.09009660526567043	0.09009889328772253	0.0901019453700398	1.226582029150065e-06
27.0	224.83365380346953	1.76e-05	0.09009575236176204	0.09009771349095444	0.09010004649181269	9.329307079313297e-07
27.0	224.83365380346953	1.8e-05	0.09009536442767896	0.09009662659767928	0.09009829386205581	6.486068454105091e-07
27.0	224.83365380346953	1.84e-05	0.09009465799483074	0.09009554502285078	0.09009664079350532	4.2396594200667303e-07
27.0	224.83365380346953	1.88e-05	0.0900938582343791	0.09009447424400953	0.09009504623034381	2.3935845580237367e-07
27.0	224.83365380346953	1.9200000000000003e-05	0.0900930471197281	0.09009341666726413	0.09009372647930292	1.5582177121890843e-07
27.0	224.83365380346953	1.9600000000000002e-05	0.09009158625766744	0.09009237504406951	0.090093117226413	3.0744056196454117e-07
27.0	224.83365380346953	1.9999999999999998e-05	0.09009006674152609	0.09009129864422659	0.0900923054937115	5.281040113543955e-07
27.0	224.83365380346953	2.04e-05	0.09008844469707533	0.09009019922497165	0.09009162049288211	8.018240450689201e-07
27.0	224.83365380346953	2.08e-05	0.09008658509110035	0.0900889961937756	0.0900907242378084	1.095212153618791e-06
27.0	224.83365380346953	2.12e-05	0.09008450670092039	0.09008768849102039	0.09008981001507	1.4630283172457979e-06
27.0	224.83365380346953	2.16e-05	0.0900821769100375	0.09008605134367037	0.09008858407909504	1.8437074188049162e-06
27.0	224.83365380346953	2.2e-05	0.09007953988145001	0.09008413138562699	0.09008746917486032	2.341094956153328e-06
27.0	224.83365380346953	2.2400000000000002e-05	0.0900765692940233	0.09008151478503809	0.0900856520154969	2.87352869867114e-06
27.0	224.83365380346953	2.28e-05	0.09007311297730425	0.09007782951774002	0.09008292358483683	3.420301119087837e-06
27.0	224.83365380346953	2.32e-05	0.09006898151291587	0.09006946126422839	0.09006989129014009	2.161374459955056e-07
27.0	224.83365380346953	2.36e-05	0.09005534418611028	0.09006099937296652	0.09006648575389242	3.6583185669418634e-06
27.0	224.83365380346953	2.4e-05	0.0900527237898876	0.0900574162410067	0.0900633182530921	3.110748880357666e-06
27.0	224.83365380346953	2.44e-05	0.09005106794376072	0.09005495245437643	0.09006050528353349	2.584451816939452e-06
27.0	224.83365380346953	2.48e-05	0.09005012789980071	0.09005322436384679	0.09005807206968175	2.103268980403933e-06
27.0	224.83365380346953	2.5200000000000003e-05	0.09004912008760524	0.09005179988272159	0.09005599467883219	1.7470013804608574e-06
27.0	224.83365380346953	2.56e-05	0.09004843624802294	0.09005073841405815	0.0900542136084308	1.4143112510894069e-06
27.0	224.83365380346953	2.6e-05	0.09004780024546122	0.09004981866365501	0.09005267103761216	1.1434719086361091e-06
27.0	224.83365380346953	2.64e-05	0.09004729232946396	0.09004903323265545	0.09005131597796279	9.030753861576321e-07
27.0	224.83365380346953	2.68e-05	0.09004676484579832	0.09004829268019986	0.09005010509324407	7.144516778402155e-07
27.0	224.83365380346953	2.72e-05	0.09004653749712155	0.09004762061231793	0.09004900232937985	5.342628859845488e-07
27.0	224.83365380346953	2.76e-05	0.09004610584464867	0.09004695612178323	0.09004797754333538	3.9650115339090574e-07
27.0	224.83365380346953	2.8e-05	0.09004561548905965	0.0900463031053073	0.09004700489827133	2.8427529503158245e-07
27.0	224.83365380346953	2.8400000000000003e-05	0.09004512580276103	0.09004566303637886	0.09004606130555448	1.9545647753220706e-07
27.0	224.83365380346953	2.88e-05	0.09004465568370268	0.09004503705372274	0.09004535438532635	1.640581043030337e-07
27.0	224.83365380346953	2.92e-05	0.09004377680083753	0.09004440180725842	0.09004487917035764	2.283378488106152e-07
27.0	224.83365380346953	2.96e-05	0.09004285561015646	0.09004376031736167	0.09004452475945701	3.5382664145268006e-07
27.0	224.83365380346953	2.9999999999999997e-05	0.09004186477938081	0.09004307364730373	0.09004396892408906	4.990942326850868e-07
27.0	224.83365380346953	3.04e-05	0.09004077194462923	0.0900423429347687	0.09004345608979403	6.904336983631455e-07
27.0	224.83365380346953	3.0799999999999996e-05	0.09003953952091681	0.09004145248242003	0.09004278774636809	8.87997670490858e-07
27.0	224.83365380346953	3.12e-05	0.0900381279425817	0.09004042286241551	0.09004218071486303	1.1436563513674631e-06
27.0	224.83365380346953	3.16e-05	0.09003650682376385	0.09003904731099023	0.09004121679909716	1.4155277947131434e-06
27.0	224.83365380346953	3.2e-05	0.090034680167701	0.09003713884491393	0.09003979784938299	1.693702186331299e-06
27.0	224.83365380346953	3.2399999999999995e-05	0.09003240912272936	0.09003288852603734	0.09003331982050344	2.21194563921182e-07
27.0	224.83365380346953	3.2800000000000004e-05	0.09002545512443305	0.09002854218992526	0.09003158822699131	1.9360628586163483e-06
27.0	224.83365380346953	3.32e-05	0.09002414701159456	0.09002673797961372	0.09002999474912965	1.6563773503282385e-06
27.0	224.83365380346953	3.36e-05	0.09002334305216664	0.09002551841260695	0.09002859828614618	1.3899040123153376e-06
27.0	224.83365380346953	3.4e-05	0.09002290758400466	0.09002468452110898	0.09002741268145087	1.1495077365960629e-06
27.0	224.83365380346953	3.4399999999999996e-05	0.09002243626520023	0.09002401098134366	0.09002641676481016	9.749468209805166e-07
27.0	224.83365380346953	3.4800000000000006e-05	0.09002213143623106	0.09002353146659992	0.09002558255240789	8.154842706075611e-07
27.0	224.83365380346953	3.52e-05	0.09002185133813967	0.09002313381714343	0.09002488113414753	6.855684697192868e-07
27.0	224.83365380346953	3.56e-05	0.09002165010098562	0.0900228126140492	0.09002428686186992	5.746538456802819e-07
27.0	224.83365380346953	3.6e-05	0.09002145256758887	0.09002251991276602	0.09002377852590993	4.920518333568117e-07
27.0	224.83365380346953	3.64e-05	0.09002138883649202	0.09002227088089093	0.09002333918608763	4.1563133490127804e-07
27.0	224.83365380346953	3.68e-05	0.09002123716987853	0.0900220317753004	0.0900229555393075	3.624993317099056e-07
27.0	224.83365380346953	3.72e-05	0.0900210619634425	0.09002180488356923	0.09002261721701821	3.230820418910915e-07
27.0	224.83365380346953	3.76e-05	0.09002089871960184	0.09002159072562106	0.09002231615720202	2.920853834368164e-07
27.0	224.83365380346953	3.7999999999999995e-05	0.09002075286075062	0.09002138878557737	0.09002204608635189	2.667546008509874e-07
27.0	224.83365380346953	3.8400000000000005e-05	0.09002062584859338	0.09002120366664261	0.0900218021059862	2.457255623226768e-07
27.0	224.83365380346953	3.88e-05	0.09002051837279534	0.09002102946309372	0.0900215803665736	2.2840926055130887e-07
27.0	224.83365380346953	3.9200000000000004e-05	0.09002041411211792	0.09002086979563258	0.09002137780965658	2.1498834833895994e-07
27.0	224.83365380346953	3.96e-05	0.09002031217708772	0.09002072790300047	0.09002119195654679	2.0138643656820277e-07
27.0	224.83365380346953	3.9999999999999996e-05	0.09002020461991211	0.09002059942235809	0.09002102071207219	1.9198306647168923e-07
27.0	224.83365380346953	4.0400000000000006e-05	0.09002010630468948	0.09002047809437723	0.09002086213019123	1.8414538577698883e-07
27.0	224.83365380346953	4.08e-05	0.090020026957645	0.09002036753879995	0.0900207140865259	1.7854884059613347e-07
27.0	224.83365380346953	4.12e-05	0.09001994128926594	0.0900202670781669	0.0900205741393183	1.74164747739103e-07
27.0	224.83365380346953	4.16e-05	0.0900198566862409	0.0900201797398545	0.09002044989475966	1.7151914244308696e-07
27.0	224.83365380346953	4.2e-05	0.09001978176959469	0.09002012442621976	0.09002035393276664	1.663313830852828e-07
28.0	235.9329256912337	0.0	0.09191359668196952	0.0919166224257342	0.09191807003161756	9.855906953243746e-07
28.0	235.9329256912337	4e-07	0.09191161596171771	0.09191472374244503	0.09191623208074962	1.0245412102390474e-06
28.0	235.9329256912337	8e-07	0.091909434707099	0.0919128426991459	0.09191471628437675	1.1501642538677118e-06
28.0	235.9329256912337	1.2000000000000002e-06	0.09190703952736179	0.09191098431139029	0.09191385338534008	1.392274130264339e-06
28.0	235.9329256912337	1.6e-06	0.09190439741735812	0.09190902432725016	0.09191224082608951	1.6864545123359547e-06
28.0	235.9329256912337	2e-06	0.09190145793162952	0.09190701240315911	0.09191078553490772	2.1038114941530458e-06
28.0	235.9329256912337	2.4000000000000003e-06	0.09189815292744719	0.09190477575196146	0.09190918709746487	2.592024911993761e-06
28.0	235.9329256912337	2.8000000000000003e-06	0.09189439746833283	0.09190231326696978	0.09190745948764967	3.227731606190495e-06
28.0	235.9329256912337	3.2e-06	0.09189009574050289	0.09189918366177532	0.09190512872383305	3.910294252998687e-06
28.0	235.9329256912337	3.6e-06	0.09188513900359485	0.09189549776138523	0.09190298510642414	4.8366515038021204e-06
28.0	235.9329256912337	4e-06	0.09187949914745186	0.09189042575175838	0.09189943200698991	5.839436029597227e-06
28.0	235.9329256912337	4.4e-06	0.09187324207202696	0.09188323954849408	0.0918940467786884	6.8732586164785886e-06
28.0	235.9329256912337	4.800000000000001e-06	0.09186626505038031	0.09186679083370827	0.09186725739080792	2.2836007344347963e-07
28.0	235.9329256912337	5.2e-06	0.09183997514544551	0.09185030308543549	0.09186006401578606	7.001167095569705e-06
28.0	235.9329256912337	5.600000000000001e-06	0.0918347446696659	0.09184325288764092	0.09185388309851117	5.929493201608018e-06
28.0	235.9329256912337	6e-06	0.09183139272238172	0.09183836416848846	0.09184835864597751	4.897845664211004e-06
28.0	235.9329256912337	6.4e-06	0.09182944447795194	0.09183489311918434	0.09184354368138692	3.949014480623709e-06
28.0	235.9329256912337	6.8e-06	0.09182737388802042	0.09183200522011138	0.09183939178333045	3.2404110199418204e-06
28.0	235.9329256912337	7.2e-06	0.09182590239316735	0.09182981062030152	0.09183579542813369	2.569771683261755e-06
28.0	235.9329256912337	7.6e-06	0.09182460111678559	0.09182787406848016	0.0918326393679525	2.025649915876733e-06
28.0	235.9329256912337	8e-06	0.09182348400003004	0.091826185217752	0.09182982392341543	1.5316462004243376e-06
28.0	235.9329256912337	8.4e-06	0.09182229705976575	0.0918245733609691	0.09182726318743306	1.1339295436602454e-06
28.0	235.9329256912337	8.8e-06	0.09182174748841909	0.09182307849599784	0.09182488428191515	7.44335368708215e-07
28.0	235.9329256912337	9.2e-06	0.09182076555759355	0.0918215868151725	0.09182262456902457	4.2766256205798537e-07
28.0	235.9329256912337	9.600000000000001e-06	0.09181966423227728	0.09182010537154209	0.09182042830233517	1.5374168466130392e-07
28.0	235.9329256912337	9.999999999999999e-06	0.09181817195599518	0.09181863748965016	0.09181898023702129	1.9221665918465534e-07
28.0	235.9329256912337	1.04e-05	0.09181597719425483	0.09181718748836337	0.09181825123480891	5.175609434508025e-07
28.0	235.9329256912337	1.08e-05	0.0918136588963554	0.09181567772334928	0.09181715911508803	8.555722223223203e-07
28.0	235.9329256912337	1.1200000000000001e-05	0.09181118593016269	0.0918141285731639	0.09181614952315797	1.2604425514834546e-06
28.0	235.9329256912337	1.16e-05	0.09180848986927792	0.09181241881251076	0.09181490330245179	1.6938734985925722e-06
28.0	235.9329256912337	1.2e-05	0.09180549354417433	0.09181054463258435	0.09181361212888994	2.2314492156702087e-06
28.0	235.9329256912337	1.24e-05	0.09180211461419585	0.09180817490398104	0.09181190823562169	2.7903312257974945e-06
28.0	235.9329256912337	1.28e-05	0.09179826553685366	0.09180538156165965	0.09181030099210652	3.5235657736286038e-06
28.0	235.9329256912337	1.32e-05	0.09179391544304494	0.09180154737856538	0.09180764789382145	4.310179498722311e-06
28.0	235.9329256912337	1.36e-05	0.09178911302990311	0.09179611912845806	0.09180362306667256	5.118419383750929e-06
28.0	235.9329256912337	1.4e-05	0.09178329721273393	0.09178371366888463	0.09178408483713785	1.7754026048162696e-07
28.0	235.9329256912337	1.44e-05	0.09176308978878112	0.09177122030167328	0.0917790445774358	5.345252146040904e-06
28.0	235.9329256912337	1.48e-05	0.09175918044624165	0.09176589545258572	0.09177434010250085	4.534758147633808e-06
28.0	235.9329256912337	1.52e-05	0.09175668721644392	0.09176221362995042	0.09177014510775017	3.7540953348943435e-06
28.0	235.9329256912337	1.56e-05	0.09175524974079075	0.09175961014216201	0.09176649851994512	3.0375303594108904e-06
28.0	235.9329256912337	1.6e-05	0.09175371607341098	0.0917574505836	0.091763364616674	2.5037060174713797e-06
28.0	235.9329256912337	1.6400000000000002e-05	0.09175264471636524	0.09175581969388814	0.09176065950481505	2.0013965110491463e-06
28.0	235.9329256912337	1.68e-05	0.09175167590059541	0.09175438904985438	0.09175829604771657	1.593045983218364e-06
28.0	235.9329256912337	1.7199999999999998e-05	0.09175086608859484	0.09175314961659145	0.09175619847789296	1.2255419681993837e-06
28.0	235.9329256912337	1.76e-05	0.09175001319797627	0.09175197117801832	0.09175430181761612	9.322352502272657e-07
28.0	235.9329256912337	1.8e-05	0.09174962541265863	0.09175088561726678	0.0917525513085593	6.481991940263491e-07
28.0	235.9329256912337	1.84e-05	0.09174891964432241	0.09174980541913472	0.09175090031409017	4.2373749004476845e-07
28.0	235.9329256912337	1.88e-05	0.09174812156145506	0.09174873606862104	0.09174930782553847	2.39068013547603e-07
28.0	235.9329256912337	1.9200000000000003e-05	0.0917473132243769	0.0917476799679576	0.09174798809140494	1.5479958403607975e-07
28.0	235.9329256912337	1.9600000000000002e-05	0.09174585444903105	0.09174663984831648	0.091747379968246	3.061451374763768e-07
28.0	235.9329256912337	1.9999999999999998e-05	0.09174433718176189	0.09174556508889888	0.09174656715161777	5.266487275327871e-07
28.0	235.9329256912337	2.04e-05	0.09174271761179931	0.09174446739539478	0.09174588348829271	8.000579532925119e-07
28.0	235.9329256912337	2.08e-05	0.09174085877778637	0.09174326640890569	0.09174499082825083	1.093263204485536e-06
28.0	235.9329256912337	2.12e-05	0.09173878361157772	0.09174196084155609	0.09174407937745244	1.460574776663756e-06
28.0	235.9329256912337	2.16e-05	0.09173645752122006	0.09174032639023261	0.09174285450282582	1.8407638554603479e-06
28.0	235.9329256912337	2.2e-05	0.0917338248438142	0.09173840954343518	0.09174174246730704	2.3374515054534945e-06
28.0	235.9329256912337	2.2400000000000002e-05	0.09173085918010138	0.09173579702930341	0.09173992809259879	2.8688976667685955e-06
28.0	235.9329256912337	2.28e-05	0.09172741126997952	0.09173211755737302	0.09173720294785603	3.4144267783003827e-06
28.0	235.9329256912337	2.32e-05	0.09172328527054407	0.09172376356603595	0.09172419266388143	2.1517608090402272e-07
28.0	235.9329256912337	2.36e-05	0.0917096754464124	0.09171531732120433	0.09172079322903048	3.6514960489698288e-06
28.0	235.9329256912337	2.4e-05	0.091707061167563	0.09171174131920912	0.09171763154024148	3.1045895786612185e-06
28.0	235.9329256912337	2.44e-05	0.0917054086734197	0.09170928248552448	0.09171482384751695	2.579141984772256e-06
28.0	235.9329256912337	2.48e-05	0.09170446937919241	0.09170755777186716	0.0917123952919674	2.0989457527896006e-06
28.0	235.9329256912337	2.5200000000000003e-05	0.09170346439742083	0.0917061360419526	0.0917103218528803	1.7434412835742263e-06
28.0	235.9329256912337	2.56e-05	0.09170278051972947	0.09170507664691066	0.09170854432494213	1.4114198643801022e-06
28.0	235.9329256912337	2.6e-05	0.09170214771789187	0.09170415860492279	0.09170700488792338	1.1412945527256105e-06
28.0	235.9329256912337	2.64e-05	0.09170163994185287	0.09170337477097454	0.09170565264392394	9.013796720827549e-07
28.0	235.9329256912337	2.68e-05	0.09170111252331203	0.09170263577349183	0.09170444433704894	7.131482727155428e-07
28.0	235.9329256912337	2.72e-05	0.09170088530799525	0.09170196519303533	0.09170334398249214	5.332857670933579e-07
28.0	235.9329256912337	2.76e-05	0.09170045439465024	0.09170130222340708	0.09170232149706159	3.9573136796302235e-07
28.0	235.9329256912337	2.8e-05	0.09169996590222596	0.09170065076926734	0.09170135109696709	2.8355970238837277e-07
28.0	235.9329256912337	2.8400000000000003e-05	0.09169947782011079	0.09170001229952565	0.09170040974277338	1.9453492557177398e-07
28.0	235.9329256912337	2.88e-05	0.09169900984471635	0.09169938793014339	0.09169970360507396	1.626567473287727e-07
28.0	235.9329256912337	2.92e-05	0.0916981332407536	0.09169875440383772	0.09169922700133526	2.2680209584456342e-07
28.0	235.9329256912337	2.96e-05	0.09169721449972013	0.09169811470186577	0.0916988737340354	3.5216105395254224e-07
28.0	235.9329256912337	2.9999999999999997e-05	0.09169622635859564	0.09169743011016768	0.09169832212237505	4.974396655140165e-07
28.0	235.9329256912337	3.04e-05	0.09169513654090533	0.09169670149319134	0.09169781214606676	6.884017967290277e-07
28.0	235.9329256912337	3.0799999999999996e-05	0.09169390757102569	0.09169581358606303	0.09169714469839896	8.855939038947077e-07
28.0	235.9329256912337	3.12e-05	0.09169250001003881	0.09169478683190907	0.09169654051000098	1.1406988924137728e-06
28.0	235.9329256912337	3.16e-05	0.09169088358896094	0.09169341490466659	0.09169557909655612	1.4117176320168161e-06
28.0	235.9329256912337	3.2e-05	0.09168906234487118	0.0916915114614828	0.09169416282334453	1.6887649781888829e-06
28.0	235.9329256912337	3.2399999999999995e-05	0.0916867963514445	0.09168727342893324	0.09168770306822527	2.1980796785124529e-07
28.0	235.9329256912337	3.2800000000000004e-05	0.09167986743303747	0.09168294117480906	0.09168597681722179	1.9296103096040143e-06
28.0	235.9329256912337	3.32e-05	0.09167856490247406	0.09168114334078135	0.09168438839487258	1.6504420459376755e-06
28.0	235.9329256912337	3.36e-05	0.09167776382752191	0.09167992812354919	0.09168299642595379	1.3846867993696898e-06
28.0	235.9329256912337	3.4e-05	0.09167732867342959	0.09167909708767354	0.09168181475962545	1.1451567268569947e-06
28.0	235.9329256912337	3.4399999999999996e-05	0.09167685988817542	0.09167842580688758	0.091680822225368	9.712594436683836e-07
28.0	235.9329256912337	3.4800000000000006e-05	0.09167655636153249	0.09167794790452607	0.09167999090833501	8.123570063261679e-07
28.0	235.9329256912337	3.52e-05	0.09167627757975882	0.09167755147432936	0.09167929197994074	6.83072328764055e-07
28.0	235.9329256912337	3.56e-05	0.09167607609467154	0.09167723139719204	0.09167869986947697	5.725378537170727e-07
28.0	235.9329256912337	3.6e-05	0.09167587815224465	0.09167693977378537	0.0916781934340909	4.902326938482697e-07
28.0	235.9329256912337	3.64e-05	0.09167581426520055	0.09167669173520335	0.09167775578830462	4.140523760245227e-07
28.0	235.9329256912337	3.68e-05	0.0916756629710882	0.09167645363716362	0.09167737367234796	3.6107365229098737e-07
28.0	235.9329256912337	3.72e-05	0.09167548913188917	0.09167622777836969	0.09167703675107575	3.217227375235607e-07
28.0	235.9329256912337	3.76e-05	0.09167532712369031	0.09167601467488076	0.0916767369874334	2.9072018899506254e-07
28.0	235.9329256912337	3.7999999999999995e-05	0.0916751827609028	0.09167581378788395	0.09167646812566943	2.653531887368001e-07
28.0	235.9329256912337	3.8400000000000005e-05	0.09167505757438654	0.09167562974412939	0.09167622527877395	2.442389380500722e-07
28.0	235.9329256912337	3.88e-05	0.09167495028443717	0.09167545663079557	0.09167600460304026	2.2682554465820943e-07
28.0	235.9329256912337	3.9200000000000004e-05	0.09167484770887135	0.09167529820238925	0.09167580304059975	2.1325599283054377e-07
28.0	235.9329256912337	3.96e-05	0.09167474667674469	0.09167515736511964	0.09167561810848746	1.9953699558396945e-07
28.0	235.9329256912337	3.9999999999999996e-05	0.09167464013847404	0.09167502993783458	0.09167544770306879	1.899818285755048e-07
28.0	235.9329256912337	4.0400000000000006e-05	0.09167454292850596	0.09167490958505793	0.09167528986789808	1.820305916405058e-07
28.0	235.9329256912337	4.08e-05	0.0916744646479355	0.09167479977298959	0.09167514247404007	1.7637554760947926e-07
28.0	235.9329256912337	4.12e-05	0.09167437886424956	0.0916746998264088	0.09167500310702525	1.7195206571842555e-07
28.0	235.9329256912337	4.16e-05	0.09167429462330201	0.09167461262538353	0.09167487929525109	1.6927603951102635e-07
28.0	235.9329256912337	4.2e-05	0.09167422009225756	0.09167455797406666	0.09167478473961044	1.6405510705731762e-07
29.0	247.03219757899785	0.0	0.09356764769418735	0.09357067283136414	0.09357212021132266	9.853250226798397e-07
29.0	247.03219757899785	4e-07	0.09356566700543834	0.09356877418700435	0.09357028233335463	1.0242543935492015e-06
29.0	247.03219757899785	8e-07	0.09356348586666385	0.09356689325668538	0.09356876684594262	1.1498209474799209e-06
29.0	247.03219757899785	1.2000000000000002e-06	0.09356109088855469	0.09356503503507684	0.09356790441160001	1.3918414948463158e-06
29.0	247.03219757899785	1.6e-06	0.09355844907301769	0.09356307532086656	0.09356629311561004	1.6859842790904433e-06
29.0	247.03219757899785	2e-06	0.09355550998670115	0.09356106372854306	0.09356483897173984	2.1032700426843596e-06
29.0	247.03219757899785	2.4000000000000003e-06	0.09355220550502352	0.09355882760532788	0.09356323925291488	2.5915694225521415e-06
29.0	247.03219757899785	2.8000000000000003e-06	0.09354845071709583	0.0935563656254903	0.0935615132721086	3.2271751918726045e-06
29.0	247.03219757899785	3.2e-06	0.09354414984299719	0.09355323669456002	0.0935591822974482	3.909669081546478e-06
29.0	247.03219757899785	3.6e-06	0.09353919448153825	0.09354955155131915	0.09355704013618116	4.8358884811488395e-06
29.0	247.03219757899785	4e-06	0.09353355593593715	0.09354448045799495	0.09355348770067273	5.838312857088189e-06
29.0	247.03219757899785	4.4e-06	0.09352730044421342	0.09353729561235374	0.09354810271980085	6.8715581143202995e-06
29.0	247.03219757899785	4.800000000000001e-06	0.093520323518959	0.0935208510790121	0.09352131987305334	2.2939763920855083e-07
29.0	247.03219757899785	5.2e-06	0.09349404668316286	0.0935043686606025	0.09351412602023323	6.998930308057301e-06
29.0	247.03219757899785	5.600000000000001e-06	0.09348881903222583	0.09349732121886874	0.0935079471192175	5.927294813534409e-06
29.0	247.03219757899785	6e-06	0.09348546842502614	0.09349243446441134	0.09350242458838398	4.89588343527603e-06
29.0	247.03219757899785	6.4e-06	0.09348351991117365	0.09348896473001883	0.09349761139929846	3.947469255782812e-06
29.0	247.03219757899785	6.8e-06	0.09348145085163129	0.09348607790122866	0.09349346115057333	3.2392129906471676e-06
29.0	247.03219757899785	7.2e-06	0.09347997866585	0.09348388414738083	0.09348986626465106	2.5688687530354578e-06
29.0	247.03219757899785	7.6e-06	0.09347867960421752	0.09348194827302383	0.09348671157099098	2.0251563064169988e-06
29.0	247.03219757899785	8e-06	0.0934775621282542	0.09348026015446403	0.09348389742080787	1.5313849105663188e-06
29.0	247.03219757899785	8.4e-06	0.09347637477370352	0.0934786490490317	0.09348133793734803	1.1338837353986586e-06
29.0	247.03219757899785	8.8e-06	0.09347582513247321	0.09347715496289424	0.0934789602714945	7.444730187634106e-07
29.0	247.03219757899785	9.2e-06	0.09347484348135282	0.0934756641102995	0.09347670181326251	4.2793317592155985e-07
29.0	247.03219757899785	9.600000000000001e-06	0.0934737433890449	0.09347418355634636	0.0934745068439673	1.5388236165120268e-07
29.0	247.03219757899785	9.999999999999999e-06	0.09347225380427382	0.09347271662320514	0.0934730578324734	1.912896166308854e-07
29.0	247.03219757899785	1.04e-05	0.09347005850912993	0.09347126760986076	0.09347232953207119	5.165226428879477e-07
29.0	247.03219757899785	1.08e-05	0.09346774181500184	0.09346975896219105	0.09347123581596417	8.543823348575024e-07
29.0	247.03219757899785	1.1200000000000001e-05	0.09346527064114962	0.09346821101389971	0.09347022851059439	1.2590044256390487e-06
29.0	247.03219757899785	1.16e-05	0.09346257661788115	0.0934665027449585	0.09346898556283278	1.6923341168781332e-06
29.0	247.03219757899785	1.2e-05	0.09345958264486409	0.09346463011935591	0.09346769760138773	2.229533294763306e-06
29.0	247.03219757899785	1.24e-05	0.09345620646204988	0.09346226238963957	0.0934659944125853	2.7880566109602766e-06
29.0	247.03219757899785	1.28e-05	0.09345236071540519	0.0934594713652777	0.09346438954746272	3.520766239622566e-06
29.0	247.03219757899785	1.32e-05	0.09344801438156569	0.09345564023529285	0.09346173859308227	4.306591419838808e-06
29.0	247.03219757899785	1.36e-05	0.09344321625841889	0.0934502163666409	0.09345771624134702	5.113803997835368e-06
29.0	247.03219757899785	1.4e-05	0.09343740658403732	0.09343782203372109	0.09343819269042619	1.769393840414972e-07
29.0	247.03219757899785	1.44e-05	0.09341722142165931	0.0934253410881775	0.09343315727244494	5.3399150820379816e-06
29.0	247.03219757899785	1.48e-05	0.09341331715703394	0.09342002203344406	0.09342845746291051	4.529904478974149e-06
29.0	247.03219757899785	1.52e-05	0.09341082668897815	0.09341634427429962	0.09342426675345639	3.749911475617926e-06
29.0	247.03219757899785	1.56e-05	0.09340938972611923	0.09341374357828867	0.0934206239951143	3.034164423589722e-06
29.0	247.03219757899785	1.6e-05	0.09340785849864375	0.0934115863113686	0.093417493394516	2.500984398664241e-06
29.0	247.03219757899785	1.6400000000000002e-05	0.09340678700750171	0.09340995718489373	0.09341479127587249	1.9992442543254738e-06
29.0	247.03219757899785	1.68e-05	0.09340582105305995	0.09340852801164581	0.09341243051133397	1.5915297282940451e-06
29.0	247.03219757899785	1.7199999999999998e-05	0.09340501132011259	0.09340729000132618	0.09341033540614418	1.2244464695612294e-06
29.0	247.03219757899785	1.76e-05	0.09340415845949579	0.09340611297115782	0.09340844104887047	9.314936353047525e-07
29.0	247.03219757899785	1.8e-05	0.09340377079980211	0.09340502879082324	0.0934066927401167	6.477548710247655e-07
29.0	247.03219757899785	1.84e-05	0.09340306570330004	0.09340395001857157	0.0934050438961318	4.2347597285164015e-07
29.0	247.03219757899785	1.88e-05	0.09340226935408857	0.09340288214948321	0.09340345355737956	2.387317274915137e-07
29.0	247.03219757899785	1.9200000000000003e-05	0.0934014630587452	0.0934018275816875	0.09340213384125917	1.5369357403743432e-07
29.0	247.03219757899785	1.9600000000000002e-05	0.09340000719558361	0.09340078902289548	0.09340152706824068	3.0478951826090766e-07
29.0	247.03219757899785	1.9999999999999998e-05	0.09339849225858288	0.0933997159645777	0.09340071298308406	5.251366826070392e-07
29.0	247.03219757899785	2.04e-05	0.09339687525161278	0.09339862006481796	0.09340003058095991	7.98230607044493e-07
29.0	247.03219757899785	2.08e-05	0.09339501706386777	0.09339742121187879	0.09339914191105159	1.0912646046699054e-06
29.0	247.03219757899785	2.12e-05	0.0933929452313631	0.09339611786405978	0.09339823328146757	1.4580623084488687e-06
29.0	247.03219757899785	2.16e-05	0.09339062296519973	0.09339448620384887	0.09339700954342156	1.8377479853871977e-06
29.0	247.03219757899785	2.2e-05	0.09338799474397153	0.09339257257399851	0.0933959004317817	2.3337155757343476e-06
29.0	247.03219757899785	2.2400000000000002e-05	0.0933850341708613	0.09338996428317188	0.09339408894106782	2.8641520697102525e-06
29.0	247.03219757899785	2.28e-05	0.09338159515028455	0.09338629078985851	0.09339136724208341	3.408413093944401e-06
29.0	247.03219757899785	2.32e-05	0.09337747484862824	0.0933779514885315	0.09337837956435813	2.1414406210885295e-07
29.0	247.03219757899785	2.36e-05	0.09336389361250852	0.09336952150735853	0.09337498644368214	3.644365934696053e-06
29.0	247.03219757899785	2.4e-05	0.09336128560967794	0.09336595290348652	0.09337183077390154	3.098164304369789e-06
29.0	247.03219757899785	2.44e-05	0.09335963657396107	0.09336349920154129	0.09336902854860973	2.573608083369504e-06
29.0	247.03219757899785	2.48e-05	0.09335869809783937	0.09336177798595648	0.09336660482074155	2.0944363366867797e-06
29.0	247.03219757899785	2.5200000000000003e-05	0.09335769599521271	0.09336035910274154	0.09336453547506629	1.7397245749993892e-06
29.0	247.03219757899785	2.56e-05	0.0933570121249927	0.09335930184451956	0.09336276161689039	1.4084019534554773e-06
29.0	247.03219757899785	2.6e-05	0.09335638255309764	0.09335838555452695	0.09336122542408809	1.1390274521629504e-06
29.0	247.03219757899785	2.64e-05	0.09335587495951359	0.09335760336665476	0.09335987609284135	8.996105767819285e-07
29.0	247.03219757899785	2.68e-05	0.09335534763692266	0.09335686597592911	0.0933586704508329	7.117801030308833e-07
29.0	247.03219757899785	2.72e-05	0.093355120538539	0.0933561969306947	0.09335757258530819	5.322529786248901e-07
29.0	247.03219757899785	2.76e-05	0.09335469037519672	0.09335553553001852	0.09335655247528507	3.949108802825992e-07
29.0	247.03219757899785	2.8e-05	0.09335420379231163	0.0933548856887978	0.09335558439205638	2.827905538544206e-07
29.0	247.03219757899785	2.8400000000000003e-05	0.09335371734517572	0.0933542488711257	0.09335464534720117	1.9354492750790663e-07
29.0	247.03219757899785	2.88e-05	0.09335325152772089	0.09335362616738224	0.09335394017369225	1.611702985326047e-07
29.0	247.03219757899785	2.92e-05	0.09335237727565548	0.09335299441502257	0.09335346204289152	2.2519265812737666e-07
29.0	247.03219757899785	2.96e-05	0.0933514610622348	0.09335235656059279	0.0933531098271505	3.5043032947987696e-07
29.0	247.03219757899785	2.9999999999999997e-05	0.09335047569557009	0.09335167412375592	0.09335256278165893	4.957362465934426e-07
29.0	247.03219757899785	3.04e-05	0.09334938898896983	0.09335094767459598	0.09335205568367222	6.863170343826696e-07
29.0	247.03219757899785	3.0799999999999996e-05	0.09334816357925568	0.09335006239254182	0.09335138920974728	8.831273166414461e-07
29.0	247.03219757899785	3.12e-05	0.09334676015812349	0.09334903859283976	0.09335078789378937	1.1376629417070807e-06
29.0	247.03219757899785	3.16e-05	0.09334514857765885	0.09334767040507505	0.09334982906250833	1.4078146479544712e-06
29.0	247.03219757899785	3.2e-05	0.09334333291144681	0.09334577213642502	0.09334841561991247	1.6837215064629039e-06
29.0	247.03219757899785	3.2399999999999995e-05	0.09334107218943632	0.0933415467272751	0.09334197460771865	2.183473090016937e-07
29.0	247.03219757899785	3.2800000000000004e-05	0.0933341691933176	0.09333722905585315	0.09334025387001965	1.922898202765134e-06
29.0	247.03219757899785	3.32e-05	0.09333287234365617	0.09333543780816043	0.09333867066847823	1.644286146772394e-06
29.0	247.03219757899785	3.36e-05	0.09333207423803458	0.09333422707829017	0.09333728331921609	1.3792849357864997e-06
29.0	247.03219757899785	3.4e-05	0.09333163946527812	0.09333339899133362	0.09333610572513873	1.1406500983810917e-06
29.0	247.03219757899785	3.4399999999999996e-05	0.09333117323601936	0.09333273004264916	0.09333511668753491	9.674385934641706e-07
29.0	247.03219757899785	3.4800000000000006e-05	0.09333087102883475	0.09333225379876209	0.09333428836263735	8.091195012466251e-07
29.0	247.03219757899785	3.52e-05	0.0933305935989317	0.09333185861825023	0.09333359200622748	6.80492668706616e-07
29.0	247.03219757899785	3.56e-05	0.09333039190777903	0.09333153970164319	0.0933330021279204	5.70349410026255e-07
29.0	247.03219757899785	3.6e-05	0.09333019359372763	0.09333124919287064	0.09333249765420959	4.883456851106758e-07
29.0	247.03219757899785	3.64e-05	0.09333012953196285	0.09333100217988052	0.09333206175644104	4.124118888949287e-07
29.0	247.03219757899785	3.68e-05	0.09332997861470904	0.09333076512091477	0.09333168121990276	3.5959170268657646e-07
29.0	247.03219757899785	3.72e-05	0.09332980621356501	0.09333054032771329	0.09333134574424928	3.203100409380404e-07
29.0	247.03219757899785	3.76e-05	0.09332964545420452	0.09333032831229673	0.09333104731852426	2.893028265341401e-07
29.0	247.03219757899785	3.7999999999999995e-05	0.0933295025926455	0.09333012851070623	0.09333077970567061	2.6390218451821667e-07
29.0	247.03219757899785	3.8400000000000005e-05	0.0933293791673302	0.0933299455734212	0.09333053803094415	2.4270666515904987e-07
29.0	247.03219757899785	3.88e-05	0.09332927213923714	0.09332977358551904	0.09333031845714235	2.251973246513464e-07
29.0	247.03219757899785	3.9200000000000004e-05	0.0933291712751636	0.09332961644197231	0.09333011792759294	2.1147395864011877e-07
29.0	247.03219757899785	3.96e-05	0.09332907115768929	0.09332947670041916	0.09332993395560063	1.976343830772653e-07
29.0	247.03219757899785	3.9999999999999996e-05	0.09332896567140647	0.09332935036573443	0.09332976442958607	1.8792419497546593e-07
29.0	247.03219757899785	4.0400000000000006e-05	0.09332886960144116	0.09332923102923917	0.09332960738324392	1.7985657286267834e-07
29.0	247.03219757899785	4.08e-05	0.09332879241097736	0.0933291220102875	0.09332946068385883	1.7413781801407279e-07
29.0	247.03219757899785	4.12e-05	0.0933287066109898	0.09332902263366348	0.09332932194576404	1.6966930041118117e-07
29.0	247.03219757899785	4.16e-05	0.09332862282671694	0.09332893563959059	0.09332919860409383	1.669557204490583e-07
29.0	247.03219757899785	4.2e-05	0.09332854875281082	0.09332888170637424	0.09332910553025453	1.6169686423784876e-07
30.0	258.13146946676204	0.0	0.09523237740659773	0.095235401937941	0.09523684917123187	9.850740109851193e-07
30.0	258.13146946676204	4e-07	0.0952303967500896	0.09523350333485014	0.09523501137148216	1.0239815050366297e-06
30.0	258.13146946676204	8e-07	0.09522821572982565	0.09523162252424072	0.09523349628041	1.1494899629120863e-06
30.0	258.13146946676204	1.2000000000000002e-06	0.09522582095779786	0.09522976447696678	0.09523263435389229	1.3914179959050194e-06
30.0	258.13146946676204	1.6e-06	0.09522317944283198	0.0952278050431602	0.09523102434693076	1.6855190177032165e-06
30.0	258.13146946676204	2e-06	0.09522024076357649	0.09522579379952839	0.09522957136184829	2.102732073231395e-06
30.0	258.13146946676204	2.4000000000000003e-06	0.09521693681357046	0.09522355823765195	0.09522797036527653	2.5911348934494902e-06
30.0	258.13146946676204	2.8000000000000003e-06	0.09521318270772827	0.09522109678685235	0.0952262460396689	3.2266434421985864e-06
30.0	258.13146946676204	3.2e-06	0.09520888270065342	0.09521796855006132	0.0952239148804006	3.909070509575238e-06
30.0	258.13146946676204	3.6e-06	0.09520392863275351	0.09521428418152399	0.0952217741956467	4.835153124673881e-06
30.0	258.13146946676204	4e-06	0.09519829142909852	0.09520921402034126	0.09521822245117484	5.8372180095946554e-06
30.0	258.13146946676204	4.4e-06	0.09519203756315786	0.09520203054491268	0.09521283776097977	6.869884307563187e-06
30.0	258.13146946676204	4.800000000000001e-06	0.09518506061775511	0.09518559023415527	0.09518606145302577	2.3053001890580298e-07
30.0	258.13146946676204	5.2e-06	0.09515879777172476	0.09516911337422117	0.09517886694807931	6.996558847234119e-06
30.0	258.13146946676204	5.600000000000001e-06	0.09515357299219307	0.09516206879289413	0.09517269012172047	5.924977266377611e-06
30.0	258.13146946676204	6e-06	0.09515022375735427	0.0951571840693129	0.0951671695712939	4.893819687762605e-06
30.0	258.13146946676204	6.4e-06	0.09514827498970302	0.09515371569123458	0.09516235821304875	3.945839659464363e-06
30.0	258.13146946676204	6.8e-06	0.09514620747258018	0.09515082996251205	0.09515820963189192	3.2379446005007065e-06
30.0	258.13146946676204	7.2e-06	0.09514473460006556	0.09514863706881892	0.0951546162624588	2.5679113445957908e-06
30.0	258.13146946676204	7.6e-06	0.09514343776984457	0.09514670187224313	0.09515146297668053	2.0246358635507656e-06
30.0	258.13146946676204	8e-06	0.09514231994548084	0.09514501449813677	0.09514865015763618	1.531104557152968e-06
30.0	258.13146946676204	8.4e-06	0.09514113217661446	0.09514340416133385	0.09514609196020807	1.1338215858018604e-06
30.0	258.13146946676204	8.8e-06	0.0951405824342233	0.09514191087091853	0.09514371556543111	7.445988842586923e-07
30.0	258.13146946676204	9.2e-06	0.09513960105147845	0.0951404208645195	0.09514145839220678	4.281935013085472e-07
30.0	258.13146946676204	9.600000000000001e-06	0.09513850221900277	0.09513894122196719	0.09513926475048784	1.5399538667712856e-07
30.0	258.13146946676204	9.999999999999999e-06	0.09513701530652607	0.0951374752629594	0.09513781477703187	1.903257800800138e-07
30.0	258.13146946676204	1.04e-05	0.09513481929377043	0.09513602726368427	0.09513708737897542	5.154635580618923e-07
30.0	258.13146946676204	1.08e-05	0.09513250423979258	0.09513451976139002	0.09513599188216926	8.531698962603415e-07
30.0	258.13146946676204	1.1200000000000001e-05	0.09513003489714844	0.09513297304931445	0.09513498703372658	1.2575419489790154e-06
30.0	258.13146946676204	1.16e-05	0.09512734295366698	0.09513126632331298	0.09513374757087245	1.6907864075912257e-06
30.0	258.13146946676204	1.2e-05	0.09512435137932851	0.09512939529562177	0.09513246291795507	2.2276086182003536e-06
30.0	258.13146946676204	1.24e-05	0.0951209779962996	0.095127029609367	0.09513076048008262	2.7857697804932037e-06
30.0	258.13146946676204	1.28e-05	0.09511713560099899	0.09512424095005813	0.09512915802218647	3.517948340099441e-06
30.0	258.13146946676204	1.32e-05	0.09511279310392595	0.09512041293059409	0.09512650926560084	4.3029786058329e-06
30.0	258.13146946676204	1.36e-05	0.09510799936220682	0.09511499351498574	0.09512248948010882	5.109155875275674e-06
30.0	258.13146946676204	1.4e-05	0.0951021962236922	0.09510261048027584	0.09510298054584343	1.762855828883191e-07
30.0	258.13146946676204	1.44e-05	0.09508203397486348	0.09509014230932844	0.09509795007650812	5.334386759571574e-06
30.0	258.13146946676204	1.48e-05	0.09507813486472916	0.09508482920396387	0.09509325504051258	4.524884805590121e-06
30.0	258.13146946676204	1.52e-05	0.09507564721338202	0.09508115560935383	0.0950890687188437	3.7455873988255768e-06
30.0	258.13146946676204	1.56e-05	0.09507421080056844	0.09507855777191662	0.09508542988289559	3.0306813753724158e-06
30.0	258.13146946676204	1.6e-05	0.09507268203264907	0.0950764028477225	0.09508230266684592	2.4981639508264115e-06
30.0	258.13146946676204	1.6400000000000002e-05	0.09507161043139778	0.09507477551483158	0.09507960361353174	1.9970128442480215e-06
30.0	258.13146946676204	1.68e-05	0.09507064735189807	0.09507334782762994	0.09507724560422925	1.5899630594694265e-06
30.0	258.13146946676204	1.7199999999999998e-05	0.09506983772152555	0.09507211126465859	0.09507515301891711	1.2233101118263731e-06
30.0	258.13146946676204	1.76e-05	0.09506898490601134	0.09507093567128337	0.09507326101435876	9.307146317249264e-07
30.0	258.13146946676204	1.8e-05	0.09506859734839246	0.09506985289790555	0.09507151495175847	6.472772654321529e-07
30.0	258.13146946676204	1.84e-05	0.0950678929211346	0.0950687755786368	0.09506986830168085	4.2318084777729303e-07
30.0	258.13146946676204	1.88e-05	0.0950670983336579	0.09506770922107378	0.09506828015496449	2.383478819296276e-07
30.0	258.13146946676204	1.9200000000000003e-05	0.09506629356579666	0.09506665621909052	0.09506696046025365	1.525104333765075e-07
30.0	258.13146946676204	1.9600000000000002e-05	0.09506484115076574	0.09506561925417308	0.09506635522098161	3.0339009392065047e-07
30.0	258.13146946676204	1.9999999999999998e-05	0.0950633285901743	0.09506454793127621	0.09506553994831712	5.235887809462493e-07
30.0	258.13146946676204	2.04e-05	0.09506171419613008	0.09506345386528214	0.09506485847637514	7.963682543901777e-07
30.0	258.13146946676204	2.08e-05	0.09505985647795168	0.09506225720157348	0.0950639741162087	1.0892450745284572e-06
30.0	258.13146946676204	2.12e-05	0.09505778803817666	0.09506095612308861	0.09506306831709832	1.4555270673690035e-06
30.0	258.13146946676204	2.16e-05	0.09505546966198075	0.09505932730668881	0.09506184576818466	1.8347035025720776e-06
30.0	258.13146946676204	2.2e-05	0.095052845945097	0.09505741695127023	0.09506073959627148	2.32994196403533e-06
30.0	258.13146946676204	2.2400000000000002e-05	0.09504989055365876	0.09505481295706393	0.0950589310403025	2.8593612787787062e-06
30.0	258.13146946676204	2.28e-05	0.09504646080810453	0.09505114553617759	0.09505621289200938	3.4023472750469727e-06
30.0	258.13146946676204	2.32e-05	0.09504234635105036	0.09504282113579383	0.0950432480903709	2.1304382877372282e-07
30.0	258.13146946676204	2.36e-05	0.09502879435348621	0.09503440779286865	0.09503986140294707	3.637034775500779e-06
30.0	258.13146946676204	2.4e-05	0.09502619269417512	0.0950308467461304	0.09503671187015161	3.0915679827046957e-06
30.0	258.13146946676204	2.44e-05	0.09502454717733144	0.09502839827937838	0.09503391522232629	2.567931131700117e-06
30.0	258.13146946676204	2.48e-05	0.09502360956837741	0.09502668063149917	0.09503149642065178	2.089806725597848e-06
30.0	258.13146946676204	2.5200000000000003e-05	0.09502261035961634	0.0950252646491657	0.09502943126554708	1.7359051626226383e-06
30.0	258.13146946676204	2.56e-05	0.09502192653623531	0.09502420956061074	0.09502766115152728	1.405300359753391e-06
30.0	258.13146946676204	2.6e-05	0.0950213002001501	0.09502329504160181	0.09502612826683965	1.1367017302103007e-06
30.0	258.13146946676204	2.64e-05	0.09502079281418663	0.09502251452552557	0.09502478190390384	8.977914617479405e-07
30.0	258.13146946676204	2.68e-05	0.09502026561458976	0.09502177877039321	0.09502357897595903	7.103644388988414e-07
30.0	258.13146946676204	2.72e-05	0.09502003861303177	0.09502111128633907	0.09502248364401833	5.311762780668274e-07
30.0	258.13146946676204	2.76e-05	0.09501960919983787	0.09502045148041412	0.09502146595075356	3.940475082545798e-07
30.0	258.13146946676204	2.8e-05	0.09501912454420136	0.09501980327986669	0.09502050022376185	2.8197355823359937e-07
30.0	258.13146946676204	2.8400000000000003e-05	0.09501863974237779	0.09501916814382531	0.09501956352672014	1.9249278772765239e-07
30.0	258.13146946676204	2.88e-05	0.09501817607324359	0.09501854713470978	0.09501885947188438	1.596098989866973e-07
30.0	258.13146946676204	2.92e-05	0.09501730421332688	0.09501791718530561	0.09501838371952154	2.2352596691755931e-07
30.0	258.13146946676204	2.96e-05	0.09501639057046951	0.0950172812121154	0.09501802843557616	3.4865555109354744e-07
30.0	258.13146946676204	2.9999999999999997e-05	0.09501540802481045	0.09501660097617867	0.09501748622169526	4.94006019996847e-07
30.0	258.13146946676204	3.04e-05	0.09501432448057479	0.09501587673596584	0.09501698199444597	6.842067640503953e-07
30.0	258.13146946676204	3.0799999999999996e-05	0.09501310268855345	0.09501499412188374	0.09501631654184717	8.80630702261713e-07
30.0	258.13146946676204	3.12e-05	0.09501170347309795	0.09501397332479515	0.0950157181126805	1.134590505596146e-06
30.0	258.13146946676204	3.16e-05	0.09501009680982975	0.09501260893956669	0.09501476190395675	1.403872429334802e-06
30.0	258.13146946676204	3.2e-05	0.0950082868108657	0.09501071592502759	0.09501335137450262	1.678639313758455e-06
30.0	258.13146946676204	3.2399999999999995e-05	0.09500603150680487	0.09500650330366789	0.095006929324569	2.168207813578731e-07
30.0	258.13146946676204	3.2800000000000004e-05	0.09499915491039435	0.09500220051436507	0.09500521419553909	1.9160180100999087e-06
30.0	258.13146946676204	3.32e-05	0.09499786379429498	0.09500041597353244	0.0950036363087925	1.6379913417324447e-06
30.0	258.13146946676204	3.36e-05	0.09499706870171565	0.09499920980788988	0.09500225366812298	1.3737687674980052e-06
30.0	258.13146946676204	3.4e-05	0.09499663434909333	0.09499838472253835	0.09500108022538001	1.1360464166705183e-06
30.0	258.13146946676204	3.4399999999999996e-05	0.09499617067607335	0.09499771814787035	0.09500009475200333	9.635328208381982e-07
30.0	258.13146946676204	3.4800000000000006e-05	0.09499586978737096	0.09499724358699028	0.09499926947639015	8.058111941065196e-07
30.0	258.13146946676204	3.52e-05	0.09499559371902766	0.09499684966964382	0.09499857574035797	6.778602460628917e-07
30.0	258.13146946676204	3.56e-05	0.09499539186238959	0.09499653193227629	0.09499798813556737	5.681139614304058e-07
30.0	258.13146946676204	3.6e-05	0.09499519321952388	0.09499624255936555	0.09499748565942756	4.864125191576206e-07
30.0	258.13146946676204	3.64e-05	0.0949951289591704	0.09499599658991087	0.09499705154143001	4.107285180441958e-07
30.0	258.13146946676204	3.68e-05	0.09499497841695081	0.09499576058731395	0.09499667261300804	3.5806993951903476e-07
30.0	258.13146946676204	3.72e-05	0.09499480749332534	0.09499553687801925	0.0949963386095174	3.188591463944908e-07
30.0	258.13146946676204	3.76e-05	0.09499464798116541	0.09499532596991443	0.09499604154685581	2.878478549080614e-07
30.0	258.13146946676204	3.7999999999999995e-05	0.09499450661122566	0.09499512727214661	0.09499577520731606	2.624153934226446e-07
30.0	258.13146946676204	3.8400000000000005e-05	0.09499438489118539	0.09499494545831615	0.09499553472901567	2.4114252575178457e-07
30.0	258.13146946676204	3.88e-05	0.09499427817609885	0.0949947746161084	0.0949953162818229	2.2353900226988996e-07
30.0	258.13146946676204	3.9200000000000004e-05	0.09499417903117635	0.0949946187862655	0.0949951168108214	2.0965737138382015e-07
30.0	258.13146946676204	3.96e-05	0.09499407983843433	0.09499448016583407	0.09499493382616464	1.9569449455441496e-07
30.0	258.13146946676204	3.9999999999999996e-05	0.09499397541867083	0.09499435494819121	0.09499476520896	1.8582736987050031e-07
30.0	258.13146946676204	4.0400000000000006e-05	0.09499388050686708	0.09499423665458805	0.09499460898375833	1.7764199734933278e-07
30.0	258.13146946676204	4.08e-05	0.09499380441885563	0.09499412846722638	0.09499446301496484	1.7185499082155977e-07
30.0	258.13146946676204	4.12e-05	0.0949937186974088	0.09499402970881966	0.09499432494698201	1.673362283854495e-07
30.0	258.13146946676204	4.16e-05	0.09499363545565842	0.094993942987907	0.09499420210455423	1.645792861616485e-07
30.0	258.13146946676204	4.2e-05	0.0949935619061959	0.09499388982350648	0.09499411057187945	1.5928867421911384e-07
31.0	269.23074135452623	0.0	0.09691829159422749	0.09692131554474083	0.09692276272736322	9.848471343554724e-07
31.0	269.23074135452623	4e-07	0.09691631097025866	0.09691941698476364	0.0969209250100107	1.0237321460639213e-06
31.0	269.23074135452623	8e-07	0.09691413006955685	0.09691753629909886	0.0969194103948059	1.1491811757084293e-06
31.0	269.23074135452623	1.2000000000000002e-06	0.096911735505258	0.09691567843212263	0.0969185490114377	1.3910139555730036e-06
31.0	269.23074135452623	1.6e-06	0.09690909429289896	0.09691371928560137	0.09691694030381193	1.6850690701941694e-06
31.0	269.23074135452623	2e-06	0.0969061560228699	0.09691170840286566	0.09691548848357723	2.102208111548307e-06
31.0	269.23074135452623	2.4000000000000003e-06	0.09690285260658449	0.09690947342808606	0.09691388621852681	2.590729687845275e-06
31.0	269.23074135452623	2.8000000000000003e-06	0.09689909918464501	0.09690701252306855	0.09691216355492216	3.2261452340605445e-06
31.0	269.23074135452623	3.2e-06	0.0968948000464076	0.09690388499130205	0.09690983223787342	3.908507937554663e-06
31.0	269.23074135452623	3.6e-06	0.09688984717963134	0.09690020140528828	0.09690769303357971	4.834456506442346e-06
31.0	269.23074135452623	4e-06	0.09688421133149383	0.09689513218007735	0.09690414199708375	5.836166861520897e-06
31.0	269.23074135452623	4.4e-06	0.09687795911188868	0.0968879500696752	0.09689875763797673	6.868259532980679e-06
31.0	269.23074135452623	4.800000000000001e-06	0.09687098202519273	0.09687151396808558	0.0968719877902462	2.3175532289089025e-07
31.0	269.23074135452623	5.2e-06	0.09684473393747695	0.09685504282172192	0.09686479242665769	6.994084238438538e-06
31.0	269.23074135452623	5.600000000000001e-06	0.09683951203755914	0.09684800116753933	0.09685861770633242	5.922570804373299e-06
31.0	269.23074135452623	6e-06	0.09683616419063146	0.09684311851424847	0.09685309916921891	4.891681008926812e-06
31.0	269.23074135452623	6.4e-06	0.09683421518557189	0.09683965151573823	0.09684828967327341	3.944146586388813e-06
31.0	269.23074135452623	6.8e-06	0.09683214920495686	0.09683676690238528	0.09684414276089814	3.236621763157981e-06
31.0	269.23074135452623	7.2e-06	0.09683067565680847	0.0968345748719387	0.09684055093520971	2.5669107684091767e-06
31.0	269.23074135452623	7.6e-06	0.0968293810583063	0.09683264034476347	0.0968373990800826	2.0240936266164543e-06
31.0	269.23074135452623	8e-06	0.09682826289041113	0.09683095371758574	0.0968345876112986	1.5308066245254928e-06
31.0	269.23074135452623	8.4e-06	0.09682707471181473	0.09682934415626185	0.0968320307162367	1.1337415502043325e-06
31.0	269.23074135452623	8.8e-06	0.09682652483923437	0.09682785166754401	0.09682965560684664	7.447086359737996e-07
31.0	269.23074135452623	9.2e-06	0.09682554371061958	0.09682636251364392	0.09682739973155563	4.28437028183501e-07
31.0	269.23074135452623	9.600000000000001e-06	0.09682444614630459	0.09682488379160498	0.09682520742946554	1.5407506580496668e-07
31.0	269.23074135452623	9.999999999999999e-06	0.0968229618516121	0.09682341881859349	0.09682375649733999	1.8933769185154675e-07
31.0	269.23074135452623	1.04e-05	0.09682076491057856	0.09682197184541351	0.09682303018091964	5.143992929290653e-07
31.0	269.23074135452623	1.08e-05	0.09681845151017932	0.09682046550054728	0.09682193274620676	8.519529756196894e-07
31.0	269.23074135452623	1.1200000000000001e-05	0.09681598401195224	0.09681892004155193	0.09682093051875285	1.2560765754498958e-06
31.0	269.23074135452623	1.16e-05	0.09681329416130424	0.09681721488785754	0.09681969548786107	1.6892527100617668e-06
31.0	269.23074135452623	1.2e-05	0.09681030499872634	0.09681534547898683	0.09681841341751962	2.2257022571227094e-06
31.0	269.23074135452623	1.24e-05	0.09680693442911448	0.0968129818522346	0.0968167117586285	2.7835026431386814e-06
31.0	269.23074135452623	1.28e-05	0.0968030953656509	0.0968101955726832	0.09681511171314394	3.5151517559018735e-06
31.0	269.23074135452623	1.32e-05	0.09679875672913063	0.09680637067787212	0.09681246517213982	4.299391194977936e-06
31.0	269.23074135452623	1.36e-05	0.0967939673999183	0.0968009557250895	0.09680844800499955	5.104538341423962e-06
31.0	269.23074135452623	1.4e-05	0.09678817113889693	0.09678858400553954	0.09678895339051596	1.755764783480002e-07
31.0	269.23074135452623	1.44e-05	0.09676803213082774	0.09677612878625017	0.09678392790906543	5.3287429272321276e-06
31.0	269.23074135452623	1.48e-05	0.09676413818468088	0.09677082170426549	0.09677923768963392	4.519766799568951e-06
31.0	269.23074135452623	1.52e-05	0.0967616533730622	0.09676715231863967	0.09677505579853118	3.7411806608115922e-06
31.0	269.23074135452623	1.56e-05	0.09676021752970332	0.09676455736720113	0.09677142092464219	3.027127613987633e-06
31.0	269.23074135452623	1.6e-05	0.09675869121791081	0.09676240480513615	0.09676829713568225	2.495281685539213e-06
31.0	269.23074135452623	1.6400000000000002e-05	0.09675761952424278	0.09676077927230875	0.09676560117852873	1.9947305642382175e-06
31.0	269.23074135452623	1.68e-05	0.0967566593169078	0.09675935306663037	0.0967632459501111	1.588364742394523e-06
31.0	269.23074135452623	1.7199999999999998e-05	0.09675584979814467	0.09675811795589359	0.09676115590610479	1.2221454698649763e-06
31.0	269.23074135452623	1.76e-05	0.09675499703870472	0.09675694380811506	0.09675926627241349	9.299057762929096e-07
31.0	269.23074135452623	1.8e-05	0.09675460955448312	0.09675586244903026	0.0967575224716608	6.467692681018848e-07
31.0	269.23074135452623	1.84e-05	0.09675390578423393	0.09675478659006456	0.09675587802940644	4.228515419669028e-07
31.0	269.23074135452623	1.88e-05	0.09675311296248434	0.09675372175359462	0.09675429208740471	2.379148245219656e-07
31.0	269.23074135452623	1.9200000000000003e-05	0.09675230972174287	0.09675267032916032	0.09675297241993253	1.5125628600999212e-07
31.0	269.23074135452623	1.9600000000000002e-05	0.09675086071141781	0.09675163496965604	0.09675236887714433	3.019625732606115e-07
31.0	269.23074135452623	1.9999999999999998e-05	0.0967493505414252	0.09675056539311873	0.09675155589695894	5.220253051139766e-07
31.0	269.23074135452623	2.04e-05	0.09674773877517406	0.09674947317608894	0.09675087162460372	7.944966652976323e-07
31.0	269.23074135452623	2.08e-05	0.09674588130383377	0.09674827872744436	0.09674999183463306	1.0872332660801955e-06
31.0	269.23074135452623	2.12e-05	0.09674381626931261	0.09674697993655705	0.09674908884956679	1.4530043849071315e-06
31.0	269.23074135452623	2.16e-05	0.09674150179573537	0.09674535397760547	0.09674786750807396	1.8316726570107709e-06
31.0	269.23074135452623	2.2e-05	0.09673888258049068	0.09674344691011426	0.09674676427773932	2.326184089500976e-06
31.0	269.23074135452623	2.2400000000000002e-05	0.09673593239093137	0.09674084722667378	0.09674495866032995	2.854592033136888e-06
31.0	269.23074135452623	2.28e-05	0.09673251221410784	0.09673718588834293	0.09674224408956	3.396311505490099e-06
31.0	269.23074135452623	2.32e-05	0.09672840367003488	0.09672887639786226	0.09672930213121589	2.118766724548177e-07
31.0	269.23074135452623	2.36e-05	0.0967148811590528	0.09672047984271699	0.09672592190988283	3.6296002868793874e-06
31.0	269.23074135452623	2.4e-05	0.09671228585489278	0.09671692641133851	0.09672277854993272	3.084886255762772e-06
31.0	269.23074135452623	2.44e-05	0.09671064387485462	0.09671448321344006	0.09671998751504685	2.5621834672742283e-06
31.0	269.23074135452623	2.48e-05	0.09670970714428684	0.09671276915430325	0.09671757367223677	2.0851158694084605e-06
31.0	269.23074135452623	2.5200000000000003e-05	0.09670871082147148	0.09671135608832093	0.09671551275343226	1.732030567124807e-06
31.0	269.23074135452623	2.56e-05	0.09670802707071147	0.09671030317371397	0.09671374640805208	1.4021518713287522e-06
31.0	269.23074135452623	2.6e-05	0.09670740393541166	0.09670939042046738	0.09671221685138676	1.1343440483266818e-06
31.0	269.23074135452623	2.64e-05	0.09670689678329047	0.0967086115789228	0.09671087347290097	8.95942122647387e-07
31.0	269.23074135452623	2.68e-05	0.09670636973035318	0.09670787746553065	0.09670967327217284	7.089157331358723e-07
31.0	269.23074135452623	2.72e-05	0.09670614279251133	0.09670721154688064	0.0967085804846528	5.300653380131918e-07
31.0	269.23074135452623	2.76e-05	0.09670571411711659	0.09670655333956957	0.09670756521720936	3.931472738887772e-07
31.0	269.23074135452623	2.8e-05	0.09670523130236841	0.09670590678511283	0.09670660185417468	2.811124990963229e-07
31.0	269.23074135452623	2.8400000000000003e-05	0.09670474821790531	0.09670527333761611	0.09670566751163268	1.913823364190988e-07
31.0	269.23074135452623	2.88e-05	0.09670428665186037	0.09670465402962505	0.09670496471103984	1.5798450929822975e-07
31.0	269.23074135452623	2.92e-05	0.09670341719198028	0.09670402588818403	0.0967044913401569	2.2181799501987218e-07
31.0	269.23074135452623	2.96e-05	0.0967025061278175	0.096703391804558	0.09670413278084489	3.4685839985670324e-07
31.0	269.23074135452623	2.9999999999999997e-05	0.09670152641140994	0.09670271378607204	0.09670359560444908	4.922732977640713e-07
31.0	269.23074135452623	3.04e-05	0.09670044603776251	0.09670199176513644	0.09670309420431078	6.821012942153769e-07
31.0	269.23074135452623	3.0799999999999996e-05	0.09669922787157237	0.0967011118247609	0.0967024298083281	8.781405834957299e-07
31.0	269.23074135452623	3.12e-05	0.09669783287004297	0.09670009403613168	0.09670183422693857	1.1315266659158232e-06
31.0	269.23074135452623	3.16e-05	0.09669623113305548	0.09669873346235207	0.09670088065581517	1.3999477007523888e-06
31.0	269.23074135452623	3.2e-05	0.09669442681273832	0.09669684570736929	0.09669947310231652	1.6735896092530797e-06
31.0	269.23074135452623	3.2399999999999995e-05	0.09669217699532684	0.0966926458598912	0.09669306994982829	2.1523447005795343e-07
31.0	269.23074135452623	3.2800000000000004e-05	0.09668532695055188	0.09668835804909379	0.0966913604510733	1.909060127058634e-06
31.0	269.23074135452623	3.32e-05	0.0966840415174417	0.09668658024485727	0.09668978790332616	1.631638445744389e-06
31.0	269.23074135452623	3.36e-05	0.0966832494290264	0.09668537865902008	0.09668840995526296	1.3682075435259266e-06
31.0	269.23074135452623	3.4e-05	0.09668281554602665	0.09668455658761095	0.09668724068379397	1.1314019327211485e-06
31.0	269.23074135452623	3.4399999999999996e-05	0.09668235438832973	0.09668389239641467	0.09668625879165393	9.595888979899496e-07
31.0	269.23074135452623	3.4800000000000006e-05	0.09668205479834668	0.09668341951994104	0.09668543657937434	8.024704231596972e-07
31.0	269.23074135452623	3.52e-05	0.09668178008302775	0.09668302686111295	0.09668474547517913	6.752049471137348e-07
31.0	269.23074135452623	3.56e-05	0.09668157809920963	0.09668271030505929	0.09668416015329218	5.658557281052437e-07
31.0	269.23074135452623	3.6e-05	0.09668137916449826	0.09668242207290752	0.09668365968255532	4.844534797538722e-07
31.0	269.23074135452623	3.64e-05	0.09668131468653485	0.0966821771496279	0.0966832273510807	4.090195148320347e-07
31.0	269.23074135452623	3.68e-05	0.09668116450712372	0.09668194220558639	0.09668285003687682	3.565234409597652e-07
31.0	269.23074135452623	3.72e-05	0.09668099506726335	0.09668171958342588	0.09668251751139145	3.1738372202724333e-07
31.0	269.23074135452623	3.76e-05	0.09668083678761352	0.09668150978688632	0.09668222181775477	2.863679767052004e-07
31.0	269.23074135452623	3.7999999999999995e-05	0.09668069689170178	0.09668131219670413	0.09668195675800106	2.609046123499646e-07
31.0	269.23074135452623	3.8400000000000005e-05	0.09668057680429776	0.09668113150812987	0.09668171748353149	2.3955845077093725e-07
31.0	269.23074135452623	3.88e-05	0.09668047045417971	0.09668096181634016	0.09668150017175936	2.218629287281434e-07
31.0	269.23074135452623	3.9200000000000004e-05	0.09668037300282073	0.09668080731124007	0.09668130177006162	2.0781963181048406e-07
31.0	269.23074135452623	3.96e-05	0.09668027473687157	0.09668066982254052	0.09668111978606131	1.937308383754255e-07
31.0	269.23074135452623	3.9999999999999996e-05	0.09668017138840046	0.09668054573199929	0.0966809520942542	1.837055556656406e-07
31.0	269.23074135452623	4.0400000000000006e-05	0.09668007763692987	0.09668042849495084	0.09668079671086804	1.754011479361355e-07
31.0	269.23074135452623	4.08e-05	0.0966800022165879	0.09668032116704833	0.09668065149841443	1.6954116970146345e-07
31.0	269.23074135452623	4.12e-05	0.09667991710585877	0.0966802230679395	0.09668051413253931	1.649666387263513e-07
31.0	269.23074135452623	4.16e-05	0.09667983448221129	0.09668013668071442	0.09668039180858035	1.621607920378414e-07
31.0	269.23074135452623	4.2e-05	0.0966797614898276	0.09668008430771363	0.09668030187276777	1.568510694484162e-07
32.0	280.3300132422904	0.0	0.09863252362008446	0.09863554704157954	0.09863699428156014	9.846533474966448e-07
32.0	280.3300132422904	4e-07	0.09863054302852259	0.09863364852613589	0.0986351566500101	1.0235153953406253e-06
32.0	280.3300132422904	8e-07	0.09862836224684823	0.09863176796939518	0.09863364259209284	1.148903975962036e-06
32.0	280.3300132422904	1.2000000000000002e-06	0.09862596788919387	0.09862991028688994	0.09863278179004453	1.3906393964363275e-06
32.0	280.3300132422904	1.6e-06	0.09862332697752585	0.0986279514315142	0.09863117438174207	1.6846447832465047e-06
32.0	280.3300132422904	2e-06	0.09862038911359683	0.09862594091787691	0.09862972371986256	2.1017091209404583e-06
32.0	280.3300132422904	2.4000000000000003e-06	0.09861708622627141	0.09862370654900489	0.09862812020000611	2.590363069755665e-06
32.0	280.3300132422904	2.8000000000000003e-06	0.09861333348145696	0.0986212461995568	0.09862639919774185	3.225690023087074e-06
32.0	280.3300132422904	3.2e-06	0.09860903520311126	0.09861811937507209	0.09862406773548305	3.907991096019642e-06
32.0	280.3300132422904	3.6e-06	0.09860408344757055	0.09861443657075407	0.0986219300224187	4.833810698045372e-06
32.0	280.3300132422904	4e-06	0.09859844895141112	0.0986093682737592	0.09861837969404164	5.835175156997577e-06
32.0	280.3300132422904	4.4e-06	0.09859219837801625	0.09860218750610265	0.09861299568183135	6.8667049730665946e-06
32.0	280.3300132422904	4.800000000000001e-06	0.0985852210257292	0.09858575554959716	0.09858623214598161	2.3307222482044985e-07
32.0	280.3300132422904	5.2e-06	0.0985589883150757	0.0985692902023847	0.09857903568162119	6.991535937922972e-06
32.0	280.3300132422904	5.600000000000001e-06	0.09855376928808735	0.09856225150723169	0.09857286307378565	5.920102583615045e-06
32.0	280.3300132422904	6e-06	0.09855042283675708	0.09855737093889486	0.0985673465590109	4.88949072129451e-06
32.0	280.3300132422904	6.4e-06	0.09854847358927277	0.09855390532574378	0.09856253893463585	3.942408760397176e-06
32.0	280.3300132422904	6.8e-06	0.09854640913747392	0.09855102182973793	0.09855839368309294	3.235258261744691e-06
32.0	280.3300132422904	7.2e-06	0.09854493492062755	0.09854883065555804	0.09855480340982314	2.565876099563871e-06
32.0	280.3300132422904	7.6e-06	0.09854364253718018	0.09854689678110308	0.0985516529908903	2.0235330884773695e-06
32.0	280.3300132422904	8e-06	0.09854252403590902	0.09854521089374307	0.09854884287517329	1.5304917051640655e-06
32.0	280.3300132422904	8.4e-06	0.09854133545281751	0.09854360210465064	0.09854628728296433	1.1336417045809504e-06
32.0	280.3300132422904	8.8e-06	0.09854078541155697	0.09854211041309277	0.09854391345748592	7.447980318038619e-07
32.0	280.3300132422904	9.2e-06	0.098539804516939	0.09854062210694316	0.09854165887692812	4.286575471612793e-07
32.0	280.3300132422904	9.600000000000001e-06	0.0985387082137903	0.09853914430269689	0.09853946790965828	1.5411587763183076e-07
32.0	280.3300132422904	9.999999999999999e-06	0.0985372264465374	0.09853768031497186	0.09853801603903012	1.8833761390327882e-07
32.0	280.3300132422904	1.04e-05	0.09853502833504013	0.09853623436697163	0.09853729097136998	5.133454412099689e-07
32.0	280.3300132422904	1.08e-05	0.09853271657944429	0.09853472917690129	0.09853619145180925	8.507500440752953e-07
32.0	280.3300132422904	1.1200000000000001e-05	0.09853025091401069	0.09853318497181021	0.09853519200928762	1.254630674647465e-06
32.0	280.3300132422904	1.16e-05	0.09852756314105626	0.09853148139948069	0.09853396176650975	1.6877572415553118e-06
32.0	280.3300132422904	1.2e-05	0.09852457637089884	0.09852961360836736	0.09853268208220012	2.223842851219752e-06
32.0	280.3300132422904	1.24e-05	0.09852120859065838	0.0985272520294501	0.09853098120544246	2.781288606739515e-06
32.0	280.3300132422904	1.28e-05	0.09851737281117945	0.0985244681130436	0.09852938357078322	3.5124181056029222e-06
32.0	280.3300132422904	1.32e-05	0.09851303800676536	0.09852064631418932	0.0985267392330389	4.295880692828908e-06
32.0	280.3300132422904	1.36e-05	0.0985082530615431	0.09851523577282723	0.09852272467021983	5.100014638725603e-06
32.0	280.3300132422904	1.4e-05	0.09850246396669071	0.09850287523373286	0.0985032438380351	1.7480766629881585e-07
32.0	280.3300132422904	1.44e-05	0.09848234821761626	0.09849043297248458	0.09849822331863045	5.323055860481362e-06
32.0	280.3300132422904	1.48e-05	0.0984784594083088	0.09848513190983442	0.09849353789608539	4.514613661196552e-06
32.0	280.3300132422904	1.52e-05	0.09847597742186398	0.09848146672311484	0.09848936042067358	3.73674418906427e-06
32.0	280.3300132422904	1.56e-05	0.09847454213541162	0.0984788746465265	0.0984857294968613	3.0235456289043274e-06
32.0	280.3300132422904	1.6e-05	0.09847301825699528	0.09847672443498821	0.09848260913949236	2.492370912893467e-06
32.0	280.3300132422904	1.6400000000000002e-05	0.09847194647687019	0.09847510068525413	0.09847991626884856	1.9924219240290144e-06
32.0	280.3300132422904	1.68e-05	0.09847098910288832	0.09847367593611088	0.09847756381068251	1.586750989077221e-06
32.0	280.3300132422904	1.7199999999999998e-05	0.0984701797035683	0.09847244226247344	0.09847547629625986	1.2209630952207742e-06
32.0	280.3300132422904	1.76e-05	0.09846932700866784	0.09847126954901606	0.09847358902059877	9.290730446520856e-07
32.0	280.3300132422904	1.8e-05	0.09846893955668712	0.09847018959183906	0.09847184746771465	6.462326412673572e-07
32.0	280.3300132422904	1.84e-05	0.09846823641994451	0.09846911518042382	0.09847020521806815	4.2248636342285416e-07
32.0	280.3300132422904	1.88e-05	0.09846744534682017	0.09846805185395309	0.0984686214641437	2.3742928132825083e-07
32.0	280.3300132422904	1.9200000000000003e-05	0.09846664361636126	0.09846700199762852	0.09846730183234254	1.4993526274792313e-07
32.0	280.3300132422904	1.9600000000000002e-05	0.09846519791410113	0.09846596823385187	0.09846670011904202	3.0052266218435393e-07
32.0	280.3300132422904	1.9999999999999998e-05	0.09846369011657163	0.09846490039142561	0.09846588938805301	5.204674628103701e-07
32.0	280.3300132422904	2.04e-05	0.09846208095735509	0.09846381001375665	0.09846520211569221	7.926430619993257e-07
32.0	280.3300132422904	2.08e-05	0.09846022346117955	0.09846261777654752	0.09846432709971165	1.085260665889504e-06
32.0	280.3300132422904	2.12e-05	0.09845816179760547	0.09846132125967937	0.09846342687851273	1.450532947975215e-06
32.0	280.3300132422904	2.16e-05	0.09845585118582711	0.09845969813197408	0.09846220674625972	1.8287017490597354e-06
32.0	280.3300132422904	2.2e-05	0.09845323641372428	0.09845779431960695	0.0984611064094576	2.322498851187761e-06
32.0	280.3300132422904	2.2400000000000002e-05	0.09845029137145822	0.09845519889948247	0.09845930370538802	2.8499146743938564e-06
32.0	280.3300132422904	2.28e-05	0.09844688096852572	0.09845154356749532	0.0984565926999057	3.390392135022741e-06
32.0	280.3300132422904	2.32e-05	0.09844277832115544	0.09844324878690003	0.09844367320978531	2.1064202020880633e-07
32.0	280.3300132422904	2.36e-05	0.09842928517515848	0.09843486893999066	0.09844029940072829	3.62216049683929e-06
32.0	280.3300132422904	2.4e-05	0.09842669613548694	0.0984313230791844	0.0984371621669089	3.0782051118526755e-06
32.0	280.3300132422904	2.44e-05	0.09842505764780984	0.09842888511292207	0.0984343767053284	2.5564373956764426e-06
32.0	280.3300132422904	2.48e-05	0.0984241218064641	0.0984271746148937	0.09843196778753072	2.080421437127192e-06
32.0	280.3300132422904	2.5200000000000003e-05	0.09842312831676292	0.09842576444067873	0.09842991106419419	1.728147420193675e-06
32.0	280.3300132422904	2.56e-05	0.09842244465981764	0.09842471367425126	0.0984281484593712	1.3989928800191564e-06
32.0	280.3300132422904	2.6e-05	0.09842182464994842	0.098423802656012	0.09842662220435905	1.1319811493794367e-06
32.0	280.3300132422904	2.64e-05	0.09842131774019602	0.09842302546795702	0.09842528178506349	8.940821781332282e-07
32.0	280.3300132422904	2.68e-05	0.09842079084662636	0.09842229297889499	0.09842408428693972	7.074482424796959e-07
32.0	280.3300132422904	2.72e-05	0.09842056394099696	0.09842162860717536	0.09842299401949006	5.289298264685524e-07
32.0	280.3300132422904	2.76e-05	0.09842013597705979	0.09842097197958419	0.09842198115341727	3.9221624276010204e-07
32.0	280.3300132422904	2.8e-05	0.09841965496106653	0.09842032705359645	0.09842102012941023	2.802110318245414e-07
32.0	280.3300132422904	2.8400000000000003e-05	0.09841917357565944	0.0984196952783341	0.09842008811556369	1.9021662896901052e-07
32.0	280.3300132422904	2.88e-05	0.09841871404311409	0.09841907765495232	0.09841938672153372	1.5630138644705813e-07
32.0	280.3300132422904	2.92e-05	0.0984178469586956	0.09841845130170515	0.09841891567476146	2.200826550691654e-07
32.0	280.3300132422904	2.96e-05	0.0984169384466913	0.09841781908995872	0.09841855366927277	3.4505791101801876e-07
32.0	280.3300132422904	2.9999999999999997e-05	0.0984159615299589	0.09841714327529243	0.09841802170013647	4.905585905224311e-07
32.0	280.3300132422904	3.04e-05	0.09841488429293488	0.09841642345384632	0.09841752303853202	6.800273057203086e-07
32.0	280.3300132422904	3.0799999999999996e-05	0.09841366971266208	0.09841554615673533	0.09841685971894965	8.756896503726476e-07
32.0	280.3300132422904	3.12e-05	0.0984122788776558	0.09841453134138647	0.09841626690489402	1.128512083432121e-06
32.0	280.3300132422904	3.16e-05	0.09841068201117764	0.09841317453621684	0.09841531594465813	1.3960922326703542e-06
32.0	280.3300132422904	3.2e-05	0.09840888330630726	0.09841129197617586	0.09841391139111	1.6686386987629105e-06
32.0	280.3300132422904	3.2399999999999995e-05	0.09840663896849389	0.09840710472000967	0.0984075268219371	2.1359432167704275e-07
32.0	280.3300132422904	3.2800000000000004e-05	0.09839981528073416	0.09840283179007238	0.09840582290105004	1.9021119851902285e-06
32.0	280.3300132422904	3.32e-05	0.09839853540419874	0.0984010606653636	0.09840425564695465	1.6253065467505321e-06
32.0	280.3300132422904	3.36e-05	0.0983977462770218	0.09839986361688625	0.09840288229783489	1.3626694075168675e-06
32.0	280.3300132422904	3.4e-05	0.09839731290567233	0.09839904453377582	0.09840171716472046	1.1267727542660196e-06
32.0	280.3300132422904	3.4399999999999996e-05	0.09839685419020672	0.09839838270553489	0.09840073882590694	9.55653941392128e-07
32.0	280.3300132422904	3.4800000000000006e-05	0.09839655587439289	0.09839791149409749	0.09839991965297745	7.991364117550021e-07
32.0	280.3300132422904	3.52e-05	0.09839628247829246	0.09839752007433683	0.09839923115971771	6.725567391427675e-07
32.0	280.3300132422904	3.56e-05	0.09839608041616543	0.0983972046876468	0.0983986481022816	5.635991927592559e-07
32.0	280.3300132422904	3.6e-05	0.09839588123281473	0.0983969175879006	0.09839814962049154	4.824886200243393e-07
32.0	280.3300132422904	3.64e-05	0.09839581652266727	0.09839667370128104	0.09839771906076589	4.07301153900202e-07
32.0	280.3300132422904	3.68e-05	0.09839566668762245	0.09839643980555488	0.09839734334748318	3.5496618972705285e-07
32.0	280.3300132422904	3.72e-05	0.09839549870198727	0.09839621826126374	0.0983970122880864	3.158962371514905e-07
32.0	280.3300132422904	3.76e-05	0.09839534163516905	0.09839600956791822	0.09839671795295146	2.848748242506721e-07
32.0	280.3300132422904	3.7999999999999995e-05	0.09839520319115458	0.09839581307603168	0.09839645416397236	2.5938169988943463e-07
32.0	280.3300132422904	3.8400000000000005e-05	0.09839508463890922	0.09839563350148661	0.09839621608605675	2.3796676745708797e-07
32.0	280.3300132422904	3.88e-05	0.09839497869804692	0.09839546495203064	0.09839599990449077	2.2018148001830885e-07
32.0	280.3300132422904	3.9200000000000004e-05	0.09839488288818643	0.09839531176806014	0.09839580256937719	2.059735910281949e-07
32.0	280.3300132422904	3.96e-05	0.09839478554725023	0.09839517540983198	0.09839562158632642	1.9175591795437696e-07
32.0	280.3300132422904	3.9999999999999996e-05	0.09839468326345902	0.09839505244333469	0.0983954548238204	1.8157200631023365e-07
32.0	280.3300132422904	4.0400000000000006e-05	0.0983945906600665	0.09839493626387144	0.0983953002903677	1.7314762993498677e-07
32.0	280.3300132422904	4.08e-05	0.09839451576330127	0.09839482981151654	0.09839515584703395	1.6721050412801627e-07
32.0	280.3300132422904	4.12e-05	0.09839443147172133	0.09839473239987638	0.09839501920051319	1.6257646012520594e-07
32.0	280.3300132422904	4.16e-05	0.0983943495264139	0.09839464639690493	0.09839489741212493	1.5971708297022056e-07
32.0	280.3300132422904	4.2e-05	0.09839427711810789	0.09839459480359042	0.0983948090810225	1.5439553558142786e-07
33.0	291.4292851300546	0.0	0.10037968567006761	0.10038270865405134	0.10038415607202644	9.845008691314614e-07
33.0	291.4292851300546	4e-07	0.10037770511048194	0.10038081018426614	0.10038231852934665	1.0233395743922048e-06
33.0	291.4292851300546	8e-07	0.10037552444622033	0.10037892975956697	0.10038080510564829	1.1486669658593908e-06
33.0	291.4292851300546	1.2000000000000002e-06	0.1003731302922537	0.10037707226460503	0.1003799449213938	1.3903036744952748e-06
33.0	291.4292851300546	1.6e-06	0.10037048967666795	0.10037511370202168	0.10037833879722857	1.6842559918535225e-06
33.0	291.4292851300546	2e-06	0.100367552212135	0.1003731035624512	0.10037688928817978	2.101245479235526e-06
33.0	291.4292851300546	2.4000000000000003e-06	0.10036424984441439	0.10037086981276272	0.10037528454255629	2.5900444234138443e-06
33.0	291.4292851300546	2.8000000000000003e-06	0.10036049776414746	0.10036841002277422	0.10037356518659024	3.2252872760587725e-06
33.0	291.4292851300546	3.2e-06	0.10035620032948067	0.10036528390056194	0.10037123359732014	3.907529727591641e-06
33.0	291.4292851300546	3.6e-06	0.10035124964337871	0.10036160186910095	0.10036909736454547	4.833226531326736e-06
33.0	291.4292851300546	4e-06	0.10034561647915208	0.10035653448277838	0.10036554775150996	5.834256549050284e-06
33.0	291.4292851300546	4.4e-06	0.10033936753184225	0.10034935502208478	0.10036016410188431	6.865239025300677e-06
33.0	291.4292851300546	4.800000000000001e-06	0.1003323897872237	0.10033292710440404	0.10033340664210577	2.344797894272613e-07
33.0	291.4292851300546	5.2e-06	0.10030617294547017	0.10031646758278939	0.10032620880280163	6.98893836860244e-06
33.0	291.4292851300546	5.600000000000001e-06	0.10030095675417261	0.10030943184829245	0.1003200382951892	5.917595240195036e-06
33.0	291.4292851300546	6e-06	0.10029761167726114	0.10030455335872643	0.10031452379345218	4.887267983391147e-06
33.0	291.4292851300546	6.4e-06	0.10029566219021735	0.10030108912268727	0.10030971803253053	3.9406406349888794e-06
33.0	291.4292851300546	6.8e-06	0.10029359923992409	0.10029820673473562	0.10030557443287336	3.2338644826842753e-06
33.0	291.4292851300546	7.2e-06	0.10029212436508228	0.10029601640133633	0.10030198570349302	2.56481374711647e-06
33.0	291.4292851300546	7.6e-06	0.10029083415641349	0.10029408315560355	0.10029883671057593	2.022956442577409e-06
33.0	291.4292851300546	8e-06	0.10028971532110376	0.10029239799274729	0.10029602793605719	1.5301595765207212e-06
33.0	291.4292851300546	8.4e-06	0.1002885263432649	0.1002907899638312	0.10029347363314933	1.133519936948718e-06
33.0	291.4292851300546	8.8e-06	0.10028797609542917	0.10028929905561056	0.10029110107630501	7.448634476777219e-07
33.0	291.4292851300546	9.2e-06	0.10028699541193031	0.10028781158293332	0.10028884777334213	4.2884995986234846e-07
33.0	291.4292851300546	9.600000000000001e-06	0.1002859003515022	0.10028633468362799	0.10028665812163506	1.5411349342781401e-07
33.0	291.4292851300546	9.999999999999999e-06	0.10028442099563772	0.10028487166978597	0.10028520534341911	1.873361673596183e-07
33.0	291.4292851300546	1.04e-05	0.10028222145222188	0.10028342673525507	0.10028448166153581	5.123155003717163e-07
33.0	291.4292851300546	1.08e-05	0.10027991131406822	0.10028192268488827	0.10028337992660674	8.495770152887211e-07
33.0	291.4292851300546	1.1200000000000001e-05	0.10027744744918898	0.10028037972071394	0.10028238343913198	1.2532232188126517e-06
33.0	291.4292851300546	1.16e-05	0.10027476171557392	0.10027867772151432	0.10028115812221117	1.6863205088419759e-06
33.0	291.4292851300546	1.2e-05	0.10027177729196968	0.10027681152864883	0.10027988078051386	2.222054786570014e-06
33.0	291.4292851300546	1.24e-05	0.10026841224637995	0.10027445196254296	0.10027818068818739	2.779156099071268e-06
33.0	291.4292851300546	1.28e-05	0.10026457967328195	0.10027167036524266	0.10027658541652773	3.5097812273166277e-06
33.0	291.4292851300546	1.32e-05	0.10026024862715222	0.10026785159811777	0.10027394325572381	4.2924892546601345e-06
33.0	291.4292851300546	1.36e-05	0.10025546798549634	0.10026244536703421	0.10026993128323092	5.095637687418813e-06
33.0	291.4292851300546	1.4e-05	0.10024968629894282	0.1002500957475679	0.1002504634777086	1.7397575817287648e-07
33.0	291.4292851300546	1.44e-05	0.1002295936010773	0.10023766630688119	0.10024544784124245	5.317386228015107e-06
33.0	291.4292851300546	1.48e-05	0.10022570981406886	0.10023237119255474	0.10024076714439101	4.509479512286797e-06
33.0	291.4292851300546	1.52e-05	0.10022323059552463	0.10022871014853622	0.10023659402226315	3.7323236869117446e-06
33.0	291.4292851300546	1.56e-05	0.10022179586693003	0.10022612090449325	0.10023296699385043	3.0199709979853094e-06
33.0	291.4292851300546	1.6e-05	0.10022027436237124	0.10022397300595615	0.10022985000922002	2.4894597543021514e-06
33.0	291.4292851300546	1.6400000000000002e-05	0.10021920250591965	0.10022235100261215	0.10022716018023914	1.990108176300941e-06
33.0	291.4292851300546	1.68e-05	0.10021824789167155	0.100220927668421	0.10022481045029608	1.5851359621986975e-06
33.0	291.4292851300546	1.7199999999999998e-05	0.1002174386121153	0.10021969540057277	0.10022272542522881	1.2197721931370512e-06
33.0	291.4292851300546	1.76e-05	0.10021658598219307	0.10021852409376901	0.10022084046832269	9.282218426622369e-07
33.0	291.4292851300546	1.8e-05	0.1002161985242136	0.10021744550977714	0.1002191011242255	6.456696975332199e-07
33.0	291.4292851300546	1.84e-05	0.10021549598647095	0.10021637251664574	0.10021746102756168	4.2208508995845597e-07
33.0	291.4292851300546	1.88e-05	0.10021470662462573	0.10021531067213472	0.10021587942077925	2.3688994950853624e-07
33.0	291.4292851300546	1.9200000000000003e-05	0.10021390637267569	0.10021426235717308	0.10021455983554528	1.4855115395629789e-07
33.0	291.4292851300546	1.9600000000000002e-05	0.10021246385209537	0.10021323016213445	0.10021396008881744	2.9908248003687203e-07
33.0	291.4292851300546	1.9999999999999998e-05	0.1002109583832258	0.10021216402234978	0.10021315154644128	5.189308242295633e-07
33.0	291.4292851300546	2.04e-05	0.10020935178229173	0.100211075453894	0.10021246107588322	7.908268333778623e-07
33.0	291.4292851300546	2.08e-05	0.10020749396636752	0.10020988539987531	0.10021159100751298	1.0833480784111426e-06
33.0	291.4292851300546	2.12e-05	0.10020543560190998	0.1002085911186073	0.10021069345909961	1.4481390988683165e-06
33.0	291.4292851300546	2.16e-05	0.10020312876855364	0.10020697076524873	0.10020947452838413	1.8258225180078093e-06
33.0	291.4292851300546	2.2e-05	0.10020051831337007	0.1002050701397021	0.10020837699606044	2.3189250025987725e-06
33.0	291.4292851300546	2.2400000000000002e-05	0.10019757830870901	0.10020247889008556	0.10020657714406589	2.8453782053939973e-06
33.0	291.4292851300546	2.28e-05	0.10019417783109041	0.10019882942583215	0.1002038696654628	3.384651711146746e-06
33.0	291.4292851300546	2.32e-05	0.10019008100210591	0.10019054900081628	0.10019097202873883	2.0934111271727097e-07
33.0	291.4292851300546	2.36e-05	0.10017661678939493	0.10018218560702812	0.10018760451008557	3.6147919554489053e-06
33.0	291.4292851300546	2.4e-05	0.10017403384489931	0.10017864719177141	0.10018447329099445	3.0715936179334536e-06
33.0	291.4292851300546	2.44e-05	0.10017239877240858	0.10017621436548947	0.10018169330457471	2.5507519129709664e-06
33.0	291.4292851300546	2.48e-05	0.10017146382803244	0.10017450736466402	0.10017928922656871	2.075770846349616e-06
33.0	291.4292851300546	2.5200000000000003e-05	0.10017047308402294	0.1001731000281651	0.10017723659845235	1.7242946066745195e-06
33.0	291.4292851300546	2.56e-05	0.10016978954965428	0.1001720513626245	0.10017547766794621	1.3958546631550416e-06
33.0	291.4292851300546	2.6e-05	0.10016917255031554	0.10017114203223489	0.10017395465478973	1.1296352327489864e-06
33.0	291.4292851300546	2.64e-05	0.10016866590503337	0.10017036646064158	0.10017261713965553	8.922281640064649e-07
33.0	291.4292851300546	2.68e-05	0.10016813918406342	0.100169635562892	0.10017142229248588	7.059738524180059e-07
33.0	291.4292851300546	2.72e-05	0.1001679122785406	0.10016897270453347	0.10017033449565105	5.277777042125717e-07
33.0	291.4292851300546	2.76e-05	0.1001674849880807	0.10016831762224854	0.1001693239826622	3.912597828380045e-07
33.0	291.4292851300546	2.8e-05	0.10016700573373605	0.10016767429130556	0.10016836524963946	2.792729255655864e-07
33.0	291.4292851300546	2.8400000000000003e-05	0.10016652597715314	0.10016704415586238	0.10016743551578333	1.8899938590396296e-07
33.0	291.4292851300546	2.88e-05	0.10016606840084208	0.10016642818396969	0.10016673568486212	1.545675599859381e-07
33.0	291.4292851300546	2.92e-05	0.10016520364460924	0.10016580358144617	0.10016626687157704	2.1833080272465497e-07
33.0	291.4292851300546	2.96e-05	0.1001642976340058	0.10016517320576154	0.10016590128657388	3.432677606190177e-07
33.0	291.4292851300546	2.9999999999999997e-05	0.10016332346095069	0.10016449955958873	0.10016537463454434	4.888749469186083e-07
33.0	291.4292851300546	3.04e-05	0.10016224929711193	0.10016378189723216	0.10016487859657364	6.780024296821266e-07
33.0	291.4292851300546	3.0799999999999996e-05	0.10016103822924105	0.10016290718753473	0.10016421635747541	8.73299052827919e-07
33.0	291.4292851300546	3.12e-05	0.10015965147434702	0.10016189528245295	0.1001636262026695	1.1255736200200595e-06
33.0	291.4292851300546	3.16e-05	0.10015805937695799	0.10016054216789864	0.1001626778039606	1.392341062018257e-06
33.0	291.4292851300546	3.2e-05	0.10015626617156048	0.10015866469006449	0.10016127623496462	1.6638323935238142e-06
33.0	291.4292851300546	3.2399999999999995e-05	0.10015402725420319	0.10015448972424076	0.1001549097680492	2.1190633931679403e-07
33.0	291.4292851300546	3.2800000000000004e-05	0.10014722945918031	0.10015023143707016	0.10015321131700539	1.8952379746682476e-06
33.0	291.4292851300546	3.32e-05	0.10014595496767065	0.10014846687119837	0.10015164925860809	1.619054148245991e-06
33.0	291.4292851300546	3.36e-05	0.10014516872542423	0.10014727427465477	0.10015028040497231	1.357205102176799e-06
33.0	291.4292851300546	3.4e-05	0.10014473590178508	0.10014645812599042	0.10014911934093007	1.1222007413156526e-06
33.0	291.4292851300546	3.4399999999999996e-05	0.10014427953464544	0.10014579861835986	0.10014814449632947	9.517626096178504e-07
33.0	291.4292851300546	3.4800000000000006e-05	0.10014398245889833	0.10014532903627635	0.10014732831207063	7.958386676966226e-07
33.0	291.4292851300546	3.52e-05	0.10014371033380964	0.10014493882463499	0.10014664238586857	6.69938205065386e-07
33.0	291.4292851300546	3.56e-05	0.10014350824069673	0.10014462458439617	0.1001460615544314	5.61362770099814e-07
33.0	291.4292851300546	3.6e-05	0.10014330885124512	0.10014433859828985	0.10014556502744654	4.805328407432711e-07
33.0	291.4292851300546	3.64e-05	0.10014324391785223	0.10014409572991848	0.10014513620876464	4.0558397598208814e-07
33.0	291.4292851300546	3.68e-05	0.1001430944203987	0.10014386286254578	0.10014476206849121	3.534059855159679e-07
33.0	291.4292851300546	3.72e-05	0.10014292785274304	0.10014364237587843	0.10014443244961768	3.144036911556155e-07
33.0	291.4292851300546	3.76e-05	0.10014277196530408	0.1001434347650938	0.10014413944949307	2.8337647476423437e-07
33.0	291.4292851300546	3.7999999999999995e-05	0.1001426349186687	0.10014323934958966	0.10014387690976267	2.578563372300306e-07
33.0	291.4292851300546	3.8400000000000005e-05	0.10014251777860839	0.10014306086590988	0.10014364000888953	2.363776587192923e-07
33.0	291.4292851300546	3.88e-05	0.10014241228061405	0.10014289343819423	0.10014342494022532	2.1850569122047312e-07
33.0	291.4292851300546	3.9200000000000004e-05	0.10014231803556495	0.10014274155746435	0.10014322865693082	2.0413133538473005e-07
33.0	291.4292851300546	3.96e-05	0.10014222161256026	0.1001426063154334	0.10014304866306833	1.897829255265703e-07
33.0	291.4292851300546	3.9999999999999996e-05	0.10014212037186265	0.10014248445731408	0.10014288282166905	1.79440624918947e-07
33.0	291.4292851300546	4.0400000000000006e-05	0.10014202889126089	0.10014236932258393	0.10014272913408462	1.708960205365304e-07
33.0	291.4292851300546	4.08e-05	0.10014195453503838	0.10014226374669959	0.10014258546021715	1.6487856315337917e-07
33.0	291.4292851300546	4.12e-05	0.10014187108180295	0.10014216703507631	0.10014244953689122	1.6018199337356112e-07
33.0	291.4292851300546	4.16e-05	0.10014178985623179	0.10014208145369224	0.10014232829310465	1.5726560500806439e-07
33.0	291.4292851300546	4.2e-05	0.10014171806135597	0.10014203060849097	0.10014224154095519	1.5193448126452536e-07
34.0	302.5285570178188	0.0	0.10216401870146985	0.10216704135107581	0.1021684890732022	9.843950971569054e-07
34.0	302.5285570178188	4e-07	0.10216203817318181	0.10216514292779601	0.10216665162215222	1.023210179549493e-06
34.0	302.5285570178188	8e-07	0.10215985762380253	0.10216326263751016	0.10216513891067347	1.1484759720545667e-06
34.0	302.5285570178188	1.2000000000000002e-06	0.1021574636690028	0.10216140533214141	0.10216427937510097	1.3900133268785363e-06
34.0	302.5285570178188	1.6e-06	0.1021548233426568	0.10215944706162361	0.10216267451495842	1.6839091744842743e-06
34.0	302.5285570178188	2e-06	0.10215188626785832	0.10215743729781561	0.10216122612694267	2.1008235427099635e-06
34.0	302.5285570178188	2.4000000000000003e-06	0.10214858440663477	0.1021552041749617	0.10215962020730451	2.589777804282778e-06
34.0	302.5285570178188	2.8000000000000003e-06	0.10214483297364918	0.1021527449439559	0.10215790245679912	3.2249413047669533e-06
34.0	302.5285570178188	3.2e-06	0.10214053636059361	0.10214961951369045	0.1021555707698889	3.907128073486066e-06
34.0	302.5285570178188	3.6e-06	0.10213558668965561	0.10214593824014771	0.10215343597977622	4.832707843394373e-06
34.0	302.5285570178188	4e-06	0.10212995482659348	0.10214087174149031	0.10214988708300421	5.83341729021543e-06
34.0	302.5285570178188	4.4e-06	0.10212370747208244	0.10213369354537483	0.10214450383604579	6.8638733318038465e-06
34.0	302.5285570178188	4.800000000000001e-06	0.102116729215461	0.10211726953205745	0.10211775216803698	2.3597583758369264e-07
34.0	302.5285570178188	5.2e-06	0.10209052864712298	0.102100815816452	0.10211055266870961	6.986311089821944e-06
34.0	302.5285570178188	5.600000000000001e-06	0.10208531520456443	0.10209378301872421	0.10210438423347235	5.915068938979511e-06
34.0	302.5285570178188	6e-06	0.10208197147151754	0.10208890658468615	0.10209887172036236	4.885030800657165e-06
34.0	302.5285570178188	6.4e-06	0.10208002176574205	0.10208544370740874	0.10209406780069585	3.938855553658176e-06
34.0	302.5285570178188	6.8e-06	0.10207796026759741	0.10208256240986634	0.1020899258134218	3.232450548858243e-06
34.0	302.5285570178188	7.2e-06	0.10207648476412778	0.10208037289550378	0.10208633860681182	2.5637311765257395e-06
34.0	302.5285570178188	7.6e-06	0.10207519665851716	0.10207844025070363	0.10208319101814833	2.0223664206302595e-06
34.0	302.5285570178188	8e-06	0.10207407751008812	0.10207675579187353	0.10208038356207805	1.5298106882454295e-06
34.0	302.5285570178188	8.4e-06	0.10207288814783766	0.10207514850536735	0.10207783052443542	1.1333748194510862e-06
34.0	302.5285570178188	8.8e-06	0.10207233765697854	0.10207365836017808	0.1020754592105737	7.449023479366752e-07
34.0	302.5285570178188	9.2e-06	0.10207135715280291	0.10207217169984908	0.10207320715755408	4.290109632003917e-07
34.0	302.5285570178188	9.600000000000001e-06	0.10207026330037205	0.10207069568532709	0.10207101879127123	1.540658574837773e-07
34.0	302.5285570178188	9.999999999999999e-06	0.1020687862280596	0.10206923362621549	0.10206956515480314	1.8634193636251345e-07
34.0	302.5285570178188	1.04e-05	0.10206658498521914	0.1020677896853526	0.1020688430057568	5.113191979986125e-07
34.0	302.5285570178188	1.08e-05	0.10206427642373139	0.10206628674993333	0.10206773894330734	8.484444695608377e-07
34.0	302.5285570178188	1.1200000000000001e-05	0.1020618143122487	0.10206474500304985	0.10206674556251016	1.2518662044118696e-06
34.0	302.5285570178188	1.16e-05	0.10205913056278071	0.1020630445547299	0.10206552526689894	1.6849532125913932e-06
34.0	302.5285570178188	1.2e-05	0.10205614842061905	0.10206117992752667	0.10206425019439358	2.220351299676331e-06
34.0	302.5285570178188	1.24e-05	0.10205278603268386	0.10205882232310289	0.10206255088778171	2.7771205692529105e-06
34.0	302.5285570178188	1.28e-05	0.10204895654395951	0.10205604298266405	0.10206095790632563	3.5072597805873547e-06
34.0	302.5285570178188	1.32e-05	0.10204462915323287	0.102052227160495	0.10205831787666053	4.289241283592682e-06
34.0	302.5285570178188	1.36e-05	0.10203985270153915	0.10204682510800356	0.10205430846679242	5.091440949560821e-06
34.0	302.5285570178188	1.4e-05	0.1020340786568843	0.1020344860646322	0.10203485281723168	1.730805771345806e-07
34.0	302.5285570178188	1.44e-05	0.1020140086031196	0.10202206920478799	0.10202984194530185	5.311778505922202e-06
34.0	302.5285570178188	1.48e-05	0.10201012967826362	0.10201677991836543	0.10202516586495669	4.504406029817346e-06
34.0	302.5285570178188	1.52e-05	0.10200765315126059	0.10201312292744301	0.10202099699884837	3.727955141706381e-06
34.0	302.5285570178188	1.56e-05	0.10200621898296536	0.10201053645160826	0.10201737378019526	3.0164324487033025e-06
34.0	302.5285570178188	1.6e-05	0.10200469976911641	0.10200839081093781	0.10201426007372394	2.486571259605208e-06
34.0	302.5285570178188	1.6400000000000002e-05	0.10200362785734995	0.10200677050433914	0.10201157321809617	1.9878074586053965e-06
34.0	302.5285570178188	1.68e-05	0.10200267589684131	0.10200534853441544	0.1020092261533101	1.5835307133306341e-06
34.0	302.5285570178188	1.7199999999999998e-05	0.10200186675333	0.10200411763109685	0.10200714355812845	1.2185799529094919e-06
34.0	302.5285570178188	1.76e-05	0.10200101419527652	0.10200294769337125	0.10200526086268269	9.273558900274994e-07
34.0	302.5285570178188	1.8e-05	0.10200062669693377	0.10200187044376209	0.10200352367098997	6.450812341752461e-07
34.0	302.5285570178188	1.84e-05	0.10199992471704888	0.10200079882886115	0.10200188567066792	4.2164678554827215e-07
34.0	302.5285570178188	1.88e-05	0.101999136999674	0.10199973842695406	0.10200030615298505	2.3629567411947688e-07
34.0	302.5285570178188	1.9200000000000003e-05	0.10199833818598947	0.10199869161472416	0.10199898663717466	1.4710845359367157e-07
34.0	302.5285570178188	1.9600000000000002e-05	0.10199689869818851	0.10199766094874632	0.10199838898600522	2.9765249825477563e-07
34.0	302.5285570178188	1.9999999999999998e-05	0.10199539549593872	0.10199659646612609	0.10199758254224722	5.17427490179224e-07
34.0	302.5285570178188	2.04e-05	0.1019937913844613	0.1019955096621428	0.10199688871438539	7.890626079007645e-07
34.0	302.5285570178188	2.08e-05	0.10199193292645514	0.10199432174477727	0.10199602371112082	1.08150985801326e-06
34.0	302.5285570178188	2.12e-05	0.10198987776206536	0.10199302964320342	0.10199512871981131	1.4458417280026283e-06
34.0	302.5285570178188	2.16e-05	0.10198757459233931	0.10199141198475334	0.10199391097121602	1.8230572819406073e-06
34.0	302.5285570178188	2.2e-05	0.1019849682860059	0.1019895144525546	0.10199281612795374	2.3154904425660077e-06
34.0	302.5285570178188	2.2400000000000002e-05	0.10198203317053789	0.10198692724794643	0.10199101904673746	2.841018580458819e-06
34.0	302.5285570178188	2.28e-05	0.10197864272852719	0.10198328346704472	0.10198831501996342	3.3791369990713435e-06
34.0	302.5285570178188	2.32e-05	0.1019745515953101	0.10197501692679442	0.10197543845742096	2.0797674478477635e-07
34.0	302.5285570178188	2.36e-05	0.1019611156212914	0.10196666959558733	0.1019720770537953	3.6075544041620037e-06
34.0	302.5285570178188	2.4e-05	0.10195853855828485	0.10196313843786957	0.10196895168682918	3.065106028154347e-06
34.0	302.5285570178188	2.44e-05	0.10195690678991642	0.10196071061658123	0.10196617703085842	2.545173630169123e-06
34.0	302.5285570178188	2.48e-05	0.1019559727444399	0.1019590070196776	0.10196377766636111	2.0712018080682535e-06
34.0	302.5285570178188	2.5200000000000003e-05	0.10195498463615227	0.10195760244350724	0.10196172902387968	1.7205024690611202e-06
34.0	302.5285570178188	2.56e-05	0.10195430124927096	0.1019565558132842	0.10195997367193499	1.3927620963142329e-06
34.0	302.5285570178188	2.6e-05	0.10195368712181008	0.10195564810974528	0.10195845381444002	1.1273236531870009e-06
34.0	302.5285570178188	2.64e-05	0.1019531807618188	0.10195487410392041	0.10195711912439354	8.903927345919633e-07
34.0	302.5285570178188	2.68e-05	0.10195265422623745	0.10195414475123758	0.10195592685411548	7.045009768618004e-07
34.0	302.5285570178188	2.72e-05	0.10195242731195275	0.10195348336042813	0.10195484145704015	5.266125089626143e-07
34.0	302.5285570178188	2.76e-05	0.10195200066644716	0.10195282977562144	0.10195383322789375	3.9027845516667033e-07
34.0	302.5285570178188	2.8e-05	0.10195152311865296	0.1019521879914791	0.10195287671677278	2.7829816262133985e-07
34.0	302.5285570178188	2.8400000000000003e-05	0.10195104490075924	0.10195155944714916	0.10195194919258199	1.8773394141481017e-07
34.0	302.5285570178188	2.88e-05	0.10195058914992927	0.10195094507645289	0.1019512510377254	1.5279480729965268e-07
34.0	302.5285570178188	2.92e-05	0.10194972665049207	0.10195032216965703	0.10195078434929528	2.165797329466543e-07
34.0	302.5285570178188	2.96e-05	0.10194882306403485	0.10194969357570534	0.10195041512912173	3.4150811155799547e-07
34.0	302.5285570178188	2.9999999999999997e-05	0.10194785154893005	0.10194902204095461	0.10194989380302477	4.872431999476684e-07
34.0	302.5285570178188	3.04e-05	0.10194678036082205	0.10194830647535225	0.10194940025345733	6.760528778188955e-07
34.0	302.5285570178188	3.0799999999999996e-05	0.10194557269219917	0.10194743427018525	0.10194873908832047	8.710013635725811e-07
34.0	302.5285570178188	3.12e-05	0.10194418988422527	0.10194642517962611	0.10194815146466141	1.1227509081786332e-06
34.0	302.5285570178188	3.16e-05	0.1019426023991894	0.10194507563312781	0.10194720554805148	1.3887424866459112e-06
34.0	302.5285570178188	3.2e-05	0.10194081451304804	0.10194320306153905	0.10194580690912058	1.659228592911851e-06
34.0	302.5285570178188	3.2399999999999995e-05	0.10193858088969332	0.10193903993889442	0.10193945786919567	2.1018433164451466e-07
34.0	302.5285570178188	3.2800000000000004e-05	0.10193180821883097	0.1019347958883071	0.1019377647192572	1.8885157419391351e-06
34.0	302.5285570178188	3.32e-05	0.10193053888282755	0.10193303768785682	0.10193620770068623	1.6129489862766402e-06
34.0	302.5285570178188	3.36e-05	0.10192975541676574	0.10193184940724659	0.10193484317318724	1.3518723496922452e-06
34.0	302.5285570178188	3.4e-05	0.10192932315891934	0.10193103610350102	0.10193368605944908	1.1177339694122414e-06
34.0	302.5285570178188	3.4399999999999996e-05	0.10192886901795095	0.10193037884359624	0.10193271460696618	9.47957113438642e-07
34.0	302.5285570178188	3.4800000000000006e-05	0.10192857313460912	0.10192991083311417	0.10193190132342167	7.926130941938406e-07
34.0	302.5285570178188	3.52e-05	0.1019283022138966	0.10192952178094279	0.10193121788788861	6.673783107768464e-07
34.0	302.5285570178188	3.56e-05	0.1019281001285437	0.10192920864767123	0.10193063921534584	5.591712794082073e-07
34.0	302.5285570178188	3.6e-05	0.10192790056767986	0.10192892373983543	0.10193014458345395	4.786086885119994e-07
34.0	302.5285570178188	3.64e-05	0.10192783542056016	0.10192868185676651	0.1019297174519993	4.0388751829623675e-07
34.0	302.5285570178188	3.68e-05	0.1019276862510452	0.10192844998351198	0.10192934483565264	3.518600418491209e-07
34.0	302.5285570178188	3.72e-05	0.10192752106602665	0.10192823051954737	0.10192901661211362	3.129223202009524e-07
34.0	302.5285570178188	3.76e-05	0.10192736630030286	0.10192802395586811	0.10192872490512528	2.8188903089621826e-07
34.0	302.5285570178188	3.7999999999999995e-05	0.10192723057085473	0.10192782958068783	0.10192846357576268	2.5634405260724333e-07
34.0	302.5285570178188	3.8400000000000005e-05	0.10192711471152016	0.10192765215085588	0.10192822781593591	2.348060557052875e-07
34.0	302.5285570178188	3.88e-05	0.1019270096903595	0.10192748580969985	0.10192801382716521	2.1685072997132946e-07
34.0	302.5285570178188	3.9200000000000004e-05	0.10192691691503075	0.10192733519754235	0.10192781856596955	2.0230923314736035e-07
34.0	302.5285570178188	3.96e-05	0.1019268213907063	0.10192720104245656	0.10192763953534456	1.8782912352745012e-07
34.0	302.5285570178188	3.9999999999999996e-05	0.10192672115882129	0.10192708026298214	0.10192747459349327	1.7732963668693402e-07
34.0	302.5285570178188	4.0400000000000006e-05	0.10192663075886088	0.10192696614695027	0.10192732173526053	1.686650078138574e-07
34.0	302.5285570178188	4.08e-05	0.101926556951625	0.10192686143782827	0.10192717881971092	1.6256375117745898e-07
34.0	302.5285570178188	4.12e-05	0.10192647434397895	0.10192676543016145	0.10192704361270266	1.5780116758650554e-07
34.0	302.5285570178188	4.16e-05	0.1019263938738062	0.10192668030082414	0.10192692291261629	1.5482443584195806e-07
34.0	302.5285570178188	4.2e-05	0.10192632272758306	0.10192663016608956	0.10192683769579514	1.4948125041178276e-07
35.0	313.627828905583	0.0	0.10398976998577503	0.10399279240297171	0.10399424056681639	9.843440336931713e-07
35.0	313.627828905583	4e-07	0.10398778948766285	0.10399089402671725	0.10399240320943548	1.0231354041609325e-06
35.0	313.627828905583	8e-07	0.10398560904901544	0.10398901387195622	0.10399089129494143	1.14833948570609e-06
35.0	313.627828905583	1.2000000000000002e-06	0.10398321528605425	0.103987156755736	0.10399003241952798	1.3897766557879928e-06
35.0	313.627828905583	1.6e-06	0.10398057523802962	0.10398519877300798	0.10398842878332992	1.6836121763191129e-06
35.0	313.627828905583	2e-06	0.10397763853782482	0.10398318938272791	0.10398698146831276	2.1004513125733473e-06
35.0	313.627828905583	2.4000000000000003e-06	0.10397433716288873	0.10398095688765728	0.10398537443830858	2.589568857703665e-06
35.0	313.627828905583	2.8000000000000003e-06	0.10397058635089618	0.1039784982100451	0.10398365823803157	3.2246590592614956e-06
35.0	313.627828905583	3.2e-06	0.10396629052603146	0.10397537345395734	0.10398132648342884	3.906793247774849e-06
35.0	313.627828905583	3.6e-06	0.1039613417434655	0.10397169291566359	0.10397919308280823	4.832262979121811e-06
35.0	313.627828905583	4e-06	0.10395571113927105	0.10396662727234054	0.10397564490050915	5.832669142745776e-06
35.0	313.627828905583	4.4e-06	0.10394946533028104	0.103959450285265	0.10397026208416804	6.8626259102749515e-06
35.0	313.627828905583	4.800000000000001e-06	0.10394248645069482	0.1039430299978143	0.10394351587861106	2.375597741009385e-07
35.0	313.627828905583	5.2e-06	0.10391630245016348	0.1039265820081475	0.10393631440663054	6.983680072466548e-06
35.0	313.627828905583	5.600000000000001e-06	0.10391109164821355	0.10391955209128076	0.1039301479903969	5.91254918087726e-06
35.0	313.627828905583	6e-06	0.10390774920975243	0.10391467766730132	0.10392463741753932	4.882801559244134e-06
35.0	313.627828905583	6.4e-06	0.10390579930927046	0.10391121611550347	0.1039198352952031	3.9370711236800145e-06
35.0	313.627828905583	6.8e-06	0.10390373919883888	0.10390833587914755	0.10391569485265517	3.231029645475532e-06
35.0	313.627828905583	7.2e-06	0.10390226310097272	0.10390614715245379	0.10391210913291449	2.562638613673129e-06
35.0	313.627828905583	7.6e-06	0.10390097700383283	0.10390421507431422	0.10390896291268525	2.021767442299737e-06
35.0	313.627828905583	8e-06	0.10389985756998144	0.10390253129125938	0.103906156738649	1.5294464279244125e-06
35.0	313.627828905583	8.4e-06	0.10389866784299961	0.10390092472168606	0.10390360492862172	1.1332044696411434e-06
35.0	313.627828905583	8.8e-06	0.1038981170929647	0.1038994353113462	0.10390123481822044	7.449091698506775e-07
35.0	313.627828905583	9.2e-06	0.10389713674281875	0.10389794943304623	0.1038989839730462	4.291326307706454e-07
35.0	313.627828905583	9.600000000000001e-06	0.10389604403218122	0.10389647427276909	0.10389679684671904	1.5396529738020472e-07
35.0	313.627828905583	9.999999999999999e-06	0.10389456907375383	0.10389501313763684	0.10389534243098186	1.853678142620052e-07
35.0	313.627828905583	1.04e-05	0.10389236583157313	0.10389357015775369	0.103894621936087	5.103711655362888e-07
35.0	313.627828905583	1.08e-05	0.10389005878608693	0.10389206829837151	0.1038935154837386	8.473688491418619e-07
35.0	313.627828905583	1.1200000000000001e-05	0.10388759835817662	0.10389052773024622	0.10389252533956128	1.2505792231774147e-06
35.0	313.627828905583	1.16e-05	0.10388491651147547	0.10388882879182837	0.10389131009833008	1.6836761203162851e-06
35.0	313.627828905583	1.2e-05	0.10388193655498235	0.10388696567913872	0.1038900372005962	2.2187593519799437e-06
35.0	313.627828905583	1.24e-05	0.10387857671150602	0.10388460995978059	0.10388833866946978	2.775214001544899e-06
35.0	313.627828905583	1.28e-05	0.10387475014336456	0.10388183278396083	0.10388674787769414	3.5048927655458153e-06
35.0	313.627828905583	1.32e-05	0.10387042625786957	0.10387801977943117	0.10388410990897778	4.286185680266125e-06
35.0	313.627828905583	1.36e-05	0.1038656538286018	0.10387262171523952	0.10388010298870043	5.087485623937547e-06
35.0	313.627828905583	1.4e-05	0.10385988760958131	0.10386029275690895	0.10386065840429026	1.7212322324549042e-07
35.0	313.627828905583	1.44e-05	0.10383983948142461	0.10384788807510752	0.10385565211337777	5.3063024422151105e-06
35.0	313.627828905583	1.48e-05	0.10383596520383875	0.10384260442059676	0.10385098047764174	4.499455219532607e-06
35.0	313.627828905583	1.52e-05	0.10383349125155839	0.10383895133994193	0.10384681571274612	3.723691057626842e-06
35.0	313.627828905583	1.56e-05	0.10383205763485748	0.1038363675306676	0.1038431961668298	3.012971604269e-06
35.0	313.627828905583	1.6e-05	0.10383054059891617	0.10383422406163141	0.10384008562771019	2.483738697371699e-06
35.0	313.627828905583	1.6400000000000002e-05	0.10382946864306941	0.10383260537684273	0.10383740163816135	1.985546566981357e-06
35.0	313.627828905583	1.68e-05	0.10382851920418634	0.10383118469987401	0.10383505714001018	1.5819535217801653e-06
35.0	313.627828905583	1.7199999999999998e-05	0.10382771020735948	0.10382995509993138	0.10383297688236048	1.217398637606989e-06
35.0	313.627828905583	1.76e-05	0.10382685772014089	0.10382878647414592	0.10383109635989474	9.264821557440413e-07
35.0	313.627828905583	1.8e-05	0.10382647016850566	0.10382771050176608	0.10382936123395048	6.444679080344853e-07
35.0	313.627828905583	1.84e-05	0.10382576871172144	0.10382664020537809	0.10382772524323958	4.2116784391049214e-07
35.0	313.627828905583	1.88e-05	0.1038249825600337	0.103825581185295	0.10382614772599208	2.3564262786969945e-07
35.0	313.627828905583	1.9200000000000003e-05	0.10382418512213398	0.10382453581399809	0.1038248283108274	1.4561689445139718e-07
35.0	313.627828905583	1.9600000000000002e-05	0.10382274842509531	0.10382350661333367	0.1038242328166179	2.962529165696131e-07
35.0	313.627828905583	1.9999999999999998e-05	0.10382124739180387	0.10382244371729349	0.10382342835841385	5.159819152251213e-07
35.0	313.627828905583	2.04e-05	0.10381964561997759	0.10382135860639591	0.10382273108717488	7.873803967943541e-07
35.0	313.627828905583	2.08e-05	0.10381778618926418	0.10382017274780404	0.10382187115690655	1.0797803485065036e-06
35.0	313.627828905583	2.12e-05	0.10381573407440658	0.10381888273692653	0.10382097857836392	1.4436846226198009e-06
35.0	313.627828905583	2.16e-05	0.10381343439388768	0.10381726765177716	0.103819761970807	1.8204604529747533e-06
35.0	313.627828905583	2.2e-05	0.103810832022174	0.10381537306809656	0.10381866966920672	2.312262140368804e-06
35.0	313.627828905583	2.2400000000000002e-05	0.10380790156512809	0.10381278971170199	0.10381687522882554	2.836917405830675e-06
35.0	313.627828905583	2.28e-05	0.10380452113788863	0.10380915132735465	0.10381417451056585	3.3739453187466988e-06
35.0	313.627828905583	2.32e-05	0.10380043547332907	0.1038008979620438	0.10380131789396962	2.065603687273789e-07
35.0	313.627828905583	2.36e-05	0.10378702658685945	0.10379256604352106	0.10379796233024052	3.6005617459012023e-06
35.0	313.627828905583	2.4e-05	0.10378445510293854	0.10378904184227818	0.10379484255770866	3.0588402576708434e-06
35.0	313.627828905583	2.44e-05	0.10378282647458814	0.10378661881156635	0.10379207300095228	2.5397845083134673e-06
35.0	313.627828905583	2.48e-05	0.10378189330049281	0.10378491846836246	0.10378967814695539	2.066780850871164e-06
35.0	313.627828905583	2.5200000000000003e-05	0.1037809076753815	0.10378351652625385	0.10378763332301233	1.7168273826261744e-06
35.0	313.627828905583	2.56e-05	0.10378022444285051	0.10378247182879101	0.10378588139393052	1.3897611597442949e-06
35.0	313.627828905583	2.6e-05	0.10377961301554617	0.10378156565966148	0.10378436455267259	1.1250817644178563e-06
35.0	313.627828905583	2.64e-05	0.10377910694604875	0.10378079313975014	0.10378303256065191	8.88603695966007e-07
35.0	313.627828905583	2.68e-05	0.10377858059044698	0.10378006525691806	0.10378184274917768	7.03052258377288e-07
35.0	313.627828905583	2.72e-05	0.10377835365746879	0.10377940526133995	0.10378075963982791	5.254509675290474e-07
35.0	313.627828905583	2.76e-05	0.10377792761932003	0.10377875309958463	0.10377975358601077	3.892845827992345e-07
35.0	313.627828905583	2.8e-05	0.10377745172408215	0.10377811278655262	0.10377879918948807	2.7729721139233176e-07
35.0	313.627828905583	2.8400000000000003e-05	0.10377697496077865	0.10377748575660972	0.10377787376668035	1.8643216790601056e-07
35.0	313.627828905583	2.88e-05	0.10377652082701072	0.1037768729092932	0.10377717735565462	1.5099982541179583e-07
35.0	313.627828905583	2.92e-05	0.10377566047498732	0.10377625161492247	0.1037767126559892	2.1484998292880975e-07
35.0	313.627828905583	2.96e-05	0.10377475919488877	0.10377562471846419	0.1037763397956164	3.398030038669704e-07
35.0	313.627828905583	2.9999999999999997e-05	0.10377379020785416	0.10377495520343188	0.10377582372096583	4.856885120125079e-07
35.0	313.627828905583	3.04e-05	0.10377272184887776	0.10377424163646323	0.10377533249270687	6.742093366085943e-07
35.0	313.627828905583	3.0799999999999996e-05	0.1037715174105518	0.10377337181108708	0.10377467236839788	8.688343194553478e-07
35.0	313.627828905583	3.12e-05	0.10377013835195914	0.10377236539157313	0.10377408710908487	1.1200909675860581e-06
35.0	313.627828905583	3.16e-05	0.10376855524794948	0.10377101922969371	0.10377314355060996	1.3853556752655878e-06
35.0	313.627828905583	3.2e-05	0.10376677241563392	0.10376915130433947	0.10377174773022357	1.6548996645822493e-06
35.0	313.627828905583	3.2399999999999995e-05	0.10376454386776146	0.10376499938717848	0.10376541514896598	2.0844308375988045e-07
35.0	313.627828905583	3.2800000000000004e-05	0.1037577951686659	0.10376076894360699	0.1037637270454761	1.8820498044698201e-06
35.0	313.627828905583	3.32e-05	0.10375653068389656	0.10375901682020845	0.10376217483041827	1.6070827762925506e-06
35.0	313.627828905583	3.36e-05	0.1037557498434758	0.10375783265508483	0.10376081454977282	1.3467501116082554e-06
35.0	313.627828905583	3.4e-05	0.10375531815899386	0.10375702206460245	0.1037596610973921	1.1134378747892955e-06
35.0	313.627828905583	3.4399999999999996e-05	0.10375486609459017	0.10375636694611243	0.10375869288570794	9.442929816817644e-07
35.0	313.627828905583	3.4800000000000006e-05	0.10375457133304256	0.1037559004271205	0.10375788237347283	7.895054969018991e-07
35.0	313.627828905583	3.52e-05	0.10375430153712362	0.10375551246891217	0.10375720131722144	6.649131344221582e-07
35.0	313.627828905583	3.56e-05	0.10375409949064895	0.10375520038765582	0.10375662470669855	5.570548294578055e-07
35.0	313.627828905583	3.6e-05	0.10375389978816596	0.10375491650749008	0.10375613188460342	4.7674250853701286e-07
35.0	313.627828905583	3.64e-05	0.10375383443517894	0.10375467556302245	0.10375570636431508	4.0223515214461237e-07
35.0	313.627828905583	3.68e-05	0.10375368557532827	0.10375444463649594	0.10375533520325853	3.503494266516938e-07
35.0	313.627828905583	3.72e-05	0.10375352172631391	0.1037542261476172	0.10375500831247209	3.1147142311291775e-07
35.0	313.627828905583	3.76e-05	0.10375336801123414	0.10375402058343154	0.10375471784113355	2.804302100359059e-07
35.0	313.627828905583	3.7999999999999995e-05	0.10375323351345767	0.10375382720112268	0.10375445766911007	2.548606504897954e-07
35.0	313.627828905583	3.8400000000000005e-05	0.10375311881499183	0.10375365077655702	0.10375422300143367	2.3326675730432069e-07
35.0	313.627828905583	3.88e-05	0.10375301428188699	0.10375348547487981	0.1037540100477381	2.1523091113572197e-07
35.0	313.627828905583	3.9200000000000004e-05	0.10375292287653881	0.10375333608244722	0.10375381576810305	2.0052257940248593e-07
35.0	313.627828905583	3.96e-05	0.10375282820793696	0.10375320297236836	0.10375363766488466	1.8591064965637454e-07
35.0	313.627828905583	3.9999999999999996e-05	0.10375272894266185	0.10375308323079455	0.1037534735920671	1.752557930057104e-07
35.0	313.627828905583	4.0400000000000006e-05	0.10375263957909642	0.10375297009873732	0.1037533215386679	1.6647086067471773e-07
35.0	313.627828905583	4.08e-05	0.10375256633158259	0.10375286623948199	0.10375317936327733	1.6028194028305964e-07
35.0	313.627828905583	4.12e-05	0.10375248457292319	0.10375277093411277	0.10375304485965042	1.5544953331498797e-07
35.0	313.627828905583	4.16e-05	0.1037524048876648	0.10375268628239162	0.10375292469494646	1.524093917734549e-07
35.0	313.627828905583	4.2e-05	0.10375233443259102	0.10375263681767345	0.10375284095874804	1.4705115780725967e-07
36.0	324.7271007933472	0.0	0.10586047366246909	0.10586349597319174	0.10586494472702945	9.8435585603354e-07
36.0	324.7271007933472	4e-07	0.1058584931927884	0.10586159764340458	0.10586310746310268	1.0231235527288298e-06
36.0	324.7271007933472	8e-07	0.10585631285842645	0.10585971762214795	0.10586159641943027	1.1482659426480742e-06
36.0	324.7271007933472	1.2000000000000002e-06	0.10585391927596355	0.10585786069049256	0.10586073818786179	1.389602384395911e-06
36.0	324.7271007933472	1.6e-06	0.10585127948945594	0.10585590298681012	0.1058591357268055	1.683374835701319e-06
36.0	324.7271007933472	2e-06	0.10584834314067582	0.10585389396212339	0.10585768942353813	2.1001400224881304e-06
36.0	324.7271007933472	2.4000000000000003e-06	0.1058450422212589	0.10585166208730278	0.10585608134772073	2.589428634609284e-06
36.0	324.7271007933472	2.8000000000000003e-06	0.10584129199035175	0.10584920394914328	0.10585436662964565	3.2244547190180896e-06
36.0	324.7271007933472	3.2e-06	0.10583699690291759	0.10584607983808837	0.10585203483521965	3.9065435411680455e-06
36.0	324.7271007933472	3.6e-06	0.10583204887053643	0.10584239999686469	0.10584990275810835	4.831914062665663e-06
36.0	324.7271007933472	4e-06	0.10582641945550897	0.10583733515388388	0.10584635527195196	5.8320395312336665e-06
36.0	324.7271007933472	4.4e-06	0.10582017511210484	0.10583015928595538	0.10584097289305916	6.861530294567808e-06
36.0	324.7271007933472	4.800000000000001e-06	0.10581319549042956	0.10581374246048988	0.10581423170130666	2.3921698844865797e-07
36.0	324.7271007933472	5.2e-06	0.10578702809107288	0.10579730001361734	0.10580702793726982	6.98109010035971e-06
36.0	324.7271007933472	5.600000000000001e-06	0.10578181978183832	0.10579027287442462	0.10580086344794815	5.910074726817563e-06
36.0	324.7271007933472	6e-06	0.10577847856546185	0.10578540038051112	0.10579535473026258	4.88061255202773e-06
36.0	324.7271007933472	6.4e-06	0.10577652848365204	0.10578194009531171	0.10579055432740958	3.935312510339027e-06
36.0	324.7271007933472	6.8e-06	0.10577446967219295	0.10577906086767809	0.10578641533856281	3.2296228635856314e-06
36.0	324.7271007933472	7.2e-06	0.1057729930082516	0.10577687287875465	0.10578283104101693	2.5615526373332408e-06
36.0	324.7271007933472	7.6e-06	0.10577170880533782	0.10577494131747042	0.10577968612657784	2.0211696904950994e-06
36.0	324.7271007933472	8e-06	0.10577058911032111	0.10577325816624779	0.10577688117270778	1.5290727703979623e-06
36.0	324.7271007933472	8.4e-06	0.10576939902825355	0.10577165227184936	0.10577433052800256	1.133011704689353e-06
36.0	324.7271007933472	8.8e-06	0.10576884801577702	0.10577016355296025	0.10577196155715374	7.448820398813276e-07
36.0	324.7271007933472	9.2e-06	0.10576786779988456	0.10576867841034232	0.10576971185306583	4.292092984483952e-07
36.0	324.7271007933472	9.600000000000001e-06	0.10576677617890073	0.10576720405595348	0.10576752589574578	1.5380715987318227e-07
36.0	324.7271007933472	9.999999999999999e-06	0.10576530307900356	0.10576574379454193	0.10576607079102285	1.8443036487911836e-07
36.0	324.7271007933472	1.04e-05	0.10576309753497348	0.10576430172298419	0.10576535202834414	5.094895953774317e-07
36.0	324.7271007933472	1.08e-05	0.10576079191312626	0.10576280087980797	0.10576424315793265	8.463724610130592e-07
36.0	324.7271007933472	1.1200000000000001e-05	0.10575833306364579	0.10576126142904026	0.10576325634586947	1.2493897894782786e-06
36.0	324.7271007933472	1.16e-05	0.10575565299827971	0.10575956393173426	0.10576204611556594	1.6825202794521082e-06
36.0	324.7271007933472	1.2e-05	0.10575267508558284	0.1057577022525118	0.1057607752704195	2.217317567029484e-06
36.0	324.7271007933472	1.24e-05	0.10574931761970863	0.10575534830431213	0.10575907748295421	2.773484695720491e-06
36.0	324.7271007933472	1.28e-05	0.10574549374941089	0.10575257315510819	0.1057574887511965	3.502739776060696e-06
36.0	324.7271007933472	1.32e-05	0.10574117314435139	0.105748762777026	0.10575485272911767	4.283395086000469e-06
36.0	324.7271007933472	1.36e-05	0.10573640448532906	0.1057433684187297	0.10575084816611913	5.083858155324293e-06
36.0	324.7271007933472	1.4e-05	0.10573064614828098	0.10573104883988026	0.10573141326767921	1.7111438272419365e-07
36.0	324.7271007933472	1.44e-05	0.10571061881484667	0.1057186556954699	0.10572641128258731	5.30106265127181e-06
36.0	324.7271007933472	1.48e-05	0.10570674888394738	0.10571337737339034	0.10572174383179966	4.4947165794479335e-06
36.0	324.7271007933472	1.52e-05	0.10570427733943344	0.10570972798716251	0.10571758293308786	3.719606085028081e-06
36.0	324.7271007933472	1.56e-05	0.10570284423947385	0.10570714669023833	0.10571396685140844	3.009648735233761e-06
36.0	324.7271007933472	1.6e-05	0.10570132922950481	0.10570500526128299	0.10571085929743251	2.481012865171307e-06
36.0	324.7271007933472	1.6400000000000002e-05	0.10570025722550991	0.10570338808944459	0.10570817801021182	1.983365833093066e-06
36.0	324.7271007933472	1.68e-05	0.1056993101423842	0.1057019686049087	0.10570583592965122	1.5804342072612455e-06
36.0	324.7271007933472	1.7199999999999998e-05	0.10569850128831959	0.10570074021943375	0.10570375787124231	1.2162508670470907e-06
36.0	324.7271007933472	1.76e-05	0.10569764885560584	0.10569957282054337	0.10570187939071207	9.256183486393615e-07
36.0	324.7271007933472	1.8e-05	0.10569726123390044	0.10569849804223656	0.10570014620361068	6.438420208417467e-07
36.0	324.7271007933472	1.84e-05	0.10569656025574403	0.10569742897850852	0.10569851209691628	4.206566659073322e-07
36.0	324.7271007933472	1.88e-05	0.10569577558573062	0.10569637125257329	0.10569693645311773	2.349387489012053e-07
36.0	324.7271007933472	1.9200000000000003e-05	0.1056949794281552	0.10569532723295061	0.10569561715684284	1.4409108490202437e-07
36.0	324.7271007933472	1.9600000000000002e-05	0.10569354523847352	0.10569429940671375	0.10569502384278451	2.9490096066081325e-07
36.0	324.7271007933472	1.9999999999999998e-05	0.10569204623746753	0.10569323799823883	0.10569422122896377	5.1461473466724e-07
36.0	324.7271007933472	2.04e-05	0.10569044276513395	0.10569215447865876	0.10569352046334668	7.85806117716255e-07
36.0	324.7271007933472	2.08e-05	0.10568858585927376	0.10569097056516805	0.10569266554711643	1.0781883469640361e-06
36.0	324.7271007933472	2.12e-05	0.10568653658800553	0.1056896825183986	0.1056917752033355	1.4417036073153023e-06
36.0	324.7271007933472	2.16e-05	0.10568424015965938	0.10568806983993514	0.10569055966820251	1.8180763259597012e-06
36.0	324.7271007933472	2.2e-05	0.10568164143737935	0.10568617800785635	0.10568946971905824	2.3092954261923034e-06
36.0	324.7271007933472	2.2400000000000002e-05	0.10567871532921025	0.10568359823510647	0.10568767774127608	2.833144179410384e-06
36.0	324.7271007933472	2.28e-05	0.1056753447738723	0.10567996486548238	0.10568498012445193	3.369161427715986e-06
36.0	324.7271007933472	2.32e-05	0.10567126425319451	0.1056717237465955	0.10567214198563857	2.0510387684424185e-07
36.0	324.7271007933472	2.36e-05	0.10565788087175942	0.10566340633982793	0.10566879188947897	3.593928079966527e-06
36.0	324.7271007933472	2.4e-05	0.10565531457904154	0.10565988868595692	0.1056656773620741	3.052895716107686e-06
36.0	324.7271007933472	2.44e-05	0.1056536888772639	0.1056574701570465	0.10566291259111704	2.5346693144735e-06
36.0	324.7271007933472	2.48e-05	0.10565275653279826	0.10565577286741824	0.1056605219730784	2.062577233827661e-06
36.0	324.7271007933472	2.5200000000000003e-05	0.10565177320436003	0.10565437339259239	0.10565848076047768	1.7133272405295304e-06
36.0	324.7271007933472	2.56e-05	0.10565109012338869	0.1056533304968348	0.10565673204734605	1.386898402612212e-06
36.0	324.7271007933472	2.6e-05	0.10565048118854836	0.105652425746758	0.10565521803850153	1.1229448256764235e-06
36.0	324.7271007933472	2.64e-05	0.10564997540384002	0.1056516546114614	0.10565388857843772	8.868890578465992e-07
36.0	324.7271007933472	2.68e-05	0.10564944921445729	0.1056509281019281	0.10565270107282654	7.016508581009624e-07
36.0	324.7271007933472	2.72e-05	0.10564922224852324	0.105650269409317	0.10565162010745066	5.24312232177611e-07
36.0	324.7271007933472	2.76e-05	0.10564879676786365	0.10564961857659474	0.10565061609099224	3.8829439643294517e-07
36.0	324.7271007933472	2.8e-05	0.1056483224542033	0.10564897963959137	0.1056496636738693	2.7628448812031236e-07
36.0	324.7271007933472	2.8400000000000003e-05	0.10564784700424834	0.10564835402820835	0.10564874021719461	1.8510772182714693e-07
36.0	324.7271007933472	2.88e-05	0.10564739433641446	0.10564774260796762	0.1056480455400548	1.491955339125613e-07
36.0	324.7271007933472	2.92e-05	0.10564653599737728	0.10564712282323613	0.10564758267427532	2.131536389894892e-07
36.0	324.7271007933472	2.96e-05	0.1056456368798715	0.10564649751951774	0.10564720624160007	3.381649360734736e-07
36.0	324.7271007933472	2.9999999999999997e-05	0.10564467026349078	0.10564582990823261	0.10564669525611503	4.842212433410437e-07
36.0	324.7271007933472	3.04e-05	0.10564360455719957	0.1056451182178251	0.1056462061589718	6.724840633664619e-07
36.0	324.7271007933472	3.0799999999999996e-05	0.10564240314711792	0.10564425062127013	0.105645547025774	8.668130595131347e-07
36.0	324.7271007933472	3.12e-05	0.10564102760289718	0.10564324670181278	0.10564496393949341	1.1176145141575607e-06
36.0	324.7271007933472	3.16e-05	0.10563944860566021	0.10564190370711159	0.1056440225866071	1.3822082347740978e-06
36.0	324.7271007933472	3.2e-05	0.10563767051291428	0.10564004012262701	0.10564262943635061	1.6508811714466736e-06
36.0	324.7271007933472	3.2399999999999995e-05	0.10563544678489478	0.10563589867082329	0.1056363122079853	2.0669040601174342e-07
36.0	324.7271007933472	3.2800000000000004e-05	0.10562872064262052	0.10563168106836243	0.10563462884787533	1.8759063049302422e-06
36.0	324.7271007933472	3.32e-05	0.10562746066645978	0.10562993467598866	0.10563308115466175	1.6015141685519455e-06
36.0	324.7271007933472	3.36e-05	0.10562668228147043	0.10562875438800678	0.10563172496557982	1.3418889972673207e-06
36.0	324.7271007933472	3.4e-05	0.10562625116993285	0.10562794635478279	0.10563057491982875	1.1093553131961535e-06
36.0	324.7271007933472	3.4399999999999996e-05	0.10562580102169505	0.10562729325428934	0.1056296097696725	9.408057694767933e-07
36.0	324.7271007933472	3.4800000000000006e-05	0.10562550659542147	0.10562682813720291	0.1056288018763798	7.865439886468218e-07
36.0	324.7271007933472	3.52e-05	0.10562523855340444	0.10562644120131315	0.10562812306920755	6.625633908642453e-07
36.0	324.7271007933472	3.56e-05	0.10562503656900546	0.1056261301102593	0.10562754840835797	5.550307621112419e-07
36.0	324.7271007933472	3.6e-05	0.10562483675728274	0.10562584720084303	0.10562705729795852	4.749488448910112e-07
36.0	324.7271007933472	3.64e-05	0.10562477120967895	0.10562560714211255	0.10562663330207034	4.006397812345525e-07
36.0	324.7271007933472	3.68e-05	0.10562462264004502	0.10562537710883771	0.10562626351860782	3.488860029828812e-07
36.0	324.7271007933472	3.72e-05	0.10562446005538284	0.10562515954166175	0.10562593789024799	3.100618840573387e-07
36.0	324.7271007933472	3.76e-05	0.1056243073228913	0.10562495492385228	0.1056256485903635	2.7900990677515266e-07
36.0	324.7271007933472	3.7999999999999995e-05	0.10562417397364054	0.10562476248139593	0.1056253895167858	2.534153517775939e-07
36.0	324.7271007933472	3.8400000000000005e-05	0.10562406032092664	0.1056245870075949	0.10562515588719634	2.3176896626724572e-07
36.0	324.7271007933472	3.88e-05	0.1056239562746244	0.10562442269263704	0.10562494391919497	2.136550462912319e-07
36.0	324.7271007933472	3.9200000000000004e-05	0.10562386613827979	0.10562427446365803	0.10562475057655529	1.9878095788861627e-07
36.0	324.7271007933472	3.96e-05	0.10562377219350783	0.10562414235021649	0.10562457336141318	1.8403758461407278e-07
36.0	324.7271007933472	3.9999999999999996e-05	0.10562367393399086	0.10562402360000109	0.10562441012416546	1.7322955184050072e-07
36.0	324.7271007933472	4.0400000000000006e-05	0.10562358556204554	0.10562391141185382	0.10562425884872084	1.6432428790107216e-07
36.0	324.7271007933472	4.08e-05	0.1056235128798404	0.10562380838110388	0.10562411739356836	1.580442652662569e-07
36.0	324.7271007933472	4.12e-05	0.1056234319689926	0.10562371377296075	0.10562398357896896	1.5313823000483936e-07
36.0	324.7271007933472	4.16e-05	0.10562335309532056	0.10562362962277723	0.1056238639447411	1.5003171608621594e-07
36.0	324.7271007933472	4.2e-05	0.10562328337375249	0.10562358078517398	0.10562378161761998	1.44657357542517e-07
37.0	335.82637268111137	0.0	0.10777883759154516	0.10778185991409409	0.10778330939895664	9.84430666564204e-07
37.0	335.82637268111137	4e-07	0.1077768571483313	0.1077799616297392	0.10778147222762158	1.023174784695199e-06
37.0	335.82637268111137	8e-07	0.10777467691100551	0.10777808173879012	0.10777996210187268	1.1482557154261658e-06
37.0	335.82637268111137	1.2000000000000002e-06	0.10777228349632484	0.10777622498590342	0.10777910449372641	1.3894915946983166e-06
37.0	335.82637268111137	1.6e-06	0.10776964395255906	0.10777426755071236	0.10777750314944878	1.6831988905474154e-06
37.0	335.82637268111137	2e-06	0.10776670792943044	0.10777225888042512	0.10777605779004062	2.099891465956817e-06
37.0	335.82637268111137	2.4000000000000003e-06	0.10776340743145063	0.10777002761213615	0.10777444874748365	2.58935577809521e-06
37.0	335.82637268111137	2.8000000000000003e-06	0.10775965773757079	0.10776756999411931	0.10777273543067611	3.2243256417158398e-06
37.0	335.82637268111137	3.2e-06	0.10775536333161995	0.10776444649428947	0.10777040362655743	3.906375988980968e-06
37.0	335.82637268111137	3.6e-06	0.10775041588136602	0.10776076730702348	0.1077682727911693	4.831657443530792e-06
37.0	335.82637268111137	4e-06	0.10774478757920569	0.1077557032058149	0.10776472597983755	5.831526446626247e-06
37.0	335.82637268111137	4.4e-06	0.1077385446130501	0.10774852836215686	0.10775934404886378	6.860586757383451e-06
37.0	335.82637268111137	4.800000000000001e-06	0.10773156414509	0.10773211472018396	0.10773260740958879	2.409363874922899e-07
37.0	335.82637268111137	5.2e-06	0.10770541325808392	0.10771567758734489	0.10772540104939665	6.978565588316977e-06
37.0	335.82637268111137	5.600000000000001e-06	0.10770020727017027	0.10770865310152898	0.10771923838043929	5.907668349237496e-06
37.0	335.82637268111137	6e-06	0.10769686719330629	0.10770378244289326	0.10771373141893914	4.878484435802324e-06
37.0	335.82637268111137	6.4e-06	0.10769491695188993	0.10770032335701628	0.10770893264497694	3.9335962462319626e-06
37.0	335.82637268111137	6.8e-06	0.10769285933908446	0.10769744507898586	0.10770479499802654	3.228243942703058e-06
37.0	335.82637268111137	7.2e-06	0.10769138214479845	0.10769525777450616	0.10770121204863248	2.5604833159392024e-06
37.0	335.82637268111137	7.6e-06	0.10769009969844223	0.10769332667870236	0.10769806836879603	2.020578063681321e-06
37.0	335.82637268111137	8e-06	0.10768897976747915	0.10769164411177995	0.10769526456529999	1.5286929098575616e-06
37.0	335.82637268111137	8.4e-06	0.10768778934464596	0.10769003884605376	0.10769271501611843	1.132799169763938e-06
37.0	335.82637268111137	8.8e-06	0.10768723806706504	0.10768855077027094	0.10769034711364256	7.448232887352821e-07
37.0	335.82637268111137	9.2e-06	0.10768625796524312	0.10768706631206482	0.10768809847671168	4.2924331031830036e-07
37.0	335.82637268111137	9.600000000000001e-06	0.10768516737851819	0.10768559270990906	0.10768591361023905	1.5359689380368895e-07
37.0	335.82637268111137	9.999999999999999e-06	0.10768369589449467	0.10768413326633028	0.10768445791627101	1.8353644261005703e-07
37.0	335.82637268111137	1.04e-05	0.10768148775951136	0.107682692044946	0.10768374092815147	5.086789491349127e-07
37.0	335.82637268111137	1.08e-05	0.10767918346068228	0.10768119215179238	0.1076826296723441	8.454598663344655e-07
37.0	335.82637268111137	1.1200000000000001e-05	0.10767672607560641	0.10767965374920946	0.10768164626477006	1.2483024788247357e-06
37.0	335.82637268111137	1.16e-05	0.1076740476604483	0.10767795761330293	0.10768044093816531	1.681486760522485e-06
37.0	335.82637268111137	1.2e-05	0.10767107163893996	0.10767609727661188	0.10767917200664368	2.2160262366938376e-06
37.0	335.82637268111137	1.24e-05	0.1076677163717239	0.1076737449757869	0.10767747492998048	2.771932844150426e-06
37.0	335.82637268111137	1.28e-05	0.10766389496243534	0.10767097170516554	0.10767588810660556	3.500801231880553e-06
37.0	335.82637268111137	1.32e-05	0.10765957739968446	0.10766716375284961	0.10767325390629967	4.280872783364772e-06
37.0	335.82637268111137	1.36e-05	0.10765481224345486	0.1076617728055036	0.1076692515606057	5.080565558742371e-06
37.0	335.82637268111137	1.4e-05	0.10764906182479983	0.10764946186896718	0.1076498249531106	1.7005820714873198e-07
37.0	335.82637268111137	1.44e-05	0.10762905400815903	0.10763707955604265	0.1076448269770589	5.296093324858207e-06
37.0	335.82637268111137	1.48e-05	0.1076251880998349	0.10763180623754616	0.10764016343048066	4.490221953401388e-06
37.0	335.82637268111137	1.52e-05	0.10762271878665253	0.10762816031001156	0.10763600614363611	3.7157291125442525e-06
37.0	335.82637268111137	1.56e-05	0.10762128617863187	0.10762558136011054	0.10763239330084229	3.006487683145019e-06
37.0	335.82637268111137	1.6e-05	0.10761977303166326	0.10762344183186495	0.10762928855797149	2.4784135446038043e-06
37.0	335.82637268111137	1.6400000000000002e-05	0.10761870098293524	0.10762182606042293	0.10762660979869665	1.9812806076784243e-06
37.0	335.82637268111137	1.68e-05	0.10761775606779533	0.10762040766670458	0.10762426997762109	1.578982168676277e-06
37.0	335.82637268111137	1.7199999999999998e-05	0.10761694735458249	0.10761918040395982	0.10762219397235828	1.2151438695297427e-06
37.0	335.82637268111137	1.76e-05	0.10761609496384494	0.10761801414322439	0.10762031739588451	9.247707168093076e-07
37.0	335.82637268111137	1.8e-05	0.10761570725831948	0.10761694047173567	0.1076185860146115	6.432098327183542e-07
37.0	335.82637268111137	1.84e-05	0.10761500671190394	0.10761587255088988	0.10761695366075674	4.201198988725539e-07
37.0	335.82637268111137	1.88e-05	0.10761422342998639	0.10761481602747701	0.1076153797582311	2.341922119066492e-07
37.0	335.82637268111137	1.9200000000000003e-05	0.10761342845404975	0.10761377326633642	0.10761406059735279	1.4254000552185885e-07
37.0	335.82637268111137	1.9600000000000002e-05	0.1076119965187452	0.10761274671994413	0.10761346942021532	2.936010133569334e-07
37.0	335.82637268111137	1.9999999999999998e-05	0.10761049940891798	0.10761168669539248	0.10761266850135076	5.133283035249834e-07
37.0	335.82637268111137	2.04e-05	0.10760889387700967	0.10761060465990825	0.10761196427654518	7.843410440824785e-07
37.0	335.82637268111137	2.08e-05	0.10760703931110882	0.10760942256947294	0.10761111423600145	1.0767302620999593e-06
37.0	335.82637268111137	2.12e-05	0.10760499267374168	0.10760813635329335	0.10761022593703284	1.4398927597312229e-06
37.0	335.82637268111137	2.16e-05	0.10760269925697141	0.10760652590959909	0.10760901140592427	1.815897247464554e-06
37.0	335.82637268111137	2.2e-05	0.10760010391879415	0.10760463662910237	0.10760792360909832	2.3065822567353416e-06
37.0	335.82637268111137	2.2400000000000002e-05	0.10759718184460354	0.10760206017433671	0.1076061339105987	2.8296914971125963e-06
37.0	335.82637268111137	2.28e-05	0.10759382098180215	0.10759843143802404	0.10760343918726178	3.364779650969284e-06
37.0	335.82637268111137	2.32e-05	0.10758974530185128	0.107590201636332	0.10759061808266779	2.0360904055162536e-07
37.0	335.82637268111137	2.36e-05	0.1075763857360501	0.10758189780559413	0.10758727307555205	3.5876744430511537e-06
37.0	335.82637268111137	2.4e-05	0.10757382423783035	0.10757838627432233	0.10758416343744592	3.0472928213219667e-06
37.0	335.82637268111137	2.44e-05	0.10757220124853806	0.10757597194894589	0.10758140313265852	2.529846812961355e-06
37.0	335.82637268111137	2.48e-05	0.10757126969638975	0.10757427750811852	0.10757901647055768	2.0586074687707107e-06
37.0	335.82637268111137	2.5200000000000003e-05	0.107570288477282	0.1075728803327311	0.10757697866910476	1.7100152423919323e-06
37.0	335.82637268111137	2.56e-05	0.10756960555207407	0.10757183910973016	0.1075752329612163	1.384183214357614e-06
37.0	335.82637268111137	2.6e-05	0.10756899890078309	0.107570935667085	0.10757372159825263	1.1209173209589432e-06
37.0	335.82637268111137	2.64e-05	0.10756849339368468	0.10757016581615478	0.10757239450224354	8.852524591858216e-07
37.0	335.82637268111137	2.68e-05	0.10756796736503738	0.10756944058422824	0.10757120914839025	7.002995701975401e-07
37.0	335.82637268111137	2.72e-05	0.10756774035793182	0.10756878310225362	0.10757013018255712	5.231994255546461e-07
37.0	335.82637268111137	2.76e-05	0.10756731538778919	0.10756813350434369	0.10756912806516095	3.873116110754376e-07
37.0	335.82637268111137	2.8e-05	0.10756684255965254	0.10756749584813587	0.10756817749213621	2.752643907944317e-07
37.0	335.82637268111137	2.8400000000000003e-05	0.10756636829757493	0.1075668715593344	0.1075672558663916	1.837658925767088e-07
37.0	335.82637268111137	2.88e-05	0.1075659169675065	0.10756626146941643	0.10756656287140576	1.4738794641598557e-07
37.0	335.82637268111137	2.92e-05	0.10756506050649062	0.10756564309028606	0.10756610167890024	2.114952978864563e-07
37.0	335.82637268111137	2.96e-05	0.10756416340730723	0.10756501927330261	0.10756572180888924	3.365967979535631e-07
37.0	335.82637268111137	2.9999999999999997e-05	0.10756319900372002	0.10756435344622574	0.10756521568757993	4.828397832141609e-07
37.0	335.82637268111137	3.04e-05	0.10756213577332119	0.10756364350760378	0.10756472852844468	6.708732510171072e-07
37.0	335.82637268111137	3.0799999999999996e-05	0.10756093718916127	0.10756277798743641	0.1075640703346874	8.649320111755124e-07
37.0	335.82637268111137	3.12e-05	0.10755956492399843	0.10756177639683613	0.10756348923519088	1.1153147828997652e-06
37.0	335.82637268111137	3.16e-05	0.10755798975866071	0.10756043635332563	0.10756254993331105	1.3792924738352469e-06
37.0	335.82637268111137	3.2e-05	0.10755621608980537	0.10755857680827291	0.10756115930508603	1.6471660572489598e-06
37.0	335.82637268111137	3.2399999999999995e-05	0.10755399694369583	0.1075544450897998	0.10755485635658868	2.0492789079986705e-07
37.0	335.82637268111137	3.2800000000000004e-05	0.10754729187419354	0.1075502395415034	0.10755317743559001	1.8700988559488252e-06
37.0	335.82637268111137	3.32e-05	0.10754603606341373	0.10754849852470641	0.10755163398031797	1.596256566786046e-06
37.0	335.82637268111137	3.36e-05	0.10754525996450415	0.10754732187029564	0.10755028163047697	1.3373006977951723e-06
37.0	335.82637268111137	3.4e-05	0.10754482941891386	0.10754651623586617	0.1075491348204185	1.1054961830232014e-06
37.0	335.82637268111137	3.4399999999999996e-05	0.10754438102915298	0.1075458650288288	0.10754817254820281	9.375036455903855e-07
37.0	335.82637268111137	3.4800000000000006e-05	0.10754408655427561	0.10754540122438001	0.10754736711790525	7.837350180903412e-07
37.0	335.82637268111137	3.52e-05	0.10754382049761446	0.1075450152404488	0.10754669042669462	6.603329025237489e-07
37.0	335.82637268111137	3.56e-05	0.10754361859445272	0.1075447050775446	0.10754611760081012	5.531026094129453e-07
37.0	335.82637268111137	3.6e-05	0.10754341870598072	0.10754442308152998	0.10754562810206636	4.7323092882744027e-07
37.0	335.82637268111137	3.64e-05	0.10754335298027318	0.10754418385531198	0.10754520554219482	3.991040097732674e-07
37.0	335.82637268111137	3.68e-05	0.10754320468411027	0.10754395466086672	0.10754483705725715	3.474722258971041e-07
37.0	335.82637268111137	3.72e-05	0.10754304328901743	0.10754373796043976	0.1075445126197998	3.086965365955936e-07
37.0	335.82637268111137	3.76e-05	0.10754289146898888	0.10754353423366676	0.10754422442612643	2.7763190512553887e-07
37.0	335.82637268111137	3.7999999999999995e-05	0.10754275917570943	0.10754334267527592	0.10754396639120234	2.5201331856691816e-07
37.0	335.82637268111137	3.8400000000000005e-05	0.10754264645562017	0.10754316809536404	0.10754373374490811	2.3031844796279256e-07
37.0	335.82637268111137	3.88e-05	0.10754254289041132	0.10754300471127975	0.10754352271271461	2.121299425849825e-07
37.0	335.82637268111137	3.9200000000000004e-05	0.10754245392240858	0.10754285758519175	0.1075433302623523	1.970929404828168e-07
37.0	335.82637268111137	3.96e-05	0.10754236050086963	0.1075427264173952	0.10754315389631675	1.82219501516171e-07
37.0	335.82637268111137	3.9999999999999996e-05	0.10754226335454042	0.10754260860919886	0.1075429914623065	1.7126174116270815e-07
37.0	335.82637268111137	4.0400000000000006e-05	0.10754217592042181	0.10754249732188194	0.10754284094014466	1.6223736863128874e-07
37.0	335.82637268111137	4.08e-05	0.10754210380830642	0.10754239509543623	0.10754270018877499	1.5586427535990866e-07
37.0	335.82637268111137	4.12e-05	0.1075420237378113	0.10754230117872664	0.1075425670529313	1.5088136577717138e-07
37.0	335.82637268111137	4.16e-05	0.10754194569886177	0.10754221756225789	0.10754244795793255	1.4770462543890548e-07
37.0	335.82637268111137	4.2e-05	0.10754187678906835	0.10754216932511901	0.10754236694776687	1.4230545236253796e-07
38.0	346.92564456887555	0.0	0.10974752014228084	0.10975054260107296	0.10975199295127513	9.845673315592754e-07
38.0	346.92564456887555	4e-07	0.10974553972361623	0.10974864436106063	0.10975015587184167	1.0232880007383932e-06
38.0	346.92564456887555	8e-07	0.10974335957626202	0.10974676459708933	0.10974864668856021	1.1483078219935203e-06
38.0	346.92564456887555	1.2000000000000002e-06	0.1097409663170188	0.10974490801706024	0.10974778967774856	1.3894435813713392e-06
38.0	346.92564456887555	1.6e-06	0.10973832699787334	0.10974295083852631	0.10974618938412384	1.6830830272746405e-06
38.0	346.92564456887555	2e-06	0.10973539127567289	0.10974094250941833	0.10974474489824892	2.099703404354798e-06
38.0	346.92564456887555	2.4000000000000003e-06	0.10973209116665217	0.10973871182883799	0.10974313497981392	2.589342794194757e-06
38.0	346.92564456887555	2.8000000000000003e-06	0.10972834196804016	0.10973625470829466	0.10974142297158007	3.2242609472624935e-06
38.0	346.92564456887555	3.2e-06	0.10972404819070114	0.10973313178515277	0.1097390911905487	3.9062767410200785e-06
38.0	346.92564456887555	3.6e-06	0.1097191011895724	0.10972945321118828	0.10973696150571932	4.831477379768298e-06
38.0	346.92564456887555	4e-06	0.10971347392703912	0.10972438979992728	0.10973341534685943	5.831113435870023e-06
38.0	346.92564456887555	4.4e-06	0.1097072322525614	0.10971721589709611	0.10972803388138352	6.859779447141269e-06
38.0	346.92564456887555	4.800000000000001e-06	0.10970025085994095	0.10970080518329788	0.10970130139392875	2.4271075594026355e-07
38.0	346.92564456887555	5.2e-06	0.10967411629443635	0.10968437312165596	0.10969409214008596	6.976118432827948e-06
38.0	346.92564456887555	5.600000000000001e-06	0.10966891245197363	0.10967735115742602	0.10968793118624642	5.905343191928984e-06
38.0	346.92564456887555	6e-06	0.10966557343476513	0.10967248223526979	0.10968242588251798	4.876430253833269e-06
38.0	346.92564456887555	6.4e-06	0.10966362306547062	0.10966902428096297	0.10967762864713926	3.931934018807056e-06
38.0	346.92564456887555	6.8e-06	0.10966156654997761	0.10966614689580675	0.1096734922516589	3.2269019728085327e-06
38.0	346.92564456887555	7.2e-06	0.1096600888724204	0.10966396022712722	0.10966991057672182	2.5594365999468993e-06
38.0	346.92564456887555	7.6e-06	0.10965880803774564	0.10966202955173057	0.10966676806112208	2.0199934816524806e-06
38.0	346.92564456887555	8e-06	0.1096576878988138	0.10966034752460374	0.1096639653394309	1.5283072242073365e-06
38.0	346.92564456887555	8.4e-06	0.1096564971591425	0.10965874284345557	0.10966141681750852	1.1325668316484412e-06
38.0	346.92564456887555	8.8e-06	0.10965594562097625	0.10965725536359112	0.1096590499140051	7.447337564661037e-07
38.0	346.92564456887555	9.2e-06	0.10965496561574284	0.10965577153961929	0.10965680227224262	4.2923671970621044e-07
38.0	346.92564456887555	9.600000000000001e-06	0.10965387599086185	0.10965429863714467	0.10965461842055557	1.5333990299014029e-07
38.0	346.92564456887555	9.999999999999999e-06	0.10965240494180684	0.10965283995661892	0.10965316223949806	1.8269069370052582e-07
38.0	346.92564456887555	1.04e-05	0.10965019491449546	0.1096513995282382	0.10965244701236276	5.079406208288091e-07
38.0	346.92564456887555	1.08e-05	0.1096478918402708	0.1096499005187995	0.10965133345530997	8.446308597241113e-07
38.0	346.92564456887555	1.1200000000000001e-05	0.10964543580835073	0.10964836309475368	0.1096503535485498	1.2473159197790153e-06
38.0	346.92564456887555	1.16e-05	0.10964275891582087	0.10964666823702669	0.10964915293869826	1.6805685149117134e-06
38.0	346.92564456887555	1.2e-05	0.10963978463738666	0.10964480914998326	0.10964788577364093	2.2148746215891833e-06
38.0	346.92564456887555	1.24e-05	0.10963643139545987	0.10964245837355953	0.10964618937747606	2.7705444604068984e-06
38.0	346.92564456887555	1.28e-05	0.10963261223862819	0.1096396868376914	0.10964460430863454	3.499061143800026e-06
38.0	346.92564456887555	1.32e-05	0.10962829748471492	0.1096358811188557	0.10964197180649737	4.2786014056866345e-06
38.0	346.92564456887555	1.36e-05	0.10962353556809479	0.10963049330135936	0.10963797154742405	5.077590627242515e-06
38.0	346.92564456887555	1.4e-05	0.10961779311412911	0.10961819029866865	0.1096185519175723	1.6895195138088006e-07
38.0	346.92564456887555	1.44e-05	0.10959780347141379	0.10960581810419501	0.10961355765965841	5.29140272015116e-06
38.0	346.92564456887555	1.48e-05	0.10959394125953548	0.10960054945598054	0.10960889774088578	4.48598109999544e-06
38.0	346.92564456887555	1.52e-05	0.10959147400480607	0.10959690674964519	0.10960474381462948	3.712069784014047e-06
38.0	346.92564456887555	1.56e-05	0.10959004186764432	0.10959432998197577	0.10960113398750959	3.003497327220792e-06
38.0	346.92564456887555	1.6e-05	0.10958853042234207	0.10959219221824427	0.10959803188122397	2.4759472582512067e-06
38.0	346.92564456887555	1.6400000000000002e-05	0.10958745834122308	0.10959057773964823	0.10959535547611399	1.9792945830378134e-06
38.0	346.92564456887555	1.68e-05	0.1095865154086102	0.10958916034118864	0.10959301775734609	1.577596767767138e-06
38.0	346.92564456887555	1.7199999999999998e-05	0.10958570683260671	0.10958793411219386	0.10959094366031685	1.2140768529534851e-06
38.0	346.92564456887555	1.76e-05	0.10958485448158672	0.10958676890339547	0.10958906885136699	9.23937913661368e-07
38.0	346.92564456887555	1.8e-05	0.10958446668593869	0.10958569625281955	0.10958733914432806	6.425704145471763e-07
38.0	346.92564456887555	1.84e-05	0.10958376652974611	0.10958462938603158	0.10958570841355186	4.1955744274111907e-07
38.0	346.92564456887555	1.88e-05	0.10958298452453441	0.10958357397421876	0.10958413612145446	2.3340454627177273e-07
38.0	346.92564456887555	1.9200000000000003e-05	0.10958219063938213	0.10958253237878066	0.10958281712060902	1.40968978084999e-07
38.0	346.92564456887555	1.9600000000000002e-05	0.10958076072166456	0.10958150701754392	0.1095822280075911	2.923580661698172e-07
38.0	346.92564456887555	1.9999999999999998e-05	0.10957926536173535	0.10958044827228369	0.10958142862817422	5.12125903690767e-07
38.0	346.92564456887555	2.04e-05	0.10957765743463987	0.10957936761248634	0.10958072103713867	7.829876877206113e-07
38.0	346.92564456887555	2.08e-05	0.10957580502402298	0.10957818721938879	0.10957987567954675	1.075404658881541e-06
38.0	346.92564456887555	2.12e-05	0.10957376081120263	0.10957690269749043	0.10957898923141673	1.4382488823649119e-06
38.0	346.92564456887555	2.16e-05	0.10957147016581281	0.10957529431481938	0.10957777563441162	1.8139186113036875e-06
38.0	346.92564456887555	2.2e-05	0.10956887794761183	0.10957340738491803	0.10957668979357216	2.3041169982819884e-06
38.0	346.92564456887555	2.2400000000000002e-05	0.10956595958965298	0.10957083398278132	0.10957490218832522	2.826553151140154e-06
38.0	346.92564456887555	2.28e-05	0.10956260820675556	0.10956720950033762	0.10957221015031138	3.3607948786910903e-06
38.0	346.92564456887555	2.32e-05	0.10955853707802898	0.10955899008937327	0.10955940466177161	2.0207693474277996e-07
38.0	346.92564456887555	2.36e-05	0.10954519955675135	0.1095506988702986	0.10955606436124032	3.5818174315043166e-06
38.0	346.92564456887555	2.4e-05	0.1095426424520145	0.10954719302376041	0.10955295925147635	3.0420476109386124e-06
38.0	346.92564456887555	2.44e-05	0.10954102196023197	0.10954478259562206	0.10955020308746644	2.525330853969114e-06
38.0	346.92564456887555	2.48e-05	0.10954009115665642	0.10954309079427785	0.10954782009536856	2.05488293556695e-06
38.0	346.92564456887555	2.5200000000000003e-05	0.10953911185981813	0.10954169574743655	0.10954578547670213	1.7069005693883186e-06
38.0	346.92564456887555	2.56e-05	0.10953842909652334	0.10954065606697246	0.10954404255710415	1.3816225113483955e-06
38.0	346.92564456887555	2.6e-05	0.10953782452094352	0.10953975382006924	0.10954253364797051	1.119002639654371e-06
38.0	346.92564456887555	2.64e-05	0.10953731927998867	0.10953898515157762	0.10954120874314377	8.836964107188836e-07
38.0	346.92564456887555	2.68e-05	0.10953679340701061	0.10953826109955324	0.10954002538233798	6.990002205287037e-07
38.0	346.92564456887555	2.72e-05	0.10953656635604148	0.1095376047338682	0.10953894826719601	5.221134106415124e-07
38.0	346.92564456887555	2.76e-05	0.10953614185163385	0.10953695627380333	0.10953794790615756	3.8633692122399596e-07
38.0	346.92564456887555	2.8e-05	0.10953567040647805	0.10953631979965331	0.10953699903738823	2.7423854068466647e-07
38.0	346.92564456887555	2.8400000000000003e-05	0.10953519721736615	0.1095356967331715	0.10953607910253105	1.8241113403527595e-07
38.0	346.92564456887555	2.88e-05	0.10953474707774014	0.10953508787184943	0.10953538774483995	1.4558625855121447e-07
38.0	346.92564456887555	2.92e-05	0.10953389235283684	0.10953447078935533	0.10953492806440401	2.0988498062676964e-07
38.0	346.92564456887555	2.96e-05	0.10953299711980247	0.10953384834724936	0.10953454490585735	3.351074240850556e-07
38.0	346.92564456887555	2.9999999999999997e-05	0.1095320347620552	0.10953318417714275	0.10953404339925932	4.815505625899526e-07
38.0	346.92564456887555	3.04e-05	0.10953097382012533	0.1095324758589295	0.10953355798309072	6.693843438714793e-07
38.0	346.92564456887555	3.0799999999999996e-05	0.10952977784696039	0.10953161225430491	0.10953290066764332	8.631999681881394e-07
38.0	346.92564456887555	3.12e-05	0.10952840861040247	0.10953061281090198	0.10953232136771884	1.1132016925856074e-06
38.0	346.92564456887555	3.16e-05	0.10952683698381094	0.10952927548882783	0.1095313839537786	1.3766201316496096e-06
38.0	346.92564456887555	3.2e-05	0.10952506740136947	0.1095274196623798	0.10952999568004618	1.6437677897693488e-06
38.0	346.92564456887555	3.2399999999999995e-05	0.10952285257204153	0.10952329690426263	0.10952370589047611	2.031665476404689e-07
38.0	346.92564456887555	3.2800000000000004e-05	0.10951616697216426	0.10951910255707507	0.1095220310840439	1.8646618716831075e-06
38.0	346.92564456887555	3.32e-05	0.10951491497108012	0.10951736653348566	0.10952049156274768	1.5913398535756234e-06
38.0	346.92564456887555	3.36e-05	0.10951414097725554	0.10951619325037816	0.1095191427810347	1.3330109708434167e-06
38.0	346.92564456887555	3.4e-05	0.1095137109807629	0.10951538984338735	0.10951799898692549	1.1018821942149617e-06
38.0	346.92564456887555	3.4399999999999996e-05	0.1095132641886325	0.10951474039415739	0.10951703939309798	9.344058867957797e-07
38.0	346.92564456887555	3.4800000000000006e-05	0.10951296970260582	0.10951427780469718	0.10951623625591456	7.810957166394318e-07
38.0	346.92564456887555	3.52e-05	0.10951270543386915	0.10951389269686139	0.10951556153531605	6.58235079566418e-07
38.0	346.92564456887555	3.56e-05	0.10951250363044718	0.10951358339429011	0.10951499041881085	5.512820220108819e-07
38.0	346.92564456887555	3.6e-05	0.10951230369201692	0.10951330224775106	0.10951450242185512	4.7160010198522633e-07
38.0	346.92564456887555	3.64e-05	0.10951223780316344	0.10951306379549056	0.1095140812005777	3.97637744924588e-07
38.0	346.92564456887555	3.68e-05	0.10951208976176297	0.10951283537979725	0.10951371392663756	3.461169600411332e-07
38.0	346.92564456887555	3.72e-05	0.10951192947219557	0.10951261948443247	0.10951339060051879	3.073844814450144e-07
38.0	346.92564456887555	3.76e-05	0.10951177848131532	0.10951241658558958	0.10951310344007048	2.7630675853986053e-07
38.0	346.92564456887555	3.7999999999999995e-05	0.10951164713882644	0.10951222584777391	0.10951284637647163	2.506662742555124e-07
38.0	346.92564456887555	3.8400000000000005e-05	0.109511535246134	0.10951205209752368	0.10951261465131523	2.2892748203569749e-07
38.0	346.92564456887555	3.88e-05	0.10951143214133463	0.10951188957988739	0.1095124044978606	2.106694161714103e-07
38.0	346.92564456887555	3.9200000000000004e-05	0.10951134423774178	0.10951174348565772	0.10951221288811475	1.9547527939807423e-07
38.0	346.92564456887555	3.96e-05	0.10951125128269101	0.10951161320278173	0.10951203732568882	1.80476325060765e-07
38.0	346.92564456887555	3.9999999999999996e-05	0.10951115518750765	0.1095114962772149	0.10951187565678477	1.6937560433016877e-07
38.0	346.92564456887555	4.0400000000000006e-05	0.1095110686289491	0.10951138583752733	0.10951172585869706	1.6023624567460287e-07
38.0	346.92564456887555	4.08e-05	0.10951099707868295	0.10951128437919731	0.10951158579215647	1.5377182026847648e-07
38.0	346.92564456887555	4.12e-05	0.10951091782325939	0.10951119113714101	0.10951145332492551	1.4871328393588187e-07
38.0	346.92564456887555	4.16e-05	0.10951084061738037	0.10951110807295372	0.10951133475227781	1.454702437447855e-07
38.0	346.92564456887555	4.2e-05	0.10951077255957387	0.10951106042111285	0.10951125498555836	1.4005096380627898e-07
39.0	358.02491645663974	0.0	0.11176898892763365	0.11177201167590178	0.11177346303084779	9.84768564712249e-07
39.0	358.02491645663974	4e-07	0.11176700853147636	0.11177011347887071	0.1117716260416266	1.023466019893755e-06
39.0	358.02491645663974	8e-07	0.11176482846658065	0.11176823383770476	0.11177011780328439	1.148425312152764e-06
39.0	358.02491645663974	1.2000000000000002e-06	0.11176243534968044	0.11176637742302645	0.11176926135602727	1.3894614479488222e-06
39.0	358.02491645663974	1.6e-06	0.11175979623599641	0.11176442048677727	0.11176766203769617	1.6830301055156805e-06
39.0	358.02491645663974	2e-06	0.11175686078870495	0.11176241248265302	0.11176621835821088	2.099578749049725e-06
39.0	358.02491645663974	2.4000000000000003e-06	0.11175356103459322	0.11176018236526454	0.11176460765431973	2.589389595291753e-06
39.0	358.02491645663974	2.8000000000000003e-06	0.11174981228759329	0.11175772571458581	0.11176289685268959	3.224259690633358e-06
39.0	358.02491645663974	3.2e-06	0.11174551908365338	0.11175460332889911	0.11176056512361576	3.90624428350722e-06
39.0	358.02491645663974	3.6e-06	0.11174057246046498	0.11175092532301702	0.11175843649704831	4.83137210837557e-06
39.0	358.02491645663974	4e-06	0.11173494615438706	0.11174586254532899	0.11175489095943014	5.830799126488807e-06
39.0	358.02491645663974	4.4e-06	0.1117287056734746	0.11173868949488829	0.11174950996882949	6.859109163295977e-06
39.0	358.02491645663974	4.800000000000001e-06	0.11172172328892938	0.11172228144043365	0.11172278122587187	2.4452989557938877e-07
39.0	358.02491645663974	5.2e-06	0.11169560467545825	0.11170585415941985	0.11171556878274469	6.973773280884264e-06
39.0	358.02491645663974	5.600000000000001e-06	0.1116904027905461	0.1116988345634517	0.11170940942824714	5.903122282743811e-06
39.0	358.02491645663974	6e-06	0.11168706474847845	0.11169396726498304	0.11170390567306399	4.874469679952955e-06
39.0	358.02491645663974	6.4e-06	0.1116851142756854	0.111690510365753	0.11169910987543918	3.930341737353616e-06
39.0	358.02491645663974	6.8e-06	0.11168305875228235	0.1116876338102741	0.11169497464859557	3.225609584158365e-06
39.0	358.02491645663974	7.2e-06	0.11168158064038902	0.11168544772506277	0.11169139416273755	2.558421630356023e-06
39.0	358.02491645663974	7.6e-06	0.11168030127111273	0.11168351742298227	0.11168825273063732	2.0194200428184195e-06
39.0	358.02491645663974	8e-06	0.11167918094579043	0.1116818358874272	0.11168545101280003	1.527917943056676e-06
39.0	358.02491645663974	8.4e-06	0.11167798991486322	0.1116802317427337	0.11168290344116016	1.1323152679269596e-06
39.0	358.02491645663974	8.8e-06	0.11167743812677955	0.11167874480736802	0.11168053745887896	7.44612211640703e-07
39.0	358.02491645663974	9.2e-06	0.11167645820268479	0.11167726156241428	0.11167829073204238	4.2918741295449186e-07
39.0	358.02491645663974	9.600000000000001e-06	0.11167536945959622	0.11167578930126688	0.11167610781063875	1.5303587503082794e-07
39.0	358.02491645663974	9.999999999999999e-06	0.1116738954476082	0.11167433132244715	0.11167465124819564	1.8190230268120372e-07
39.0	358.02491645663974	1.04e-05	0.11167168645097014	0.11167289162256079	0.11167393773078782	5.072824036408463e-07
39.0	358.02491645663974	1.08e-05	0.11166938449195918	0.11167139342248994	0.11167282199941031	8.438939534185244e-07
39.0	358.02491645663974	1.1200000000000001e-05	0.11166692968981806	0.11166985689839388	0.11167184566029231	1.2464398049951803e-06
39.0	358.02491645663974	1.16e-05	0.11166425417871206	0.11166816322383531	0.11167064952713712	1.6797741590997e-06
39.0	358.02491645663974	1.2e-05	0.11166128147969623	0.11166630528200408	0.11166938397021386	2.2138733592096954e-06
39.0	358.02491645663974	1.24e-05	0.11165793007169	0.11166395589297243	0.11166768821129391	2.7693325704114214e-06
39.0	358.02491645663974	1.28e-05	0.11165411294763583	0.11166118593126433	0.11166610473667671	3.4975353157746255e-06
39.0	358.02491645663974	1.32e-05	0.11164980074139041	0.11165738223172676	0.11166347378983055	4.276600464601479e-06
39.0	358.02491645663974	1.36e-05	0.11164504176891743	0.11165199723276943	0.11165947545786636	5.074957947312063e-06
39.0	358.02491645663974	1.4e-05	0.11163930725673676	0.11163970138574389	0.11164006143537453	1.6779830273543957e-07
39.0	358.02491645663974	1.44e-05	0.11161933425523252	0.11162733849521578	0.11163507057098077	5.287038645152999e-06
39.0	358.02491645663974	1.48e-05	0.1116154753878833	0.11162207414023448	0.11163041397034146	4.48203589464753e-06
39.0	358.02491645663974	1.52e-05	0.11161301000204471	0.11161843438781102	0.1116262631221927	3.7086630188828714e-06
39.0	358.02491645663974	1.56e-05	0.11161157830011437	0.11161585961725505	0.11162265605913824	3.0007055417529814e-06
39.0	358.02491645663974	1.6e-05	0.11161006838606102	0.11161372346467371	0.11161955637520826	2.4736369784485624e-06
39.0	358.02491645663974	1.6400000000000002e-05	0.11160899627925858	0.11161211015867377	0.11161688212677134	1.9774259425656026e-06
39.0	358.02491645663974	1.68e-05	0.11160805513671423	0.11161069365001414	0.1116145463319631	1.5762900725010446e-06
39.0	358.02491645663974	1.7199999999999998e-05	0.11160724668736943	0.11160946835563423	0.11161247397901697	1.2130583148569232e-06
39.0	358.02491645663974	1.76e-05	0.11160639436684239	0.11160830410198304	0.11161060078317764	9.231260068271063e-07
39.0	358.02491645663974	1.8e-05	0.1116060064771176	0.11160723237667676	0.11160887260173791	6.419266238640033e-07
39.0	358.02491645663974	1.84e-05	0.11160530666622392	0.1116061664644775	0.11160724334762406	4.18970382245047e-07
39.0	358.02491645663974	1.88e-05	0.11160452582560687	0.11160511206178524	0.11160567251841069	2.3257744103450012e-07
39.0	358.02491645663974	1.9200000000000003e-05	0.1116037329291446	0.1116040715267897	0.11160435370334287	1.3938748306259312e-07
39.0	358.02491645663974	1.9600000000000002e-05	0.11160230476080812	0.11160304724278607	0.11160376656842885	2.911838469728261e-07
39.0	358.02491645663974	1.9999999999999998e-05	0.11160081099062413	0.11160198965871776	0.11160296856552065	5.110205721594475e-07
39.0	358.02491645663974	2.04e-05	0.11159920034598692	0.11160091025129029	0.11160225771867172	7.817610239576778e-07
39.0	358.02491645663974	2.08e-05	0.111597349881289	0.11159973141185324	0.1116014168084174	1.0742271276535154e-06
39.0	358.02491645663974	2.12e-05	0.11159530785574834	0.11159844843024472	0.11160053200629783	1.4367922058826288e-06
39.0	358.02491645663974	2.16e-05	0.11159301970954694	0.11159684191225465	0.11159931925366351	1.8121656033351149e-06
39.0	358.02491645663974	2.2e-05	0.1115904303022095	0.11159495710463745	0.11159823516016054	2.301930561482331e-06
39.0	358.02491645663974	2.2400000000000002e-05	0.11158751529933841	0.111592386452713	0.11159644943689351	2.823766925819178e-06
39.0	358.02491645663974	2.28e-05	0.11158417310224866	0.11158876579197571	0.1115937598316501	3.3572518336388717e-06
39.0	358.02491645663974	2.32e-05	0.11158010617290604	0.11158055572681962	0.11158096836619169	2.0051635006459308e-07
39.0	358.02491645663974	2.36e-05	0.11156678867685432	0.11157227600933368	0.11157763233613505	3.576424522249254e-06
39.0	358.02491645663974	2.4e-05	0.11156423552571493	0.11156877534823731	0.11157453134221562	3.0372177038629134e-06
39.0	358.02491645663974	2.44e-05	0.11156261728817007	0.11156636846825219	0.11157177894640391	2.521169716308049e-06
39.0	358.02491645663974	2.48e-05	0.11156168717093617	0.11156467906703325	0.11156939929636511	2.0514428063345924e-06
39.0	358.02491645663974	2.5200000000000003e-05	0.11156070959487074	0.1115632859523847	0.11156736758070984	1.7040161795482955e-06
39.0	358.02491645663974	2.56e-05	0.11156002698637035	0.11156224766485834	0.11156562720003649	1.3792434193401698e-06
39.0	358.02491645663974	2.6e-05	0.11155942426999044	0.11156134648691741	0.11156412052394771	1.1172207198467284e-06
39.0	358.02491645663974	2.64e-05	0.11155891927844053	0.1115605788845315	0.11156279761152721	8.822361104749508e-07
39.0	358.02491645663974	2.68e-05	0.111558393545093	0.11155985589973817	0.11156161606121096	6.977652795677122e-07
39.0	358.02491645663974	2.72e-05	0.11155816644360517	0.11155920054275884	0.11156054062545806	5.210628140859285e-07
39.0	358.02491645663974	2.76e-05	0.11155774235367044	0.11155855310988062	0.11155954185643768	3.853762469614241e-07
39.0	358.02491645663974	2.8e-05	0.11155727217740008	0.11155791770411753	0.11155859453073624	2.7321248200682497e-07
39.0	358.02491645663974	2.8400000000000003e-05	0.11155679993590173	0.11155729574357778	0.11155767612517753	1.8105221598067358e-07
39.0	358.02491645663974	2.88e-05	0.111556350807823	0.11155668799297923	0.11155698636598199	1.4380584408409767e-07
39.0	358.02491645663974	2.92e-05	0.1115554976541997	0.11155607208189763	0.11155652802357618	2.0834047350808924e-07
39.0	358.02491645663974	2.96e-05	0.11155460411027729	0.11155545088496274	0.11155614173506301	3.3371545866205153e-07
39.0	358.02491645663974	2.9999999999999997e-05	0.11155364360388997	0.11155478822344732	0.11155564455551925	4.803719428742334e-07
39.0	358.02491645663974	3.04e-05	0.11155258473192387	0.1115540813730252	0.11155516067665605	6.680394479942114e-07
39.0	358.02491645663974	3.0799999999999996e-05	0.111551391119046	0.1115532194977264	0.11155450415974144	8.616437049469572e-07
39.0	358.02491645663974	3.12e-05	0.1115500246188148	0.11155222199079591	0.11155392645975493	1.111308832667125e-06
39.0	358.02491645663974	3.16e-05	0.11154845618869125	0.11155088712057146	0.1115529907427204	1.374232217248045e-06
39.0	358.02491645663974	3.2e-05	0.11154669029833997	0.11154903463659215	0.11155160461283398	1.6407358170893095e-06
39.0	358.02491645663974	3.2399999999999995e-05	0.11154447944834	0.11154491993675425	0.11154532666047334	2.0142184958637912e-07
39.0	358.02491645663974	3.2800000000000004e-05	0.11153781147558028	0.11154073578683234	0.11154365558702661	1.8596665010597765e-06
39.0	358.02491645663974	3.32e-05	0.11153656288451508	0.11153900430841943	0.11154211964142391	1.5868262040042934e-06
39.0	358.02491645663974	3.36e-05	0.11153579078662634	0.11153783408960581	0.11154077410749341	1.3290725783578974e-06
39.0	358.02491645663974	3.4e-05	0.11153536130106723	0.11153703270693172	0.1115396330492997	1.098557833893982e-06
39.0	358.02491645663974	3.4399999999999996e-05	0.11153491593094689	0.11153638485425808	0.1115386758965835	9.315503783198768e-07
39.0	358.02491645663974	3.4800000000000006e-05	0.11153462145787163	0.11153592336411479	0.11153787485002198	7.786573536764187e-07
39.0	358.02491645663974	3.52e-05	0.11153435876773354	0.11153553904226893	0.1115372019263079	6.562943942141502e-07
39.0	358.02491645663974	3.56e-05	0.11153415706889369	0.11153523051854318	0.111536632368618	5.495896912413013e-07
39.0	358.02491645663974	3.6e-05	0.1115339571031777	0.11153495014357592	0.11153614574127957	4.700751138596585e-07
39.0	358.02491645663974	3.64e-05	0.1115338910562853	0.11153471239396857	0.11153572574093928	3.9625793238870955e-07
39.0	358.02491645663974	3.68e-05	0.11153374324196719	0.11153448468494642	0.1115353595717874	3.448352586072502e-07
39.0	358.02491645663974	3.72e-05	0.11153358395560531	0.11153426952118675	0.1115350372599071	3.061391898287989e-07
39.0	358.02491645663974	3.76e-05	0.11153343370447466	0.11153406737582039	0.11153475104294674	2.750462485837907e-07
39.0	358.02491645663974	3.7999999999999995e-05	0.1115333032099004	0.1115338773846233	0.11153449486708134	2.4938344052584447e-07
39.0	358.02491645663974	3.8400000000000005e-05	0.11153319204232659	0.11153370438904595	0.11153426398484534	2.2760325288615877e-07
39.0	358.02491645663974	3.88e-05	0.1115330893727684	0.11153354266213616	0.1115340546369401	2.0927899799091102e-07
39.0	358.02491645663974	3.9200000000000004e-05	0.11153300243078856	0.11153339751540714	0.11153386379969987	1.9393328231857474e-07
39.0	358.02491645663974	3.96e-05	0.11153290987373676	0.11153326804334934	0.1115336889782963	1.7881319732059263e-07
39.0	358.02491645663974	3.9999999999999996e-05	0.11153281475850729	0.11153315192723158	0.11153352801825811	1.6757610687944755e-07
39.0	358.02491645663974	4.0400000000000006e-05	0.11153272900536138	0.11153304226851145	0.11153337889543646	1.5832528646020223e-07
39.0	358.02491645663974	4.08e-05	0.11153265799327006	0.11153294152637763	0.11153323947313698	1.5177102299989165e-07
39.0	358.02491645663974	4.12e-05	0.11153257950922679	0.11153284892348972	0.11153310764059121	1.466380309703669e-07
39.0	358.02491645663974	4.16e-05	0.11153250310897	0.11153276640193233	0.11153298955615654	1.4333208253906136e-07
39.0	358.02491645663974	4.2e-05	0.11153243590086515	0.11153271929570654	0.1115329109480987	1.378981085166266e-07
40.0	369.12418834440393	0.0	0.11384484702421904	0.11384787023093547	0.11384932273122317	9.850375752412732e-07
40.0	369.12418834440393	4e-07	0.1138428666482234	0.11384597207496071	0.11384748604706374	1.023712154531294e-06
40.0	369.12418834440393	8e-07	0.1138406866571593	0.11384409255057308	0.11384597852043044	1.1486115132590149e-06
40.0	369.12418834440393	1.2000000000000002e-06	0.1138382936675848	0.11384223629092809	0.11384512259774748	1.3895482768482042e-06
40.0	369.12418834440393	1.6e-06	0.11383565473743484	0.11384027957996706	0.11384352417806909	1.6830439540401538e-06
40.0	369.12418834440393	2e-06	0.11383271953533303	0.11383827188061822	0.11384208123066664	2.099521390396567e-06
40.0	369.12418834440393	2.4000000000000003e-06	0.11382942009732577	0.11383604229568271	0.11384046982811125	2.5894981630829764e-06
40.0	369.12418834440393	2.8000000000000003e-06	0.1138256717522852	0.11383358608261687	0.11383876012696703	3.22432502095374e-06
40.0	369.12418834440393	3.2e-06	0.11382137899580602	0.11383046418902401	0.11383642847082953	3.906283019557864e-06
40.0	369.12418834440393	3.6e-06	0.1138164327551694	0.11382678669808485	0.11383430080680057	4.831346869622289e-06
40.0	369.12418834440393	4e-06	0.11381080730822557	0.11382172448714252	0.11383075585122793	5.830590449199184e-06
40.0	369.12418834440393	4.4e-06	0.11380456790549598	0.113814552185446	0.11382537532769899	6.858584509058293e-06
40.0	369.12418834440393	4.800000000000001e-06	0.11379758446669452	0.11379814648781393	0.11379864987810251	2.46382560184207e-07
40.0	369.12418834440393	5.2e-06	0.113771481258925	0.11378172363468944	0.11379143395525393	6.971561292208167e-06
40.0	369.12418834440393	5.600000000000001e-06	0.1137662811297595	0.1137747062274193	0.11378527606531996	5.901032287591686e-06
40.0	369.12418834440393	6e-06	0.11376294396599018	0.11376984042128468	0.11377977373102421	4.8726250675540325e-06
40.0	369.12418834440393	6.4e-06	0.11376099340539625	0.11376638448771288	0.11377497925305491	3.928837009299715e-06
40.0	369.12418834440393	6.8e-06	0.11375893876381404	0.11376350868730875	0.11377084509790336	3.22438146081555e-06
40.0	369.12418834440393	7.2e-06	0.11375746026081313	0.1137613231243362	0.11376726570024598	2.557450242475807e-06
40.0	369.12418834440393	7.6e-06	0.11375618220696637	0.11375939314264291	0.1137641252567052	2.0188643463215887e-06
40.0	369.12418834440393	8e-06	0.11375506171733551	0.11375771204376113	0.11376132445149523	1.5275287688759235e-06
40.0	369.12418834440393	8.4e-06	0.11375387041478557	0.11375610837970136	0.11375877774045229	1.1320466854819297e-06
40.0	369.12418834440393	8.8e-06	0.11375331838752611	0.11375462193072411	0.11375641258916147	7.444577914690034e-07
40.0	369.12418834440393	9.2e-06	0.11375233852734468	0.11375313920203876	0.11375416668444238	4.29092368731676e-07
40.0	369.12418834440393	9.600000000000001e-06	0.11375125058833113	0.11375166751487265	0.113751984595865	1.5268304979058231e-07
40.0	369.12418834440393	9.999999999999999e-06	0.1137497732339936	0.11375021016597062	0.11375052776604555	1.8118196100685324e-07
40.0	369.12418834440393	1.04e-05	0.11374756515455253	0.11374877111896067	0.1137498158876511	5.067137430500439e-07
40.0	369.12418834440393	1.08e-05	0.11374526418500608	0.11374727364278187	0.1137486999174584	8.43260499593193e-07
40.0	369.12418834440393	1.1200000000000001e-05	0.11374281047106471	0.11374573792724585	0.11374772538824018	1.2456873373580869e-06
40.0	369.12418834440393	1.16e-05	0.1137401361795991	0.11374404532476527	0.11374653344919139	1.6791167700603039e-06
40.0	369.12418834440393	1.2e-05	0.11373716487271945	0.11374218840829532	0.11374526933155771	2.2130393807391548e-06
40.0	369.12418834440393	1.24e-05	0.11373381507982305	0.11373984025013191	0.11374357414996972	2.768318306740693e-06
40.0	369.12418834440393	1.28e-05	0.1137299997383332	0.1137370716786622	0.11374199209709168	3.496250072691241e-06
40.0	369.12418834440393	1.32e-05	0.1137256897805603	0.11373326975223434	0.11373936253999695	4.2749026459421705e-06
40.0	369.12418834440393	1.36e-05	0.11372093341319811	0.1137278872145661	0.11373536593705591	5.072706823982249e-06
40.0	369.12418834440393	1.4e-05	0.11371520672804447	0.11371559763874645	0.11371595602685769	1.6660567566523997e-07
40.0	369.12418834440393	1.44e-05	0.11369524860994584	0.11370324310482678	0.11371096818293491	5.283063064997579e-06
40.0	369.12418834440393	1.48e-05	0.1136913926962766	0.1136979826086618	0.11370631454386437	4.4784397319130435e-06
40.0	369.12418834440393	1.52e-05	0.11368892896265415	0.11369434550261831	0.1137021664481015	3.705553857621578e-06
40.0	369.12418834440393	1.56e-05	0.11368749764317077	0.11369177251548421	0.11369856185876337	2.9981490616192104e-06
40.0	369.12418834440393	1.6e-05	0.11368598907455407	0.11368963779668875	0.11369546434575639	2.4715134711860527e-06
40.0	369.12418834440393	1.6400000000000002e-05	0.11368491693666538	0.11368802552487753	0.11369279202623339	1.9756997199685266e-06
40.0	369.12418834440393	1.68e-05	0.11368397738119906	0.11368660978658594	0.11369045794998112	1.5750797298196327e-06
40.0	369.12418834440393	1.7199999999999998e-05	0.1136831690425204	0.11368538531376968	0.11368838715235707	1.2121014821457808e-06
40.0	369.12418834440393	1.76e-05	0.11368231673544926	0.11368422190381897	0.11368651539235941	9.223457291539733e-07
40.0	369.12418834440393	1.8e-05	0.11368192874150829	0.11368315099493032	0.11368478856617337	6.412858490861443e-07
40.0	369.12418834440393	1.84e-05	0.11368122922449775	0.1136820859244082	0.11368316062118478	4.183638471801591e-07
40.0	369.12418834440393	1.88e-05	0.1136804494302206	0.11368103241347219	0.11368159108628095	2.3171783278112858e-07
40.0	369.12418834440393	1.9200000000000003e-05	0.1136796574014296	0.11367999281745116	0.11368027248110568	1.378126487361271e-07
40.0	369.12418834440393	1.9600000000000002e-05	0.11367823068197147	0.11367896948669	0.11367968721942212	2.9009350304212504e-07
40.0	369.12418834440393	1.9999999999999998e-05	0.11367673831762648	0.11367791292921031	0.11367889041447032	5.100278988282357e-07
40.0	369.12418834440393	2.04e-05	0.11367512465562335	0.11367683463260177	0.11367817644794442	7.806788801206284e-07
40.0	369.12418834440393	2.08e-05	0.11367327589892628	0.11367565718100332	0.11367733969842586	1.0732159226438277e-06
40.0	369.12418834440393	2.12e-05	0.11367123579120975	0.1136743755632306	0.1136764563252326	1.4355451795793629e-06
40.0	369.12418834440393	2.16e-05	0.11366894983516573	0.11367277068670627	0.11367524430856157	1.810665701959323e-06
40.0	369.12418834440393	2.2e-05	0.1136663628853185	0.11367088774239037	0.11367416174016665	2.3000579535297417e-06
40.0	369.12418834440393	2.2400000000000002e-05	0.11366345082684415	0.11366831949610552	0.11367237765816185	2.821376000909563e-06
40.0	369.12418834440393	2.28e-05	0.11366011740568371	0.11366470216639567	0.11366969018822548	3.3542033965920083e-06
40.0	369.12418834440393	2.32e-05	0.11365605424817193	0.1136565002626739	0.11365691093571328	1.9894673048680224e-07
40.0	369.12418834440393	2.36e-05	0.11364275449645778	0.11364823077380636	0.11365357867850978	3.5715721000206526e-06
40.0	369.12418834440393	2.4e-05	0.11364020481059	0.11364473472671623	0.11365048132905908	3.0328701352183757e-06
40.0	369.12418834440393	2.44e-05	0.11363858855286502	0.11364233099657661	0.11364773227522651	2.5174202230967706e-06
40.0	369.12418834440393	2.48e-05	0.11363765903688883	0.1136406437211056	0.11364535559187594	2.048334748403851e-06
40.0	369.12418834440393	2.5200000000000003e-05	0.11363668296330776	0.11363925231406558	0.11364332645356168	1.7014023265141809e-06
40.0	369.12418834440393	2.56e-05	0.11363600048876155	0.11363821524981046	0.11364158832643145	1.3770788470387532e-06
40.0	369.12418834440393	2.6e-05	0.11363539940003342	0.11363731499796073	0.11364008363102673	1.1155967806995428e-06
40.0	369.12418834440393	2.64e-05	0.11363489462645937	0.11363654832960161	0.11363876248418858	8.808927094514185e-07
40.0	369.12418834440393	2.68e-05	0.11363436901179913	0.11363582628327613	0.11363758253651213	6.966137581711523e-07
40.0	369.12418834440393	2.72e-05	0.11363414184222798	0.11363517181247351	0.11363650858562035	5.200649754780436e-07
40.0	369.12418834440393	2.76e-05	0.11363371810494094	0.11363452528183031	0.11363551122255977	3.844456820146992e-07
40.0	369.12418834440393	2.8e-05	0.11363324906336203	0.11363389081659399	0.11363456525802906	2.722022572072438e-07
40.0	369.12418834440393	2.8400000000000003e-05	0.11363277763637214	0.11363326983170627	0.11363364820005462	1.7970677616163024e-07
40.0	369.12418834440393	2.88e-05	0.11363232935176182	0.11363266306087427	0.11363295998084233	1.420654798313648e-07
40.0	369.12418834440393	2.92e-05	0.11363147758611358	0.11363204818226633	0.11363250279154435	2.0687718076026427e-07
40.0	369.12418834440393	2.96e-05	0.11363058553492689	0.1136314280861814	0.11363211355118619	3.3243491273456e-07
40.0	369.12418834440393	2.9999999999999997e-05	0.11362962666479692	0.11363076676734789	0.11363162037706687	4.793164569025319e-07
40.0	369.12418834440393	3.04e-05	0.11362856962185486	0.11363006121415306	0.1136311378247914	6.668521603047348e-07
40.0	369.12418834440393	3.0799999999999996e-05	0.11362737809365697	0.11362920086206894	0.11363048200584114	8.602788020180025e-07
40.0	369.12418834440393	3.12e-05	0.11362601400934569	0.11362820505998597	0.11362990570167497	1.1096562764992069e-06
40.0	369.12418834440393	3.16e-05	0.11362444840128738	0.11362687234503022	0.11362897146918716	1.3721527886776067e-06
40.0	369.12418834440393	3.2e-05	0.1136226857722562	0.11362502279246428	0.11362758723481914	1.6380989380868408e-06
40.0	369.12418834440393	3.2399999999999995e-05	0.11362047850942503	0.11362091516725548	0.11362131966218314	1.9970812611027647e-07
40.0	369.12418834440393	3.2800000000000004e-05	0.11361382617674565	0.11361674010852822	0.11361965190063561	1.8551633066760264e-06
40.0	369.12418834440393	3.32e-05	0.1136125805780015	0.11361501268292906	0.11361811913513531	1.5827589862553175e-06
40.0	369.12418834440393	3.36e-05	0.11361181015159527	0.11361384519300163	0.11361677649529245	1.3255214957885741e-06
40.0	369.12418834440393	3.4e-05	0.11361138112110769	0.11361304561261662	0.11361563787340057	1.0955532988070769e-06
40.0	369.12418834440393	3.4399999999999996e-05	0.11361093699731395	0.1136123991816813	0.11361468290120413	9.289619197161764e-07
40.0	369.12418834440393	3.4800000000000006e-05	0.11361064254788555	0.1136119386672166	0.11361388372324122	7.764393538068728e-07
40.0	369.12418834440393	3.52e-05	0.11361038123282086	0.11361155503524165	0.1136132124062863	6.545256218082746e-07
40.0	369.12418834440393	3.56e-05	0.11361017963119746	0.11361124720279336	0.11361264424296635	5.480380864936107e-07
40.0	369.12418834440393	3.6e-05	0.11360997965270947	0.11361096751560462	0.11361215884114717	4.68666886909987e-07
40.0	369.12418834440393	3.64e-05	0.113609913449495	0.11361073039188206	0.11361173993365803	3.949744014417119e-07
40.0	369.12418834440393	3.68e-05	0.11360976582975457	0.11361050331231695	0.11361137475379213	3.436360267853937e-07
40.0	369.12418834440393	3.72e-05	0.11360960743474369	0.11361028880223166	0.11361105335057786	3.049681874281433e-07
40.0	369.12418834440393	3.76e-05	0.11360945783878851	0.11361008733203701	0.11361076797946623	2.7385597126516736e-07
40.0	369.12418834440393	3.7999999999999995e-05	0.11360932809692681	0.11360989800982912	0.11361051260018051	2.481683701963748e-07
40.0	369.12418834440393	3.8400000000000005e-05	0.11360921755864517	0.11360972569024919	0.11361028247523475	2.2634735352549206e-07
40.0	369.12418834440393	3.88e-05	0.11360911529726447	0.11360956467439871	0.11361007385221988	2.0795841983842934e-07
40.0	369.12418834440393	3.9200000000000004e-05	0.11360902922146732	0.11360942038536234	0.11360988371164638	1.9246612681029512e-07
40.0	369.12418834440393	3.96e-05	0.11360893699218622	0.11360929164488777	0.11360970956044891	1.7722838182236498e-07
40.0	369.12418834440393	3.9999999999999996e-05	0.11360884262764248	0.11360917625976898	0.11360954924402566	1.6586044975169808e-07
40.0	369.12418834440393	4.0400000000000006e-05	0.1136087576653555	0.11360906730977327	0.11360940073752346	1.5650068915424797e-07
40.0	369.12418834440393	4.08e-05	0.11360868725756834	0.11360896722401023	0.11360926190729437	1.4985744856972177e-07
40.0	369.12418834440393	4.12e-05	0.11360860949225327	0.11360887521422817	0.11360913066253531	1.4465054177970806e-07
40.0	369.12418834440393	4.16e-05	0.1136085338562225	0.11360879320941598	0.11360901302296433	1.4128416342078997e-07
40.0	369.12418834440393	4.2e-05	0.11360846747540787	0.11360874659812802	0.11360893548723716	1.358398175918077e-07
41.0	380.2234602321681	0.0	0.11597552052014937	0.11597854433403956	0.11597999809485504	9.853663588171673e-07
41.0	380.2234602321681	4e-07	0.11597354016180894	0.11597664621634844	0.11597816197959698	1.0240185462727088e-06
41.0	380.2234602321681	8e-07	0.11597136023536425	0.11597476680043715	0.11597665486625974	1.1488589097301016e-06
41.0	380.2234602321681	1.2000000000000002e-06	0.11596896735709539	0.11597291068338648	0.11597579943059433	1.3896978298513571e-06
41.0	380.2234602321681	1.6e-06	0.11596632858712219	0.11597095417846984	0.11597420182186191	1.6831197985637996e-06
41.0	380.2234602321681	2e-06	0.11596339359858909	0.11596894676005101	0.11597275952848118	2.099527496233483e-06
41.0	380.2234602321681	2.4000000000000003e-06	0.11596009443543753	0.11596671767048898	0.1159711475113312	2.5896623483500653e-06
41.0	380.2234602321681	2.8000000000000003e-06	0.11595634643957542	0.11596426185773313	0.11596943879993393	3.2244506163418674e-06
41.0	380.2234602321681	3.2e-06	0.11595205379090245	0.11596114040646581	0.11596710722969839	3.906386723921516e-06
41.0	380.2234602321681	3.6e-06	0.1159471081383483	0.11595746337363178	0.11596498043274828	4.8313966013010405e-06
41.0	380.2234602321681	4e-06	0.11594148344619093	0.11595240165790392	0.11596143601334763	5.830483468320845e-06
41.0	380.2234602321681	4.4e-06	0.11593524499710028	0.11594522999643037	0.11595605593886926	6.858204315994874e-06
41.0	380.2234602321681	4.800000000000001e-06	0.11592826045612181	0.11592882633504592	0.11592933330232835	2.482389547286407e-07
41.0	380.2234602321681	5.2e-06	0.11590217192232188	0.11591240751347573	0.1159221136855697	6.969507575521194e-06
41.0	380.2234602321681	5.600000000000001e-06	0.11589697333644278	0.11590539209347804	0.11591595711173053	5.899097009583354e-06
41.0	380.2234602321681	6e-06	0.11589363694723609	0.1159005276341867	0.11591045605723593	4.870917346451679e-06
41.0	380.2234602321681	6.4e-06	0.11589168630645741	0.11589707256695185	0.11590566276832082	3.927438109113975e-06
41.0	380.2234602321681	6.8e-06	0.11588963243451111	0.11589419743989479	0.11590152957272082	3.223233165393302e-06
41.0	380.2234602321681	7.2e-06	0.11588815358218607	0.11589201233403695	0.11589795115240165	2.5565350480587837e-06
41.0	380.2234602321681	7.6e-06	0.11588687668662256	0.11589008261821329	0.1158948115936127	2.018334304859355e-06
41.0	380.2234602321681	8e-06	0.11588575605026108	0.1158884018976949	0.11589201160187734	1.5271465758613275e-06
41.0	380.2234602321681	8.4e-06	0.11588456450080109	0.11588679865398392	0.11588946565457192	1.1317680735601853e-06
41.0	380.2234602321681	8.8e-06	0.11588401223844791	0.11588531262912408	0.11588710123745471	7.4427762462769e-07
41.0	380.2234602321681	9.2e-06	0.1158830324223814	0.1158838303502854	0.1158848560558905	4.2895903686063804e-07
41.0	380.2234602321681	9.600000000000001e-06	0.11588194520250195	0.11588235916553961	0.11588267469683444	1.5229404503309456e-07
41.0	380.2234602321681	9.999999999999999e-06	0.11588046421920417	0.11588090237009246	0.11588121770777082	1.8053634589906243e-07
41.0	380.2234602321681	1.04e-05	0.11587825693784648	0.11587946389625922	0.11588050738300737	5.062359291465651e-07
41.0	380.2234602321681	1.08e-05	0.1158759568263843	0.11587796705416271	0.11587939239553968	8.427317622061928e-07
41.0	380.2234602321681	1.1200000000000001e-05	0.11587350405331254	0.11587643205027814	0.11587841858492087	1.2450600409413825e-06
41.0	380.2234602321681	1.16e-05	0.11587083081369087	0.11587474040056503	0.11587723052378163	1.678595006144449e-06
41.0	380.2234602321681	1.2e-05	0.11586786070521082	0.11587288438237997	0.11587596767236086	2.2123705962964626e-06
41.0	380.2234602321681	1.24e-05	0.11586451230143258	0.1158705372920656	0.11587427299840058	2.767499256791528e-06
41.0	380.2234602321681	1.28e-05	0.11586069848090119	0.1158677699214201	0.11587269219580865	3.4952040875384852e-06
41.0	380.2234602321681	1.32e-05	0.11585639046262841	0.11586396951526831	0.11587006385466125	4.2735073330474974e-06
41.0	380.2234602321681	1.36e-05	0.11585163634962914	0.11585858907507622	0.11586606876874228	5.070839021483134e-06
41.0	380.2234602321681	1.4e-05	0.11584591727236226	0.11584630486471713	0.11584666153022027	1.6539580269473058e-07
41.0	380.2234602321681	1.44e-05	0.11582597221403557	0.11583395769352275	0.11584167631876685	5.2795039102288006e-06
41.0	380.2234602321681	1.48e-05	0.11582211885647009	0.11582870059899676	0.11583702526953576	4.475218678353034e-06
41.0	380.2234602321681	1.52e-05	0.1158196565531151	0.11582506581789412	0.11583287958611965	3.702765056821502e-06
41.0	380.2234602321681	1.56e-05	0.11581822555382537	0.11582249439116145	0.11582927716732261	2.995848177623083e-06
41.0	380.2234602321681	1.6e-05	0.1158167181465819	0.11582036092281363	0.11582618155975766	2.469594143056201e-06
41.0	380.2234602321681	1.6400000000000002e-05	0.1158156459691142	0.11581874954438556	0.11582351093200405	1.974130270002128e-06
41.0	380.2234602321681	1.68e-05	0.11581470779485326	0.11581733445652224	0.11582117836101435	1.5739761370964167e-06
41.0	380.2234602321681	1.7199999999999998e-05	0.11581389954298427	0.11581611069008485	0.11581910892335667	1.2112163533142203e-06
41.0	380.2234602321681	1.76e-05	0.11581304723539887	0.11581494800951425	0.11581723841643399	9.216077609863734e-07
41.0	380.2234602321681	1.8e-05	0.11581265912146321	0.1158138778053765	0.11581551277059798	6.406602912977034e-07
41.0	380.2234602321681	1.84e-05	0.11581195984367287	0.11581281346143535	0.11581388596346276	4.177519653641264e-07
41.0	380.2234602321681	1.88e-05	0.11581118096435183	0.11581176072315036	0.11581231755131594	2.3084345241372353e-07
41.0	380.2234602321681	1.9200000000000003e-05	0.11581038968514168	0.11581072194338865	0.11581099917049364	1.362627483059797e-07
41.0	380.2234602321681	1.9600000000000002e-05	0.11580896415390907	0.11580969944124433	0.1158104156567834	2.890906965930242e-07
41.0	380.2234602321681	1.9999999999999998e-05	0.1158074730117642	0.11580864377496598	0.11580961987194272	5.091474191583838e-07
41.0	380.2234602321681	2.04e-05	0.11580585608854843	0.11580756644634488	0.11580890295439072	7.797389027400913e-07
41.0	380.2234602321681	2.08e-05	0.1158040088030301	0.11580639021390732	0.1158080700511448	1.072364808428997e-06
41.0	380.2234602321681	2.12e-05	0.11580197034590878	0.11580510978186005	0.11580718789670552	1.4344986869002998e-06
41.0	380.2234602321681	2.16e-05	0.11579968627445325	0.11580350632448147	0.11580597650182956	1.8094071761314415e-06
41.0	380.2234602321681	2.2e-05	0.11579710143157129	0.11580162498831229	0.11580489524635862	2.2984856629658005e-06
41.0	380.2234602321681	2.2400000000000002e-05	0.11579419191317708	0.11579905881051172	0.11580311256765974	2.819364041599714e-06
41.0	380.2234602321681	2.28e-05	0.11579086682243211	0.11579544433506299	0.11580042693380665	3.3516307384690133e-06
41.0	380.2234602321681	2.32e-05	0.11578680700715349	0.11578724943884801	0.11578765812533476	1.9737974992076457e-07
41.0	380.2234602321681	2.36e-05	0.11577352275389696	0.11577898891350379	0.11578432914909964	3.567263679922569e-06
41.0	380.2234602321681	2.4e-05	0.11577097606140185	0.11577549691174575	0.11578123497769699	3.0290081781396503e-06
41.0	380.2234602321681	2.44e-05	0.11576936151595696	0.11577309593741235	0.11577848884403696	2.514085106583204e-06
41.0	380.2234602321681	2.48e-05	0.11576843251182023	0.11577141051783764	0.11577611475621996	2.0455619610571785e-06
41.0	380.2234602321681	2.5200000000000003e-05	0.11576745773575858	0.11577002059990271	0.1157740878768374	1.699061423164559e-06
41.0	380.2234602321681	2.56e-05	0.11576677537106494	0.11576898459630333	0.11577235172256639	1.375130189082099e-06
41.0	380.2234602321681	2.6e-05	0.1157661756920465	0.1157680851350988	0.11577084876035837	1.1141308732704558e-06
41.0	380.2234602321681	2.64e-05	0.1157656711002808	0.11576731927415194	0.11576952915738481	8.796672116532463e-07
41.0	380.2234602321681	2.68e-05	0.11576514558346762	0.11576659804256305	0.11576835060983459	6.955478133429677e-07
41.0	380.2234602321681	2.72e-05	0.11576491832865887	0.1157659443400185	0.11576727795489017	5.19123591105919e-07
41.0	380.2234602321681	2.76e-05	0.11576449488358076	0.11576529859147143	0.11576628181765702	3.835503528480424e-07
41.0	380.2234602321681	2.8e-05	0.11576402682708231	0.11576466494426954	0.11576533703872016	2.712137959555866e-07
41.0	380.2234602321681	2.8400000000000003e-05	0.11576355610437794	0.11576404481061225	0.11576442115342989	1.783805801945206e-07
41.0	380.2234602321681	2.88e-05	0.11576310853212313	0.11576343889442244	0.11576373439269183	1.4036816390410967e-07
41.0	380.2234602321681	2.92e-05	0.11576225798034923	0.11576282491547008	0.11576327818255372	2.0549361158970253e-07
41.0	380.2234602321681	2.96e-05	0.11576136723584618	0.11576220578194031	0.11576288620010722	3.312610255843399e-07
41.0	380.2234602321681	2.9999999999999997e-05	0.11576040979871127	0.11576154564514897	0.11576239668804078	4.783752250424173e-07
41.0	380.2234602321681	3.04e-05	0.11575935435772688	0.11576084122546434	0.11576191526638446	6.658100689269969e-07
41.0	380.2234602321681	3.0799999999999996e-05	0.11575816465510425	0.11575998220067484	0.11576126004446863	8.590896341759232e-07
41.0	380.2234602321681	3.12e-05	0.11575680268600408	0.11575898788489868	0.11576068494799596	1.1082248257150322e-06
41.0	380.2234602321681	3.16e-05	0.11575523954879863	0.11575765704731679	0.11575975199973598	1.3703574549937216e-06
41.0	380.2234602321681	3.2e-05	0.11575347977657469	0.11575581004350954	0.11575836942206053	1.6358264845325993e-06
41.0	380.2234602321681	3.2399999999999995e-05	0.11575127573061739	0.11575170857490534	0.11575211086366899	1.9802063819936025e-07
41.0	380.2234602321681	3.2800000000000004e-05	0.11574463714904581	0.11574754155066473	0.11575044601481466	1.8511334596335121e-06
41.0	380.2234602321681	3.32e-05	0.11574339415306767	0.11574581770699363	0.1157489160537466	1.5791200971631445e-06
41.0	380.2234602321681	3.36e-05	0.11574262518674328	0.1157446526268357	0.11574757597179275	1.3223410168629296e-06
41.0	380.2234602321681	3.4e-05	0.1157421965541765	0.11574385463865094	0.11574643950619024	1.0928543713841798e-06
41.0	380.2234602321681	3.4399999999999996e-05	0.11574175351725469	0.11574320946541271	0.11574548646705907	9.266276546039603e-07
41.0	380.2234602321681	3.4800000000000006e-05	0.11574145909831302	0.11574274981223183	0.11574468894710588	7.744296583915479e-07
41.0	380.2234602321681	3.52e-05	0.11574119897233359	0.11574236678294637	0.11574401905680798	6.529167321735519e-07
41.0	380.2234602321681	3.56e-05	0.11574099745712108	0.11574205956056266	0.1157434521322358	5.466166553526655e-07
41.0	380.2234602321681	3.6e-05	0.11574079747862243	0.11574178048305356	0.11574296781964666	4.673661068512985e-07
41.0	380.2234602321681	3.64e-05	0.11574073112126726	0.1157415439136315	0.11574254988384158	3.937785647083436e-07
41.0	380.2234602321681	3.68e-05	0.11574058366444628	0.11574131739093588	0.1157421855838745	3.425114549305905e-07
41.0	380.2234602321681	3.72e-05	0.11574042605155377	0.1157411034612833	0.11574186498913441	3.0386374399132135e-07
41.0	380.2234602321681	3.76e-05	0.11574027703460121	0.11574090259261381	0.11574158037092364	2.7272770470637335e-07
41.0	380.2234602321681	3.7999999999999995e-05	0.11574014796053955	0.11574071386579021	0.11574132570109086	2.4701249799749505e-07
41.0	380.2234602321681	3.8400000000000005e-05	0.11574003796720955	0.11574054214757942	0.11574109625115536	2.2515017583594672e-07
41.0	380.2234602321681	3.88e-05	0.11573993608698618	0.11574038176677678	0.11574088827502482	2.0669685598749808e-07
41.0	380.2234602321681	3.9200000000000004e-05	0.1157398506966576	0.11574023824754225	0.11574069875716031	1.9106294852188886e-07
41.0	380.2234602321681	3.96e-05	0.11573975882524756	0.11574011016174018	0.11574052520637679	1.7571024449764315e-07
41.0	380.2234602321681	3.9999999999999996e-05	0.11573966506456212	0.11573999543115755	0.11574036546832467	1.6421599893805462e-07
41.0	380.2234602321681	4.0400000000000006e-05	0.11573958076638302	0.11573988711899416	0.11574021751800867	1.5474898136471663e-07
41.0	380.2234602321681	4.08e-05	0.11573951106174274	0.11573978762888593	0.11574007922512308	1.4801712947505463e-07
41.0	380.2234602321681	4.12e-05	0.1157394339602913	0.11573969616284047	0.11573994851751213	1.4273643031225037e-07
41.0	380.2234602321681	4.16e-05	0.11573935904089527	0.11573961464091141	0.11573983127726883	1.393115702887217e-07
41.0	380.2234602321681	4.2e-05	0.11573929345414147	0.1157395684690105	0.11573975473245746	1.3386117823441057e-07
42.0	391.3227321199323	0.0	0.11816054195065995	0.11816356649443235	0.11816502160738107	9.857454762859538e-07
42.0	391.3227321199323	4e-07	0.11815856160781735	0.1181616684123438	0.11816318604883591	1.024375682274929e-06
42.0	391.3227321199323	8e-07	0.11815638173807308	0.11815978909723933	0.11816167931334753	1.1491580389050727e-06
42.0	391.3227321199323	1.2000000000000002e-06	0.11815398895739815	0.11815793311150324	0.11816082433049946	1.3899008387845635e-06
42.0	391.3227321199323	1.6e-06	0.11815135032770918	0.11815597679449706	0.11815922744743279	1.6832482891894757e-06
42.0	391.3227321199323	2e-06	0.11814841552598843	0.11815396963394058	0.11815778574019653	2.099586992565324e-06
42.0	391.3227321199323	2.4000000000000003e-06	0.1181451166030012	0.11815174100217049	0.11815617318902127	2.5898684307159923e-06
42.0	391.3227321199323	2.8000000000000003e-06	0.11814136891213423	0.1181492855537108	0.11815446536446483	3.2246193328158565e-06
42.0	391.3227321199323	3.2e-06	0.11813707632673154	0.11814616450018413	0.1181521338899314	3.906534666407064e-06
42.0	391.3227321199323	3.6e-06	0.1181321311915875	0.11814248787795452	0.1181500078762463	4.83149724502636e-06
42.0	391.3227321199323	4e-06	0.11812650716668216	0.11813742660175772	0.11814646395480555	5.830449526101928e-06
42.0	391.3227321199323	4.4e-06	0.1181202695656074	0.11813025549850406	0.11814108431861303	6.857935308342399e-06
42.0	391.3227321199323	4.800000000000001e-06	0.11811328391325482	0.11811385361364667	0.11811436411309462	2.500907441551806e-07
42.0	391.3227321199323	5.2e-06	0.1180872093393388	0.11809743846189238	0.11810714063239924	6.967604704801005e-06
42.0	391.3227321199323	5.600000000000001e-06	0.11808201210783853	0.11809042484240968	0.11810098524325596	5.897310618447562e-06
42.0	391.3227321199323	6e-06	0.11807867640168279	0.11808556159741772	0.11809548534302028	4.869341995835679e-06
42.0	391.3227321199323	6.4e-06	0.11807672568832661	0.11808210730852058	0.1180906931268435	3.9261426146046614e-06
42.0	391.3227321199323	6.8e-06	0.11807467248971637	0.11807923278524374	0.11808656079190971	3.2221627287912242e-06
42.0	391.3227321199323	7.2e-06	0.11807319333080724	0.11807704808357676	0.11808298325108346	2.555674285193391e-06
42.0	391.3227321199323	7.6e-06	0.11807191744928414	0.11807511859172072	0.11807984448588282	2.017827391512548e-06
42.0	391.3227321199323	8e-06	0.1180707966813408	0.11807343820131837	0.11807704522097406	1.5267708522125511e-06
42.0	391.3227321199323	8.4e-06	0.11806960491398844	0.11807183532710003	0.11807449995312602	1.1314811797125054e-06
42.0	391.3227321199323	8.8e-06	0.11806905242227472	0.1180703496729837	0.11807213618621848	7.440761994570778e-07
42.0	391.3227321199323	9.2e-06	0.11806807263394958	0.11806886778681296	0.11806989164220916	4.2879484066621216e-07
42.0	391.3227321199323	9.600000000000001e-06	0.11806698604322641	0.11806739704286826	0.1180677109235111	1.5187981145967574e-07
42.0	391.3227321199323	9.999999999999999e-06	0.11806550122892379	0.11806594073501624	0.11806625388163372	1.799608405593739e-07
42.0	391.3227321199323	1.04e-05	0.11806329464342369	0.1180645027654366	0.11806554499975164	5.05838325714596e-07
42.0	391.3227321199323	1.08e-05	0.11806099527756775	0.11806300647906764	0.11806443120243859	8.422940233474394e-07
42.0	391.3227321199323	1.1200000000000001e-05	0.11805854331960042	0.11806147210155056	0.11806345805526952	1.244540269232069e-06
42.0	391.3227321199323	1.16e-05	0.11805587098902492	0.11805978129706557	0.11806227355621957	1.6781843169639611e-06
42.0	391.3227321199323	1.2e-05	0.11805290191451867	0.11805792606498727	0.11806101181648376	2.211835268685395e-06
42.0	391.3227321199323	1.24e-05	0.11804955470843481	0.11805557990177618	0.1180593175905198	2.766836341812593e-06
42.0	391.3227321199323	1.28e-05	0.11804574218787334	0.11805281357164465	0.11805773789016438	3.4943496837500935e-06
42.0	391.3227321199323	1.32e-05	0.1180414358475046	0.11804901447594449	0.11805511061873997	4.27235652005125e-06
42.0	391.3227321199323	1.36e-05	0.11803668369105758	0.1180436358341405	0.11805111687466763	5.069285524488338e-06
42.0	391.3227321199323	1.4e-05	0.11803097204271129	0.11803135623360424	0.11803171111263122	1.6416875213893373e-07
42.0	391.3227321199323	1.44e-05	0.11801103844366789	0.11801901555727674	0.11802672820068327	5.276313982178417e-06
42.0	391.3227321199323	1.48e-05	0.1180071872972217	0.11801376146184622	0.11802207942101894	4.472332263589376e-06
42.0	391.3227321199323	1.52e-05	0.11800472623250347	0.11801012872473922	0.11801793585629028	3.7002629290467046e-06
42.0	391.3227321199323	1.56e-05	0.11800329550171984	0.11800755866624289	0.11801433534606964	2.993776417966082e-06
42.0	391.3227321199323	1.6e-05	0.11800178909950532	0.11800542629306712	0.11801124141797015	2.4678570526130576e-06
42.0	391.3227321199323	1.6400000000000002e-05	0.1180007168815882	0.11800381569126395	0.11800857227772887	1.9726996661624834e-06
42.0	391.3227321199323	1.68e-05	0.11799977990545152	0.11800240115688414	0.11800624102870039	1.572963814040389e-06
42.0	391.3227321199323	1.7199999999999998e-05	0.11799897172094287	0.11800117800083533	0.11800417278349506	1.210391970515462e-06
42.0	391.3227321199323	1.76e-05	0.11799811940791649	0.11800001595361757	0.11800230337322049	9.209051677523106e-07
42.0	391.3227321199323	1.8e-05	0.11799773116386447	0.11799894635982214	0.11800057875824255	6.400470375303899e-07
42.0	391.3227321199323	1.84e-05	0.11799703207951762	0.11799788264457847	0.11799895294271412	4.1713553975066257e-07
42.0	391.3227321199323	1.88e-05	0.1179962539904249	0.11799683057753475	0.11799738550692584	2.299575413929641e-07
42.0	391.3227321199323	1.9200000000000003e-05	0.11799546336182765	0.1179957925094208	0.11799606737736923	1.3473740822820684e-07
42.0	391.3227321199323	1.9600000000000002e-05	0.1179940388225722	0.11799477072901222	0.11799548546899441	2.881660848284509e-07
42.0	391.3227321199323	1.9999999999999998e-05	0.11799254874655052	0.11799371583739582	0.11799469054617617	5.083649544577618e-07
42.0	391.3227321199323	2.04e-05	0.1179909283496352	0.11799263935312095	0.11799397089278951	7.789215244733906e-07
42.0	391.3227321199323	2.08e-05	0.11798908233420757	0.11799146419098831	0.11799314150467843	1.07164615255518e-06
42.0	391.3227321199323	2.12e-05	0.11798704530115955	0.11799018479017108	0.11799226038374755	1.4336166740263216e-06
42.0	391.3227321199323	2.16e-05	0.11798476285561854	0.11798858256169154	0.11799104951288708	1.80834546396731e-06
42.0	391.3227321199323	2.2e-05	0.11798217982713055	0.11798670261778325	0.11798996938798467	2.2971583298195884e-06
42.0	391.3227321199323	2.2400000000000002e-05	0.11797927250664042	0.11798413822673687	0.11798818791151966	2.817662659814005e-06
42.0	391.3227321199323	2.28e-05	0.11797595537581085	0.11798052621023743	0.1179855038631743	3.349451179696139e-06
42.0	391.3227321199323	2.32e-05	0.11797189855016388	0.11797233735639158	0.11797274402020452	1.9580857149515318e-07
42.0	391.3227321199323	2.36e-05	0.1179586278349829	0.1179640846974831	0.11796941790472548	3.563431346897927e-06
42.0	391.3227321199323	2.4e-05	0.11795608372923994	0.11796059624517315	0.1179663265116222	3.0255725436513805e-06
42.0	391.3227321199323	2.44e-05	0.11795447066624032	0.11795819768508772	0.11796358293587073	2.511114094166712e-06
42.0	391.3227321199323	2.48e-05	0.11795354209869302	0.11795651388972699	0.11796121112455982	2.0430837183683217e-06
42.0	391.3227321199323	2.5200000000000003e-05	0.11795256844630408	0.11795512527530033	0.11795918623554602	1.6969594797701796e-06
42.0	391.3227321199323	2.56e-05	0.11795188617611263	0.11795409019630333	0.11795745181333572	1.3733694326296963e-06
42.0	391.3227321199323	2.6e-05	0.11795128771467844	0.1179531914152795	0.11795595037228335	1.1127987932488705e-06
42.0	391.3227321199323	2.64e-05	0.11795078327469533	0.11795242625555648	0.1179546321234195	8.785408269572522e-07
42.0	391.3227321199323	2.68e-05	0.1179502578439191	0.1179517057342496	0.11795345480281227	6.94553171259406e-07
42.0	391.3227321199323	2.72e-05	0.11795003049250052	0.1179510527001805	0.11795238328229107	5.182282406420158e-07
42.0	391.3227321199323	2.76e-05	0.11794960728849535	0.11795040763126119	0.11795138821682549	3.8268321508890145e-07
42.0	391.3227321199323	2.8e-05	0.11794914002739887	0.11794977469723611	0.11795044447323022	2.702425181528482e-07
42.0	391.3227321199323	2.8400000000000003e-05	0.11794866996792841	0.11794915530787106	0.11794952961083993	1.7707030538993318e-07
42.0	391.3227321199323	2.88e-05	0.11794822301117769	0.11794855013806903	0.11794884422212881	1.3870922379972718e-07
42.0	391.3227321199323	2.92e-05	0.11794737352384921	0.11794793694380043	0.11794838883721326	2.0418175360574783e-07
42.0	391.3227321199323	2.96e-05	0.1179464839263984	0.11794731865259146	0.117947994362261	3.301817537127276e-07
42.0	391.3227321199323	2.9999999999999997e-05	0.11794552774803346	0.11794665955529994	0.11794750815382748	4.775303345784813e-07
42.0	391.3227321199323	3.04e-05	0.11794447371464134	0.1179459561263541	0.1179470276902519	6.648893916377681e-07
42.0	391.3227321199323	3.0799999999999996e-05	0.11794328561607603	0.1179450982595599	0.11794637297767174	8.58046548395107e-07
42.0	391.3227321199323	3.12e-05	0.11794192550522808	0.11794410524272446	0.11794579892611168	1.1069770529914056e-06
42.0	391.3227321199323	3.16e-05	0.11794036453845269	0.11794277604641928	0.1179448670895491	1.3687986239314452e-06
42.0	391.3227321199323	3.2e-05	0.11793860727591987	0.11794093126906625	0.11794348596341298	1.633858922436477e-06
42.0	391.3227321199323	3.2399999999999995e-05	0.11793640613069822	0.11793683517958996	0.11793723526127309	1.963501850558269e-07
42.0	391.3227321199323	3.2800000000000004e-05	0.11792977963568241	0.11793267525860666	0.11793557297896218	1.8475233727535414e-06
42.0	391.3227321199323	3.32e-05	0.11792853890362309	0.11793095458064594	0.11793404549525732	1.5758610444046727e-06
42.0	391.3227321199323	3.36e-05	0.11792777121308706	0.1179297916297877	0.11793270767762554	1.3194887314192524e-06
42.0	391.3227321199323	3.4e-05	0.11792734292779805	0.11792899505023952	0.11793157313302416	1.0904257467010623e-06
42.0	391.3227321199323	3.4399999999999996e-05	0.11792690084048374	0.11792835099243884	0.11793062181068859	9.245175105131728e-07
42.0	391.3227321199323	3.4800000000000006e-05	0.11792660645834463	0.11792789210253224	0.11792982576472433	7.726027324644115e-07
42.0	391.3227321199323	3.52e-05	0.11792634735960306	0.11792750960375548	0.11792915714373908	6.514450857988345e-07
42.0	391.3227321199323	3.56e-05	0.1179261459207499	0.11792720292155111	0.11792859132193367	5.453065802361758e-07
42.0	391.3227321199323	3.6e-05	0.11792594595549843	0.11792692438611163	0.11792810797937836	4.6615685501970586e-07
42.0	391.3227321199323	3.64e-05	0.11792587944814503	0.11792668830911035	0.11792769090908006	3.926563772196307e-07
42.0	391.3227321199323	3.68e-05	0.11792573212782109	0.1179264622802522	0.1179273273928727	3.4144841473322263e-07
42.0	391.3227321199323	3.72e-05	0.11792557519595892	0.1179262488663909	0.11792700751818685	3.028137380261116e-07
42.0	391.3227321199323	3.76e-05	0.11792542669160433	0.11792604853318774	0.11792672357042822	2.716505671927147e-07
42.0	391.3227321199323	3.7999999999999995e-05	0.11792529817677888	0.11792586033557906	0.11792646953229546	2.459055707070033e-07
42.0	391.3227321199323	3.8400000000000005e-05	0.11792518868987756	0.11792568915159807	0.11792624068343915	2.240012551590941e-07
42.0	391.3227321199323	3.88e-05	0.1179250871653501	0.11792552933717242	0.11792603328356854	2.05483232684531e-07
42.0	391.3227321199323	3.9200000000000004e-05	0.11792500228140046	0.11792538650574849	0.11792584432089281	1.8971270418231488e-07
42.0	391.3227321199323	3.96e-05	0.11792491081426437	0.11792525900358376	0.11792567130618448	1.742473376336869e-07
42.0	391.3227321199323	3.9999999999999996e-05	0.11792481759822948	0.11792514485649214	0.1179255120856677	1.6263064075374867e-07
42.0	391.3227321199323	4.0400000000000006e-05	0.11792473390212344	0.11792503711596551	0.11792536463464298	1.5305756413772306e-07
42.0	391.3227321199323	4.08e-05	0.11792466485835629	0.11792493816354925	0.11792522682636353	1.4623721195711998e-07
42.0	391.3227321199323	4.12e-05	0.1179245883673179	0.11792484719254213	0.11792509660620443	1.4088263785958292e-07
42.0	391.3227321199323	4.16e-05	0.11792451411539773	0.11792476611655212	0.11792497972148652	1.37400901876971e-07
42.0	391.3227321199323	4.2e-05	0.11792444928382384	0.1179247203275456	0.11792490409301681	1.3194896964298743e-07
43.0	402.4220040076965	0.0	0.12039912849088275	0.12040215387322316	0.12040361041291625	9.861701662237535e-07
43.0	402.4220040076965	4e-07	0.12039714816171454	0.12040025582439152	0.12040177539011943	1.0247787328976472e-06
43.0	402.4220040076965	8e-07	0.12039496834200136	0.12039837660332006	0.12040026900131728	1.1495038653425366e-06
43.0	402.4220040076965	1.2000000000000002e-06	0.12039257564742645	0.12039652073831184	0.12039941443847901	1.3901513136387026e-06
43.0	402.4220040076965	1.6e-06	0.1203899371414856	0.12039456459242613	0.12039781820132855	1.6834228923718456e-06
43.0	402.4220040076965	2e-06	0.12038700250455125	0.12039255766800322	0.1203963770212404	2.0996923168949323e-06
43.0	402.4220040076965	2.4000000000000003e-06	0.12038370379347008	0.12039032945657566	0.12039476401326965	2.590105078124518e-06
43.0	402.4220040076965	2.8000000000000003e-06	0.12037995637193966	0.12038787433918191	0.12039305698168157	3.224816962391684e-06
43.0	402.4220040076965	3.2e-06	0.12037566381439024	0.1203847536451626	0.12039072561118136	3.906709712499616e-06
43.0	402.4220040076965	3.6e-06	0.12037071914010866	0.12038107739542118	0.12038860030790755	4.831628076677813e-06
43.0	402.4220040076965	4e-06	0.12036509571187093	0.12037601651838332	0.12038505685427925	5.830462616525728e-06
43.0	402.4220040076965	4.4e-06	0.12035885887244824	0.12036884591715628	0.12037967765316537	6.857745273646249e-06
43.0	402.4220040076965	4.800000000000001e-06	0.1203518721342709	0.12035244561284458	0.12035295959851133	2.5193950405884276e-07
43.0	402.4220040076965	5.2e-06	0.1203258108591374	0.12033603380541083	0.1203457320988317	6.965843059083355e-06
43.0	402.4220040076965	5.600000000000001e-06	0.12032061481756795	0.12032902181708023	0.12033957778187787	5.8956638544084695e-06
43.0	402.4220040076965	6e-06	0.12031727971566486	0.1203241596687749	0.12033407892768988	4.867890769717261e-06
43.0	402.4220040076965	6.4e-06	0.12031532893855879	0.120320706082592	0.12032928768386775	3.92494449382191e-06
43.0	402.4220040076965	6.8e-06	0.12031327633221345	0.12031783210549687	0.12032515612515038	3.221165507744284e-06
43.0	402.4220040076965	7.2e-06	0.12031179690989813	0.12031564776654412	0.12032157938022614	2.5548644496005006e-06
43.0	402.4220040076965	7.6e-06	0.12031052191200686	0.12031371846941001	0.12031844133117175	2.017339466608793e-06
43.0	402.4220040076965	8e-06	0.12030940102724053	0.12031203837087738	0.1203156427198433	1.5263995506234207e-06
43.0	402.4220040076965	8.4e-06	0.12030820907431927	0.1203104358249315	0.12031309806045254	1.1311860210786134e-06
43.0	402.4220040076965	8.8e-06	0.1203076563622627	0.120308950497921	0.12031073487315513	7.438551635592993e-07
43.0	402.4220040076965	9.2e-06	0.1203066765888634	0.12030746895675379	0.12030849089476714	4.2860359455844864e-07
43.0	402.4220040076965	9.600000000000001e-06	0.12030559053989531	0.12030599860175144	0.12030631074149678	1.5144656911783937e-07
43.0	402.4220040076965	9.999999999999999e-06	0.1203041017426365	0.12030454272558883	0.12030485375575406	1.794512500721478e-07
43.0	402.4220040076965	1.04e-05	0.12030189576691708	0.12030310520097816	0.12030414618491214	5.055115530399079e-07
43.0	402.4220040076965	1.08e-05	0.12029959705207371	0.12030160940290423	0.12030303380676521	8.419351746747809e-07
43.0	402.4220040076965	1.1200000000000001e-05	0.1202971458036508	0.12030007557778155	0.12030206127387721	1.244112473171587e-06
43.0	402.4220040076965	1.16e-05	0.12029447426257711	0.12029838552219733	0.12030088002491457	1.6778627571867044e-06
43.0	402.4220040076965	1.2e-05	0.12029150608477845	0.12029653097903047	0.12029961926028232	2.2114056355434444e-06
43.0	402.4220040076965	1.24e-05	0.12028815991693342	0.12029418562355834	0.12029792543224005	2.7662958290898987e-06
43.0	402.4220040076965	1.28e-05	0.12028434851603897	0.12029142020029147	0.12029634670724842	3.4936453150624145e-06
43.0	402.4220040076965	1.32e-05	0.12028004363558331	0.12028762224365518	0.12029372038362052	4.271398634056117e-06
43.0	402.4220040076965	1.36e-05	0.12027529318651009	0.12028224515945417	0.12028972783795755	5.067983436402048e-06
43.0	402.4220040076965	1.4e-05	0.12026958883246319	0.12026996955223307	0.1202703225716899	1.6292176004345452e-07
43.0	402.4220040076965	1.44e-05	0.12024966529336822	0.12025763461666343	0.1202653416776247	5.273449773305987e-06
43.0	402.4220040076965	1.48e-05	0.12024581606221307	0.12025238316877238	0.12026069489522229	4.46974202262931e-06
43.0	402.4220040076965	1.52e-05	0.12024335607268632	0.1202487522327314	0.12025655319870321	3.698014733621014e-06
43.0	402.4220040076965	1.56e-05	0.120241925568358	0.12024618337853978	0.12025295437336858	2.991907773845356e-06
43.0	402.4220040076965	1.6e-05	0.12024042003926017	0.12024405196996076	0.12024986193472831	2.4662811309786195e-06
43.0	402.4220040076965	1.6400000000000002e-05	0.12023934778567469	0.12024244204865846	0.12024719410823348	1.971391355946288e-06
43.0	402.4220040076965	1.68e-05	0.12023841184637085	0.12024102799138002	0.12024486402560708	1.5720284191659325e-06
43.0	402.4220040076965	1.7199999999999998e-05	0.1202376037144246	0.12023980536660261	0.12024279683101291	1.2096183564807756e-06
43.0	402.4220040076965	1.76e-05	0.12023675139842993	0.12023864387293545	0.12024092838515976	9.202317524198181e-07
43.0	402.4220040076965	1.8e-05	0.12023636301979224	0.12023757481099345	0.12023920467480043	6.39442926491607e-07
43.0	402.4220040076965	1.84e-05	0.12023566409167508	0.12023651164240418	0.12023757972741667	4.165141444416157e-07
43.0	402.4220040076965	1.88e-05	0.12023488667729954	0.12023546016077846	0.12023601314439514	2.2906220103342543e-07
43.0	402.4220040076965	1.9200000000000003e-05	0.1202340966157891	0.12023442271494539	0.12023469530520359	1.3323698774835151e-07
43.0	402.4220040076965	1.9600000000000002e-05	0.12023267292111584	0.12023340156447831	0.12023411484543267	2.873114609166654e-07
43.0	402.4220040076965	1.9999999999999998e-05	0.12023118377905995	0.12023234734762912	0.12023332064523018	5.076679471370008e-07
43.0	402.4220040076965	2.04e-05	0.12022955972852056	0.12023127160135003	0.12023259852429646	7.782096684975047e-07
43.0	402.4220040076965	2.08e-05	0.12022771481381689	0.12023009737851593	0.12023177229039028	1.07103608057686e-06
43.0	402.4220040076965	2.12e-05	0.12022567901439629	0.12022881887600002	0.12023089204156445	1.432868607724392e-06
43.0	402.4220040076965	2.16e-05	0.12022339797760395	0.12022721771468117	0.12022968161227343	1.8074431735276016e-06
43.0	402.4220040076965	2.2e-05	0.12022081652316707	0.12022533898125311	0.12022860246209888	2.296029322406232e-06
43.0	402.4220040076965	2.2400000000000002e-05	0.12021791111296132	0.12022277614246941	0.12022682201855339	2.8162135092792503e-06
43.0	402.4220040076965	2.28e-05	0.1202146016249186	0.12021916625907408	0.12022413934652754	3.347592879571677e-06
43.0	402.4220040076965	2.32e-05	0.12021054749092208	0.12021098264766637	0.12021138724642633	1.9423142143581452e-07
43.0	402.4220040076965	2.36e-05	0.12019728861638423	0.1202027369044571	0.12020806363470893	3.5600158831977656e-06
43.0	402.4220040076965	2.4e-05	0.12019474674922126	0.1201992515708933	0.12020497467890401	3.0225106586522715e-06
43.0	402.4220040076965	2.44e-05	0.12019313497226758	0.1201968551304259	0.1202022333512156	2.508462294368276e-06
43.0	402.4220040076965	2.48e-05	0.12019220677796483	0.12019517276107815	0.12019986354325418	2.040863798751272e-06
43.0	402.4220040076965	2.5200000000000003e-05	0.12019123410166443	0.12019378529277368	0.12019784041739268	1.6950668526500342e-06
43.0	402.4220040076965	2.56e-05	0.12019055191557193	0.12019275102456577	0.1201961075214033	1.3717730274466788e-06
43.0	402.4220040076965	2.6e-05	0.12018995450566106	0.12019185283437288	0.12019460742056509	1.1115809487988535e-06
43.0	402.4220040076965	2.64e-05	0.12018945019302674	0.12019108828699329	0.12019329036417492	8.774992141595902e-07
43.0	402.4220040076965	2.68e-05	0.12018892484266086	0.12019036838820385	0.12019211412318942	6.936197250242292e-07
43.0	402.4220040076965	2.72e-05	0.12018869738840543	0.12018971593898607	0.12019104359981636	5.173721427727024e-07
43.0	402.4220040076965	2.76e-05	0.12018827438436386	0.12018907146360709	0.12019004947524259	3.818398104555866e-07
43.0	402.4220040076965	2.8e-05	0.12018780779879545	0.12018843915349216	0.12018910663933813	2.6928662667304273e-07
43.0	402.4220040076965	2.8400000000000003e-05	0.12018733831849815	0.12018782041623231	0.12018819267257985	1.7577681313876261e-07
43.0	402.4220040076965	2.88e-05	0.12018689190600362	0.12018721589942997	0.12018750856601113	1.3708828019837162e-07
43.0	402.4220040076965	2.92e-05	0.12018604335527883	0.12018660339084786	0.12018705387183992	2.0293638409474927e-07
43.0	402.4220040076965	2.96e-05	0.12018515476836189	0.12018598583824591	0.12018665721182131	3.2918732247486755e-07
43.0	402.4220040076965	2.9999999999999997e-05	0.12018419969991267	0.12018532765477166	0.12018617390950137	4.7676677239150767e-07
43.0	402.4220040076965	3.04e-05	0.12018314690827836	0.12018462509296923	0.1201856942551025	6.640699866799123e-07
43.0	402.4220040076965	3.0799999999999996e-05	0.12018196022502625	0.12018376823882014	0.12018503997775909	8.571242765837895e-07
43.0	402.4220040076965	3.12e-05	0.12018060175360556	0.12018277636124088	0.12018446683168449	1.1058807550038132e-06
43.0	402.4220040076965	3.16e-05	0.1201790427011753	0.12018144860687921	0.1201835359600576	1.3674350608536076e-06
43.0	402.4220040076965	3.2e-05	0.1201772876515319	0.12017960578629298	0.12018215611160166	1.632144151538281e-06
43.0	402.4220040076965	3.2399999999999995e-05	0.12017508913127717	0.12017551442154802	0.12017591229540958	1.9469751903772213e-07
43.0	402.4220040076965	3.2800000000000004e-05	0.12016847326969149	0.12017136078665473	0.12017425228096723	1.8442856262928189e-06
43.0	402.4220040076965	3.32e-05	0.12016723450863687	0.1201696429080689	0.12017272699085257	1.5729388002338914e-06
43.0	402.4220040076965	3.36e-05	0.12016646793448515	0.12016848184097155	0.12017139118183273	1.3169272333421177e-06
43.0	402.4220040076965	3.4e-05	0.12016603995262898	0.12016768651027104	0.12017025835505812	1.0882365922646165e-06
43.0	402.4220040076965	3.4399999999999996e-05	0.12016559869664878	0.12016704344490126	0.12016930856038499	9.226056689719574e-07
43.0	402.4220040076965	3.4800000000000006e-05	0.12016530435735451	0.12016658523443531	0.12016851382743621	7.709373139031308e-07
43.0	402.4220040076965	3.52e-05	0.12016504614557011	0.12016620320671803	0.12016784633811639	6.500926904875593e-07
43.0	402.4220040076965	3.56e-05	0.12016484477446365	0.12016589700452913	0.12016728150010447	5.440935843159566e-07
43.0	402.4220040076965	3.6e-05	0.12016464483536193	0.12016561895266005	0.12016679902321759	4.650276756761983e-07
43.0	402.4220040076965	3.64e-05	0.12016457818340687	0.12016538331444977	0.12016638272532809	3.915986371912252e-07
43.0	402.4220040076965	3.68e-05	0.12016443097835605	0.12016515772495955	0.12016601990837827	3.404386810560414e-07
43.0	402.4220040076965	3.72e-05	0.12016427463402746	0.12016494477006265	0.1201657006757717	3.0181099651137744e-07
43.0	402.4220040076965	3.76e-05	0.12016412658443176	0.12016474491335678	0.12016541732544095	2.7061857886250914e-07
43.0	402.4220040076965	3.7999999999999995e-05	0.12016399847527381	0.12016455718614502	0.1201651638497907	2.4484195723793036e-07
43.0	402.4220040076965	3.8400000000000005e-05	0.12016388952260204	0.12016438647631703	0.12016493553581409	2.2289500836051455e-07
43.0	402.4220040076965	3.88e-05	0.12016378832807906	0.12016422716619819	0.12016472864855743	2.0431207431749435e-07
43.0	402.4220040076965	3.9200000000000004e-05	0.1201637038910448	0.12016408494662704	0.12016454017978262	1.884101342412468e-07
43.0	402.4220040076965	3.96e-05	0.12016361277219545	0.12016395796291086	0.1201643676422739	1.7283437314639922e-07
43.0	402.4220040076965	3.9999999999999996e-05	0.1201635200467388	0.12016384433386816	0.12016420888309032	1.6109874427986363e-07
43.0	402.4220040076965	4.0400000000000006e-05	0.12016343689576825	0.12016373710373558	0.12016406187818696	1.5142064622267859e-07
43.0	402.4220040076965	4.08e-05	0.12016336847059428	0.12016363863450488	0.12016392450451985	1.4451186866349095e-07
43.0	402.4220040076965	4.12e-05	0.12016329253899105	0.12016354811169662	0.12016379472400907	1.3908328877226317e-07
43.0	402.4220040076965	4.16e-05	0.12016321890563386	0.1201634674438438	0.12016367815359974	1.3554599838437999e-07
43.0	402.4220040076965	4.2e-05	0.12016315478761364	0.1201634219829733	0.12016360337285104	1.3009660552531948e-07
44.0	413.5212758954607	0.0	0.12269020746660608	0.12269323378635909	0.12269469181292614	9.866351192488962e-07
44.0	413.5212758954607	4e-07	0.12268822714959615	0.12269133576853768	0.12269285729446011	1.0252222899590694e-06
44.0	413.5212758954607	8e-07	0.12268604737437361	0.12268945663463819	0.12269135122450603	1.1498903441745454e-06
44.0	413.5212758954607	1.2000000000000002e-06	0.12268365475641296	0.12268760087981852	0.12269049705012058	1.3904422595864523e-06
44.0	413.5212758954607	1.6e-06	0.12268101636068618	0.1226856448894069	0.12268890138588162	1.6836364897431393e-06
44.0	413.5212758954607	2e-06	0.12267808187070273	0.1226836381809293	0.1226874606814885	2.099836147958696e-06
44.0	413.5212758954607	2.4000000000000003e-06	0.12267478334889059	0.1226814103529944	0.12268584728689014	2.590362672362394e-06
44.0	413.5212758954607	2.8000000000000003e-06	0.1226710361683887	0.12267895553637181	0.12268414096464575	3.2250324990708965e-06
44.0	413.5212758954607	3.2e-06	0.12266674362729546	0.1226758351688978	0.12268180970523801	3.906899240598055e-06
44.0	413.5212758954607	3.6e-06	0.12266179936826305	0.1226721592605237	0.12267968504902793	4.831774043354213e-06
44.0	413.5212758954607	4e-06	0.12265617647917537	0.12266709875287887	0.1226761420381397	5.830503271819046e-06
44.0	413.5212758954607	4.4e-06	0.12264994032979448	0.12265992861570672	0.12267076327151027	6.85760876657428e-06
44.0	413.5212758954607	4.800000000000001e-06	0.1226429525835373	0.12264352974534087	0.12264404716120136	2.5377973711473886e-07
44.0	413.5212758954607	5.2e-06	0.1226169039351932	0.12262712098486883	0.1226368155184927	6.9642153086853685e-06
44.0	413.5212758954607	5.600000000000001e-06	0.12261170894101259	0.12262011047360953	0.12263066217639196	5.8941485109026305e-06
44.0	413.5212758954607	6e-06	0.12260837437528505	0.12261524931722648	0.12262516427386938	4.866555909688389e-06
44.0	413.5212758954607	6.4e-06	0.12260642354285434	0.12261179636800718	0.12262037391468006	3.923838026699734e-06
44.0	413.5212758954607	6.8e-06	0.1226043714597127	0.12260892288841237	0.12261624306485341	3.220237505362183e-06
44.0	413.5212758954607	7.2e-06	0.12260289181369632	0.12260673887878247	0.12261266704288065	2.5541032468332203e-06
44.0	413.5212758954607	7.6e-06	0.12260161758510879	0.12260480975634994	0.12260952964288574	2.0168683663795435e-06
44.0	413.5212758954607	8e-06	0.12260049659739636	0.12260312991867725	0.1226067316221302	1.5260327013897432e-06
44.0	413.5212758954607	8.4e-06	0.12259930449124568	0.1226015276671613	0.12260418751047553	1.1308845205997773e-06
44.0	413.5212758954607	8.8e-06	0.12259875157029398	0.12260004263158714	0.12260182484267013	7.436175268428789e-07
44.0	413.5212758954607	9.2e-06	0.1225977718035427	0.1225985613961843	0.12259958136883409	4.2838914632966365e-07
44.0	413.5212758954607	9.600000000000001e-06	0.1225966862136012	0.12259709138611703	0.12259740171750089	1.5100048998599356e-07
44.0	413.5212758954607	9.999999999999999e-06	0.12259519333519275	0.12259563589299172	0.12259594489356918	1.7900367254083541e-07
44.0	413.5212758954607	1.04e-05	0.12259298789655482	0.1225941987617171	0.1225952384862179	5.052467630359963e-07
44.0	413.5212758954607	1.08e-05	0.12259068975300824	0.12259270339359461	0.1225941277465985	8.416442857855703e-07
44.0	413.5212758954607	1.1200000000000001e-05	0.12258823912542471	0.12259117005671391	0.12259315577892149	1.2437633756645648e-06
44.0	413.5212758954607	1.16e-05	0.12258556827371336	0.12258948066364829	0.12259197748502171	1.6776126390316331e-06
44.0	413.5212758954607	1.2e-05	0.12258260087797179	0.12258762672508114	0.12259071757641049	2.211060003394095e-06
44.0	413.5212758954607	1.24e-05	0.12257925561544436	0.1225852820755723	0.12258902410393269	2.765851734062203e-06
44.0	413.5212758954607	1.28e-05	0.12257544518829455	0.12258251744679784	0.12258744624519746	3.4930589985227203e-06
44.0	413.5212758954607	1.32e-05	0.12257114158515847	0.12257872048772345	0.12258482076606114	4.270593501642725e-06
44.0	413.5212758954607	1.36e-05	0.12256639263361446	0.12257334476537754	0.12258082929835368	5.066882668365495e-06
44.0	413.5212758954607	1.4e-05	0.12256069543047587	0.1225610726450987	0.12256142374440682	1.616610618849972e-07
44.0	413.5212758954607	1.44e-05	0.12254078073241903	0.12254874278901698	0.1225564446278744	5.270876302061814e-06
44.0	413.5212758954607	1.48e-05	0.12253693316256342	0.12254349367980617	0.12255179960874418	4.4674162100582995e-06
44.0	413.5212758954607	1.52e-05	0.12253447410827256	0.12253986433339464	0.1225476595643018	3.695993213870562e-06
44.0	413.5212758954607	1.56e-05	0.12253304379542218	0.12253729654238156	0.12254406223052428	2.9902207098637384e-06
44.0	413.5212758954607	1.6e-05	0.12253153902700653	0.12253516598725664	0.12254097111746987	2.464849340751604e-06
44.0	413.5212758954607	1.6400000000000002e-05	0.1225304667442364	0.12253355666606668	0.12253830445466196	1.970192648613228e-06
44.0	413.5212758954607	1.68e-05	0.12252953170190661	0.12253214302505373	0.12253597540445504	1.571159868472661e-06
44.0	413.5212758954607	1.7199999999999998e-05	0.12252872361116118	0.12253092086522126	0.12253390913862816	1.2088894788309528e-06
44.0	413.5212758954607	1.76e-05	0.12252787129828224	0.12252975985794716	0.12253204154387465	9.195848253920735e-07
44.0	413.5212758954607	1.8e-05	0.12252748278449666	0.12252869126197384	0.12253031863013053	6.388480053199873e-07
44.0	413.5212758954607	1.84e-05	0.1225267839835924	0.12252762857112318	0.12252869444539272	4.1588990421230735e-07
44.0	413.5212758954607	1.88e-05	0.1225260071385117	0.1225265776016295	0.12252712860959747	2.2816262343014327e-07
44.0	413.5212758954607	1.9200000000000003e-05	0.12252521757283841	0.12252554070063293	0.12252581110553873	1.3176674743224242e-07
44.0	413.5212758954607	1.9600000000000002e-05	0.12252379460661356	0.12252452010065074	0.12252523193416298	2.865219024518956e-07
44.0	413.5212758954607	1.9999999999999998e-05	0.12252230628494765	0.12252346647220792	0.12252443833481141	5.07047229335965e-07
44.0	413.5212758954607	2.04e-05	0.12252067845312631	0.12252239137173207	0.12252371406351958	7.775904226040997e-07
44.0	413.5212758954607	2.08e-05	0.12251883449503254	0.12252121797198222	0.12252289058981614	1.070516802269874e-06
44.0	413.5212758954607	2.12e-05	0.12251679976740526	0.1225199402522524	0.12252201107360605	1.4322317787109909e-06
44.0	413.5212758954607	2.16e-05	0.12251451995496687	0.12251834001884314	0.12252080101642271	1.806672493850426e-06
44.0	413.5212758954607	2.2e-05	0.12251193987071662	0.12251646234057871	0.12251972270705824	2.2950638119577435e-06
44.0	413.5212758954607	2.2400000000000002e-05	0.122509036125515	0.12251390085565343	0.12251794315215747	2.814972693919013e-06
44.0	413.5212758954607	2.28e-05	0.12250573397440156	0.1225102928321306	0.12251526167883586	3.3460011649354566e-06
44.0	413.5212758954607	2.32e-05	0.12250168226934832	0.12250211378720541	0.12250251629523756	1.926578974367697e-07
44.0	413.5212758954607	2.36e-05	0.12248843374978335	0.12249387412336109	0.12249919487865846	3.5569725104988385e-06
44.0	413.5212758954607	2.4e-05	0.12248589381929786	0.12249039152824724	0.12249610806374456	3.0197824379711694e-06
44.0	413.5212758954607	2.44e-05	0.12248428315819737	0.12248799694873744	0.12249336871379413	2.506095491650986e-06
44.0	413.5212758954607	2.48e-05	0.12248335528263077	0.12248631583247169	0.12249100067037144	2.0388748098182707e-06
44.0	413.5212758954607	2.5200000000000003e-05	0.12248238345488893	0.12248492937385039	0.12248897910446299	1.693361464541604e-06
44.0	413.5212758954607	2.56e-05	0.12248170134522152	0.12248389581876343	0.1224872475544787	1.3703239530804592e-06
44.0	413.5212758954607	2.6e-05	0.12248110484170116	0.12248299814511401	0.12248574863557771	1.1104639680982685e-06
44.0	413.5212758954607	2.64e-05	0.12248060063562782	0.1224822341335519	0.12248443263039555	8.765332460106435e-07
44.0	413.5212758954607	2.68e-05	0.12248007536254324	0.12248151478130832	0.12248325734037291	6.927419854773069e-07
44.0	413.5212758954607	2.72e-05	0.12247984780187338	0.12248086284442483	0.12248218769429897	5.165532393560512e-07
44.0	413.5212758954607	2.76e-05	0.1224794249637462	0.12248021888823311	0.12248119439633953	3.8102038528337347e-07
44.0	413.5212758954607	2.8e-05	0.12247895894562078	0.12247958712399815	0.12248025235661864	2.683491661754636e-07
44.0	413.5212758954607	2.8400000000000003e-05	0.12247848997149102	0.12247896895741849	0.12247933917422671	1.7450658554201031e-07
44.0	413.5212758954607	2.88e-05	0.12247804404187157	0.12247836501152004	0.12247865626693866	1.3551205398378124e-07
44.0	413.5212758954607	2.92e-05	0.12247719631474308	0.12247775310130621	0.12247820214596405	2.0175859276133143e-07
44.0	413.5212758954607	2.96e-05	0.12247630861750292	0.12247713619521013	0.12247780360744187	3.282735729588925e-07
44.0	413.5212758954607	2.9999999999999997e-05	0.12247535452708735	0.12247647881228611	0.12247732282714985	4.7607669602210993e-07
44.0	413.5212758954607	3.04e-05	0.12247430283024396	0.12247577700770192	0.12247684385164348	6.633402218691804e-07
44.0	413.5212758954607	3.0799999999999996e-05	0.12247311739502198	0.12247492103756673	0.1224761899448632	8.563077494418819e-07
44.0	413.5212758954607	3.12e-05	0.12247176036903262	0.12247393015841611	0.12247561758215486	1.1049161911513269e-06
44.0	413.5212758954607	3.16e-05	0.12247020300366263	0.12247260367102301	0.1224746875465117	1.366240740456343e-06
44.0	413.5212758954607	3.2e-05	0.12246844990286565	0.12247076257195157	0.12247330882235463	1.6306482359994341e-06
44.0	413.5212758954607	3.2399999999999995e-05	0.12246625375335984	0.12246667535574997	0.12246707104633536	1.930751582693153e-07
44.0	413.5212758954607	3.2800000000000004e-05	0.12245964722507807	0.1224625272700109	0.1224654130339049	1.8413897040551677e-06
44.0	413.5212758954607	3.32e-05	0.12245841017488956	0.12246081185848202	0.1224638896834227	1.5703253784366831e-06
44.0	413.5212758954607	3.36e-05	0.12245764457478359	0.12245965245308527	0.12246255565315423	1.3146324054511232e-06
44.0	413.5212758954607	3.4e-05	0.12245721685582911	0.12245885822688056	0.12246142434022289	1.0862676818209122e-06
44.0	413.5212758954607	3.4399999999999996e-05	0.12245677632667196	0.12245821604294611	0.12246047590139231	9.208768916161136e-07
44.0	413.5212758954607	3.4800000000000006e-05	0.12245648203420867	0.12245775843661337	0.12245968233509785	7.694218112056942e-07
44.0	413.5212758954607	3.52e-05	0.12245622458545391	0.12245737682768881	0.1224590158522254	6.488512322333382e-07
44.0	413.5212758954607	3.56e-05	0.1224560232729015	0.1224570710513578	0.12245845188972293	5.429719682355579e-07
44.0	413.5212758954607	3.6e-05	0.12245582336899652	0.12245679342968907	0.12245797018347471	4.639755301196223e-07
44.0	413.5212758954607	3.64e-05	0.12245575657684338	0.12245655818102713	0.12245755457317742	3.9060496901110946e-07
44.0	413.5212758954607	3.68e-05	0.1224556094671927	0.12245633298142204	0.12245719237845876	3.3948339356526145e-07
44.0	413.5212758954607	3.72e-05	0.12245545362648791	0.12245612043376577	0.1224568737168017	3.0085774372506097e-07
44.0	413.5212758954607	3.76e-05	0.12245530598044851	0.12245592099987308	0.12245659089724281	2.6963468392097083e-07
44.0	413.5212758954607	3.7999999999999995e-05	0.1224551782236496	0.12245573369000491	0.12245633792083499	2.438247826568906e-07
44.0	413.5212758954607	3.8400000000000005e-05	0.12245506974951859	0.12245556339999225	0.12245611008119361	2.2183476104932004e-07
44.0	413.5212758954607	3.88e-05	0.12245496886045171	0.12245540453757098	0.12245590364824288	2.0318723931474635e-07
44.0	413.5212758954607	3.9200000000000004e-05	0.12245488481855027	0.12245526286062086	0.12245571561710555	1.8715902960982922e-07
44.0	413.5212758954607	3.96e-05	0.12245479399795833	0.12245513633620683	0.12245554350258825	1.7147525766378748e-07
44.0	413.5212758954607	3.9999999999999996e-05	0.12245470171401696	0.12245502316590322	0.12245538515276255	1.5962404482963148e-07
44.0	413.5212758954607	4.0400000000000006e-05	0.12245461905650412	0.12245491639035616	0.12245523854449658	1.4984209158659407e-07
44.0	413.5212758954607	4.08e-05	0.12245455120940463	0.12245481835403836	0.12245510155851491	1.4284516850170728e-07
44.0	413.5212758954607	4.12e-05	0.12245447578952806	0.12245472823555652	0.1224549721723962	1.3734259172268694e-07
44.0	413.5212758954607	4.16e-05	0.12245440272764085	0.12245464793916447	0.12245485587785687	1.337508347241341e-07
44.0	413.5212758954607	4.2e-05	0.12245433928153648	0.12245460275788532	0.12245478188214953	1.2830659151652867e-07
45.0	424.6205477832249	0.0	0.1250323016356214	0.12503532898280542	0.12503678854054012	9.871347601437963e-07
45.0	424.6205477832249	4e-07	0.12503032132937886	0.12503343099349332	0.12503495448951707	1.0257006926649217e-06
45.0	424.6205477832249	8e-07	0.12502814159357634	0.1250315519391031	0.12503344871179678	1.1503114005763973e-06
45.0	424.6205477832249	1.2000000000000002e-06	0.12502574904356756	0.12502969628375046	0.12503259489580376	1.390767707013941e-06
45.0	424.6205477832249	1.6e-06	0.12502311074576422	0.12502774043347198	0.1250309997369392	1.6838836257179655e-06
45.0	424.6205477832249	2e-06	0.12502017638662455	0.1250257339212411	0.12502955946199457	2.1000134984111213e-06
45.0	424.6205477832249	2.4000000000000003e-06	0.1250168780337706	0.1250235064397928	0.12502794574272702	2.59063588492616e-06
45.0	424.6205477832249	2.8000000000000003e-06	0.1250131310690481	0.1250210518946485	0.12502624005378227	3.225260679538213e-06
45.0	424.6205477832249	3.2e-06	0.12500883855268796	0.12501793182253687	0.12502390890913162	3.907097847697958e-06
45.0	424.6205477832249	3.6e-06	0.12500389466722783	0.1250142562265619	0.12502178484236737	4.831929171083006e-06
45.0	424.6205477832249	4e-06	0.12499827226428728	0.12500919606143382	0.12501824224897007	5.830563326347547e-06
45.0	424.6205477832249	4.4e-06	0.12499203673811898	0.12500202635614055	0.12501286391130417	6.8575138994516885e-06
45.0	424.6205477832249	4.800000000000001e-06	0.1249850480958985	0.12498562878899161	0.12498614955927945	2.555982507867931e-07
45.0	424.6205477832249	5.2e-06	0.12495901134238263	0.12496922278637898	0.12497891369156466	6.962722430995641e-06
45.0	424.6205477832249	5.600000000000001e-06	0.12495381726533417	0.1249622136027398	0.12497276123190826	5.8927634517370044e-06
45.0	424.6205477832249	6e-06	0.12495048317251545	0.1249573533379217	0.12496726419088944	4.86533554916947e-06
45.0	424.6205477832249	6.4e-06	0.12494853228995417	0.12495390096300782	0.12496247463236188	3.9228220605724316e-06
45.0	424.6205477832249	6.8e-06	0.12494648066782243	0.12495102793485319	0.124958344432339	3.2193783662139933e-06
45.0	424.6205477832249	7.2e-06	0.1249450008319597	0.12494884422360322	0.12495476906327863	2.5533911268686393e-06
45.0	424.6205477832249	7.6e-06	0.12494372727032843	0.12494691525901393	0.12495163224827888	2.0164147239901294e-06
45.0	424.6205477832249	8e-06	0.12494260619048436	0.12494523565353936	0.1249488347582659	1.5256718951684535e-06
45.0	424.6205477832249	8.4e-06	0.12494141395915292	0.12494363366488033	0.12494629113698874	1.1305794149240775e-06
45.0	424.6205477832249	8.8e-06	0.12494086084019163	0.12494214888751096	0.12494392893214634	7.433669991403222e-07
45.0	424.6205477832249	9.2e-06	0.12493988107302023	0.12494066792188421	0.12494168590564758	4.281555432234231e-07
45.0	424.6205477832249	9.600000000000001e-06	0.12493879586445722	0.12493919821566192	0.12493950669694165	1.505474922760725e-07
45.0	424.6205477832249	9.999999999999999e-06	0.12493729885244242	0.12493774305951823	0.12493805013273018	1.786167386178609e-07
45.0	424.6205477832249	1.04e-05	0.12493509388315438	0.12493630627333153	0.12493734473685869	5.050398213944294e-07
45.0	424.6205477832249	1.08e-05	0.12493279623679943	0.12493481128060431	0.12493623582249658	8.414166836067185e-07
45.0	424.6205477832249	1.1200000000000001e-05	0.12493034614777176	0.12493327837158692	0.12493526436656843	1.2434873691202108e-06
45.0	424.6205477832249	1.16e-05	0.12492767589272091	0.1249315895585811	0.12493408874991108	1.67742715751137e-06
45.0	424.6205477832249	1.2e-05	0.12492470917308474	0.12492973614539923	0.12493282958880858	2.21079041357528e-06
45.0	424.6205477832249	1.24e-05	0.12492136469317039	0.12492739210683006	0.12493113642954423	2.765494898366916e-06
45.0	424.6205477832249	1.28e-05	0.12491755510871272	0.12492462816792436	0.12492955933707517	3.4925796117059317e-06
45.0	424.6205477832249	1.32e-05	0.12491325261300901	0.12492083207511381	0.1249269346043409	4.269926415551804e-06
45.0	424.6205477832249	1.36e-05	0.12490850496289685	0.12491545753452778	0.12492294409708826	5.065963373824954e-06
45.0	424.6205477832249	1.4e-05	0.12490281471161246	0.12490318843198743	0.12490353757649064	1.60401362518724e-07
45.0	424.6205477832249	1.44e-05	0.12488290771456789	0.12489086302794836	0.12489856001239996	5.26858421417962e-06
45.0	424.6205477832249	1.48e-05	0.12487906157127338	0.1248856159635967	0.12489391653636339	4.4653450314847525e-06
45.0	424.6205477832249	1.52e-05	0.12487660332150075	0.12488198800665298	0.12488977793991296	3.6941895100671045e-06
45.0	424.6205477832249	1.56e-05	0.1248751731645692	0.12487942114536704	0.12488618191476597	2.9887086088001465e-06
45.0	424.6205477832249	1.6e-05	0.12487366905384167	0.12487729133874487	0.12488309196591718	2.463557057270924e-06
45.0	424.6205477832249	1.6400000000000002e-05	0.12487259674452122	0.12487568254217853	0.12488042632445584	1.9691008584523586e-06
45.0	424.6205477832249	1.68e-05	0.12487166247248815	0.12487426926151045	0.12487809817975659	1.570356967988074e-06
45.0	424.6205477832249	1.7199999999999998e-05	0.12487085440976653	0.12487304750442585	0.1248760327274745	1.2082058081121891e-06
45.0	424.6205477832249	1.76e-05	0.12487000210234722	0.12487188692007906	0.12487416587682976	9.189668863073617e-07
45.0	424.6205477832249	1.8e-05	0.12486961345219783	0.12487081872768421	0.12487244365788808	6.38267066743768e-07
45.0	424.6205477832249	1.84e-05	0.12486891475084327	0.12486975645001906	0.12487082013646411	4.1526936890010006e-07
45.0	424.6205477832249	1.88e-05	0.12486813837765887	0.12486870592361472	0.12486925494863144	2.272686773682025e-07
45.0	424.6205477832249	1.9200000000000003e-05	0.12486734924206644	0.12486766949418467	0.12486793782041161	1.3033882931424396e-07
45.0	424.6205477832249	1.9600000000000002e-05	0.12486592689257403	0.12486664937021406	0.12486735978751984	2.857988344876147e-07
45.0	424.6205477832249	1.9999999999999998e-05	0.12486443928335778	0.1248655962490399	0.12486656667981766	5.065010600264177e-07
45.0	424.6205477832249	2.04e-05	0.12486280760413493	0.1248645217071707	0.1248658405525056	7.770597463010428e-07
45.0	424.6205477832249	2.08e-05	0.12486096446730954	0.12486334902021	0.1248650194707821	1.0700833211257085e-06
45.0	424.6205477832249	2.12e-05	0.12485893065952958	0.12486207197428106	0.12486414056125117	1.4316998074147804e-06
45.0	424.6205477832249	2.16e-05	0.12485665189830009	0.12486047253753277	0.12486293080927169	1.8060258610821383e-06
45.0	424.6205477832249	2.2e-05	0.12485407298622953	0.1248585957678011	0.12486185321818777	2.294252266431994e-06
45.0	424.6205477832249	2.2400000000000002e-05	0.1248511706743658	0.1248560354490398	0.1248600744160715	2.8139271647197062e-06
45.0	424.6205477832249	2.28e-05	0.12484787551011767	0.12485242902756903	0.12485739397059259	3.3446578220510444e-06
45.0	424.6205477832249	2.32e-05	0.1248438259705198	0.12484425390932707	0.12484465433678604	1.9110935876650433e-07
45.0	424.6205477832249	2.36e-05	0.12483058641124245	0.12483601952994074	0.1248413348228361	3.5542886047059462e-06
45.0	424.6205477832249	2.4e-05	0.12482804813704362	0.1248325393110864	0.1248382498670555	3.017375278001308e-06
45.0	424.6205477832249	2.44e-05	0.12482643843180696	0.12483014634657594	0.12483551223722245	2.504002662579847e-06
45.0	424.6205477832249	2.48e-05	0.12482551082010573	0.12482846631853872	0.12483314573033688	2.0371086311978754e-06
45.0	424.6205477832249	2.5200000000000003e-05	0.1248245397233827	0.12482708073917534	0.12483112551500586	1.6918378499976998e-06
45.0	424.6205477832249	2.56e-05	0.12482385767816595	0.12482604780383592	0.1248293951383852	1.3690192539065275e-06
45.0	424.6205477832249	2.6e-05	0.12482326194984061	0.12482515057598635	0.12482789724984222	1.1094476355670803e-06
45.0	424.6205477832249	2.64e-05	0.12482275782746832	0.12482438702731827	0.12482658216067577	8.756444954310911e-07
45.0	424.6205477832249	2.68e-05	0.12482223262312964	0.12482366814869097	0.12482540769861217	6.91923827472108e-07
45.0	424.6205477832249	2.72e-05	0.12482200495084239	0.12482301665442493	0.12482433881541333	5.157780861959339e-07
45.0	424.6205477832249	2.76e-05	0.12482158224454931	0.12482237314658404	0.1248233462351509	3.802336420982395e-07
45.0	424.6205477832249	2.8e-05	0.12482111669721618	0.12482174185423614	0.12482240488554552	2.674410020144761e-07
45.0	424.6205477832249	2.8400000000000003e-05	0.12482064816157035	0.12482112418150294	0.12482149238190754	1.732730122350704e-07
45.0	424.6205477832249	2.88e-05	0.12482020265461724	0.12482052072960505	0.12482081060632133	1.3399311693927782e-07
45.0	424.6205477832249	2.92e-05	0.12481935564416968	0.1248199093359841	0.12482035695489202	2.0065319537710908e-07
45.0	424.6205477832249	2.96e-05	0.12481846872223556	0.12481929298982031	0.12481995678890279	3.2743992436671017e-07
45.0	424.6205477832249	2.9999999999999997e-05	0.1248175154850113	0.12481863630163623	0.12481947820377659	4.7545883184099857e-07
45.0	424.6205477832249	3.04e-05	0.12481646474383012	0.12481793515152259	0.1248189997905218	6.626972386393252e-07
45.0	424.6205477832249	3.0799999999999996e-05	0.12481528039832224	0.12481707994497154	0.1248183461911836	8.555932425022949e-07
45.0	424.6205477832249	3.12e-05	0.12481392463434382	0.12481608993168644	0.12481777450029519	1.1040780541120097e-06
45.0	424.6205477832249	3.16e-05	0.12481236874153989	0.12481476454547231	0.12481684517821368	1.3652072380947642e-06
45.0	424.6205477832249	3.2e-05	0.12481061734111965	0.12481292494479179	0.12481546742798777	1.629357693810392e-06
45.0	424.6205477832249	3.2399999999999995e-05	0.12480842331185293	0.12480884133311275	0.12480923488664697	1.9150115502653743e-07
45.0	424.6205477832249	3.2800000000000004e-05	0.12480182492071723	0.1248046981073217	0.12480757862448666	1.8388181782948794e-06
45.0	424.6205477832249	3.32e-05	0.12480058934575311	0.12480298485298665	0.12480605697327896	1.5680033482277552e-06
45.0	424.6205477832249	3.36e-05	0.1247998245887425	0.12480182690221242	0.1248047245043189	1.3125888258604554e-06
45.0	424.6205477832249	3.4e-05	0.1247993970919028	0.12480103364517661	0.12480359451453804	1.084507022979251e-06
45.0	424.6205477832249	3.4399999999999996e-05	0.12479895719565715	0.12480039223796743	0.1248026472701369	9.193223545380908e-07
45.0	424.6205477832249	3.4800000000000006e-05	0.1247986629483071	0.1247999351644942	0.12480185473298544	7.680501901424426e-07
45.0	424.6205477832249	3.52e-05	0.12479840615526161	0.1247995539243964	0.12480118913892468	6.477183561101066e-07
45.0	424.6205477832249	3.56e-05	0.12479820489013971	0.12479924852306627	0.12480062595024943	5.419408531028197e-07
45.0	424.6205477832249	3.6e-05	0.124798005024366	0.12479897128135409	0.12480014492548541	4.630010211121499e-07
45.0	424.6205477832249	3.64e-05	0.12479793809482409	0.12479873637598905	0.12479972992332833	3.8967748258969757e-07
45.0	424.6205477832249	3.68e-05	0.12479779106111089	0.12479851152012285	0.12479936827883975	3.3858574168341257e-07
45.0	424.6205477832249	3.72e-05	0.12479763565305646	0.12479829933200996	0.12479905012183945	2.999575492007857e-07
45.0	424.6205477832249	3.76e-05	0.12479748836518478	0.12479810027192129	0.12479876777113219	2.687022889247782e-07
45.0	424.6205477832249	3.7999999999999995e-05	0.12479736091382865	0.12479791333123388	0.12479851523543761	2.4285733576593946e-07
45.0	424.6205477832249	3.8400000000000005e-05	0.12479725286946763	0.1247977434119946	0.1247982878142988	2.2082364033013592e-07
45.0	424.6205477832249	3.88e-05	0.1247971522632918	0.12479758494623583	0.12479808178207552	2.0211182688525532e-07
45.0	424.6205477832249	3.9200000000000004e-05	0.12479706857091788	0.12479744375045758	0.1247978941370107	1.859618829405252e-07
45.0	424.6205477832249	3.96e-05	0.12479697800520206	0.12479731763280548	0.12479772239588627	1.7017224864254866e-07
45.0	424.6205477832249	3.9999999999999996e-05	0.12479688611917528	0.12479720486875742	0.12479756440787959	1.5820843155972192e-07
45.0	424.6205477832249	4.0400000000000006e-05	0.12479680390924308	0.12479709849808637	0.12479741815092282	1.4832380672740946e-07
45.0	424.6205477832249	4.08e-05	0.12479673660302204	0.1247970008494357	0.12479728150949843	1.4123916583157494e-07
45.0	424.6205477832249	4.12e-05	0.12479666165136916	0.12479691109530554	0.12479715247602208	1.356627351422952e-07
45.0	424.6205477832249	4.16e-05	0.12479658911720826	0.12479683113619135	0.12479703642212847	1.3201747001148272e-07
45.0	424.6205477832249	4.2e-05	0.12479652630353488	0.12479678619278184	0.12479696315524524	1.265799428273548e-07
46.0	435.71981967098907	0.0	0.12742339228732114	0.12742642072224672	0.12742788182538245	9.87656990855701e-07
46.0	435.71981967098907	4e-07	0.1274214119905066	0.12742452275874572	0.12742604820620596	1.0262019801399906e-06
46.0	435.71981967098907	8e-07	0.12741923228923824	0.12742264377592627	0.12742454269588244	1.1507556474718052e-06
46.0	435.71981967098907	1.2000000000000002e-06	0.127416839798844	0.12742078820988628	0.12742368921074299	1.3911179367124972e-06
46.0	435.71981967098907	1.6e-06	0.12741420158711136	0.12741883248492614	0.12742209449614172	1.684156055195509e-06
46.0	435.71981967098907	2e-06	0.1274112673432768	0.12741682614941757	0.12742065460899266	2.1002170366995656e-06
46.0	435.71981967098907	2.4000000000000003e-06	0.12740796913977182	0.12741459897844046	0.12741904061729326	2.5909194577930763e-06
46.0	435.71981967098907	2.8000000000000003e-06	0.12740422236641535	0.12741214467634573	0.12741733549253986	3.2254976040903027e-06
46.0	435.71981967098907	3.2e-06	0.127399929876038	0.12740902486914507	0.12741500446090903	3.907302868052314e-06
46.0	435.71981967098907	3.6e-06	0.12739498632362434	0.12740534955662322	0.12741288093052194	4.832091694538094e-06
46.0	435.71981967098907	4e-06	0.12738936435506787	0.12740028970583567	0.12740933872649496	5.830640257846631e-06
46.0	435.71981967098907	4.4e-06	0.12738312938656282	0.12739312039857212	0.12740396080237382	6.85745552928904e-06
46.0	435.71981967098907	4.800000000000001e-06	0.12737613995031527	0.12737672400279595	0.12737724801400319	2.573715007236956e-07
46.0	435.71981967098907	5.2e-06	0.12735011432160537	0.1273603204773938	0.12737000791917463	6.9613647443625275e-06
46.0	435.71981967098907	5.600000000000001e-06	0.12734492104337836	0.1273533124766833	0.12736385625122804	5.891506832328449e-06
46.0	435.71981967098907	6e-06	0.1273415873642092	0.1273484530064814	0.1273583599830337	4.864227427658935e-06
46.0	435.71981967098907	6.4e-06	0.12733963643260804	0.12734500114466576	0.12735357114252466	3.921895448345857e-06
46.0	435.71981967098907	6.8e-06	0.12733758521563576	0.1273421285223308	0.1273494415246068	3.2185883449301574e-06
46.0	435.71981967098907	7.2e-06	0.12733610521670613	0.12733994507860685	0.12734586673966053	2.5527296190675192e-06
46.0	435.71981967098907	7.6e-06	0.12733483223140496	0.1273380162547234	0.12734273044691147	2.015982074207559e-06
46.0	435.71981967098907	8e-06	0.12733371106604263	0.12733633685355678	0.1273399334292673	1.5253212655038071e-06
46.0	435.71981967098907	8.4e-06	0.12733251872998697	0.12733473509665227	0.12733739024267354	1.1302761637326996e-06
46.0	435.71981967098907	8.8e-06	0.12733196542120861	0.12733325054483413	0.12733502844619693	7.431106465259467e-07
46.0	435.71981967098907	9.2e-06	0.12733098564466871	0.12733176981436772	0.12733278581209984	4.2791111565024045e-07
46.0	435.71981967098907	9.600000000000001e-06	0.12732990074967176	0.1273303003729685	0.1273306069894078	1.500977410624039e-07
46.0	435.71981967098907	9.999999999999999e-06	0.12732839961780673	0.12732884551052512	0.12732915076370244	1.7828656537993342e-07
46.0	435.71981967098907	1.04e-05	0.1273261950539668	0.12732740902469425	0.12732844625074602	5.048843914389833e-07
46.0	435.71981967098907	1.08e-05	0.12732389783511433	0.12732591435671878	0.12732733927862494	8.412457604934509e-07
46.0	435.71981967098907	1.1200000000000001e-05	0.12732144820745184	0.12732438181905267	0.12732636827838473	1.2432769498475102e-06
46.0	435.71981967098907	1.16e-05	0.12731877846224204	0.1273226935094362	0.12732519508817397	1.677299921406618e-06
46.0	435.71981967098907	1.2e-05	0.12731581231958433	0.1273208405481507	0.1273239365776	2.210590185048e-06
46.0	435.71981967098907	1.24e-05	0.12731246850751887	0.12731849703231515	0.12732224368860923	2.7652184659903295e-06
46.0	435.71981967098907	1.28e-05	0.12730865963431448	0.12731573368560326	0.12732066727167712	3.4921992785960553e-06
46.0	435.71981967098907	1.32e-05	0.127304358087458	0.12731193833568438	0.12731804319170603	4.269386730128084e-06
46.0	435.71981967098907	1.36e-05	0.12729961155553315	0.12730656480777583	0.12731405352805947	5.065210124332205e-06
46.0	435.71981967098907	1.4e-05	0.12729392799603545	0.1272942982833291	0.12729464547056057	1.591648799788296e-07
46.0	435.71981967098907	1.44e-05	0.1272740276568065	0.12728197674658082	0.12728966924742569	5.266559346457727e-06
46.0	435.71981967098907	1.48e-05	0.12727018272887225	0.1272767314534817	0.12728502710741818	4.463514122378456e-06
46.0	435.71981967098907	1.52e-05	0.12726772516407614	0.1272731046997508	0.12728088976690266	3.6925909992438287e-06
46.0	435.71981967098907	1.56e-05	0.1272662951273169	0.12727053864344126	0.12727729487820216	2.987362083854258e-06
46.0	435.71981967098907	1.6e-05	0.1272647915822125	0.127268409486677	0.12727420593683192	2.4623979683084603e-06
46.0	435.71981967098907	1.6400000000000002e-05	0.1272637192442474	0.12726680114369066	0.12727154118296635	1.9681125049312974e-06
46.0	435.71981967098907	1.68e-05	0.12726278563171523	0.1272653881706231	0.12726921382458922	1.5696199692388403e-06
46.0	435.71981967098907	1.7199999999999998e-05	0.12726197758210134	0.12726416675827115	0.12726714907774994	1.2075693208175358e-06
46.0	435.71981967098907	1.76e-05	0.12726112527693711	0.12726300653730213	0.1272652828709866	9.18382056334153e-07
46.0	435.71981967098907	1.8e-05	0.1272607364877496	0.1272619386899721	0.12726356125166038	6.37706755313369e-07
46.0	435.71981967098907	1.84e-05	0.12726003785869988	0.12726087676543593	0.1272619383009257	4.1466153455336317e-07
46.0	435.71981967098907	1.88e-05	0.12725926187396297	0.12725982661845897	0.12726037366875875	2.263917022005564e-07
46.0	435.71981967098907	1.9200000000000003e-05	0.1272584731091735	0.1272587905935721	0.12725905694308537	1.2896210099562845e-07
46.0	435.71981967098907	1.9600000000000002e-05	0.1272570512739284	0.12725777087788787	0.1272584799203953	2.851391546594483e-07
46.0	435.71981967098907	1.9999999999999998e-05	0.12725556427854645	0.12725671819026377	0.1272576872108102	5.060231804999139e-07
46.0	435.71981967098907	2.04e-05	0.12725392872955155	0.1272556441275384	0.12725695946832616	7.76608947153592e-07
46.0	435.71981967098907	2.08e-05	0.12725208628964157	0.12725447205361237	0.1272561404678143	1.0697276055129115e-06
46.0	435.71981967098907	2.12e-05	0.12725005326220007	0.12725319558283513	0.12725526205483728	1.4312631636737235e-06
46.0	435.71981967098907	2.16e-05	0.1272477753932879	0.12725159682384887	0.12725405254500366	1.8054925504842299e-06
46.0	435.71981967098907	2.2e-05	0.12724519746825447	0.127249720829163	0.12725297556298365	2.2935815153174636e-06
46.0	435.71981967098907	2.2400000000000002e-05	0.12724229637886175	0.1272471615047842	0.12725119738861768	2.8130594045672198e-06
46.0	435.71981967098907	2.28e-05	0.12723900785280318	0.12724355644921692	0.12724851780962254	3.3435386859804744e-06
46.0	435.71981967098907	2.32e-05	0.12723496022980285	0.12723538467474457	0.1272357830380999	1.8959867359320246e-07
46.0	435.71981967098907	2.36e-05	0.12722172838586587	0.1272271548607528	0.12723246515935038	3.5519331596076516e-06
46.0	435.71981967098907	2.4e-05	0.1272191915209131	0.12722367669169932	0.12722938180548926	3.0152598501646975e-06
46.0	435.71981967098907	2.44e-05	0.12721758262867056	0.1272212851204622	0.1272266456609339	2.502158303848346e-06
46.0	435.71981967098907	2.48e-05	0.12721665522898196	0.12721960603144783	0.12722428048301992	2.035544954707439e-06
46.0	435.71981967098907	2.5200000000000003e-05	0.12721568476003053	0.12721822121274737	0.12722226143790927	1.6904802699592348e-06
46.0	435.71981967098907	2.56e-05	0.12721500276378706	0.12721718881216768	0.12722053207838258	1.3678472231805863e-06
46.0	435.71981967098907	2.6e-05	0.12721440769937864	0.12721629196540918	0.12721903508303978	1.10852536900804e-06
46.0	435.71981967098907	2.64e-05	0.12721390363811036	0.12721552881374132	0.1272177207876144	8.748286910436583e-07
46.0	435.71981967098907	2.68e-05	0.1272133784902092	0.12721481034271584	0.1272165470423392	6.911631075692568e-07
46.0	435.71981967098907	2.72e-05	0.12721315070086803	0.1272141592280666	0.12721547881870254	5.150466159347922e-07
46.0	435.71981967098907	2.76e-05	0.1272127280951496	0.12721351610480497	0.12721448685792325	3.7948107595054783e-07
46.0	435.71981967098907	2.8e-05	0.12721226293804122	0.12721288521812332	0.1272135461029258	2.6656423505856617e-07
46.0	435.71981967098907	2.8400000000000003e-05	0.12721179478151878	0.12721226797083296	0.12721263418310613	1.7207742206128528e-07
46.0	435.71981967098907	2.88e-05	0.12721134964416603	0.1272116649446604	0.12721195346449843	1.3252919143121866e-07
46.0	435.71981967098907	2.92e-05	0.1272105032557489	0.12721105399523155	0.1272115001952061	1.9961386000049607e-07
46.0	435.71981967098907	2.96e-05	0.1272096170079342	0.12721043813234342	0.12721109861600333	3.2667754640087476e-07
46.0	435.71981967098907	2.9999999999999997e-05	0.12720866451351043	0.12720978204595387	0.12721062194160204	4.74905628310727e-07
46.0	435.71981967098907	3.04e-05	0.12720761460499563	0.1272090814598215	0.12721014399123032	6.62131873994175e-07
46.0	435.71981967098907	3.0799999999999996e-05	0.12720643120929953	0.12720822691071149	0.12720949064169496	8.549703534842093e-07
46.0	435.71981967098907	3.12e-05	0.12720507654534785	0.12720723764584518	0.12720891952574487	1.103353404716835e-06
46.0	435.71981967098907	3.16e-05	0.12720352193589335	0.12720591321302374	0.12720799080782985	1.3643172040802241e-06
46.0	435.71981967098907	3.2e-05	0.12720177201702487	0.12720407491142266	0.12720661389378218	1.6282484770753005e-06
46.0	435.71981967098907	3.2399999999999995e-05	0.1271995798801422	0.12719999442261262	0.1272003858725439	1.8997363376171666e-07
46.0	435.71981967098907	3.2800000000000004e-05	0.12719298858664985	0.1271958554521988	0.12719873113847235	1.8365323755400256e-06
46.0	435.71981967098907	3.32e-05	0.12719175428470653	0.12719414408496005	0.12719721097490666	1.5659364475289116e-06
46.0	435.71981967098907	3.36e-05	0.12719099025699165	0.1271929874082151	0.12719587987618386	1.3107646398448027e-06
46.0	435.71981967098907	3.4e-05	0.12719056294472253	0.12719219500184578	0.12719475105406364	1.0829282643334918e-06
46.0	435.71981967098907	3.4399999999999996e-05	0.12719012360073645	0.12719155427922638	0.12719380486278098	9.179203760715145e-07
46.0	435.71981967098907	3.4800000000000006e-05	0.12718982939290324	0.12719109767584186	0.12719301323449717	7.668047253783005e-07
46.0	435.71981967098907	3.52e-05	0.12718957316742152	0.12719071676020974	0.1271923484264521	6.466812854677412e-07
46.0	435.71981967098907	3.56e-05	0.12718937193861457	0.12719041168938783	0.1271917859228351	5.40989573139957e-07
46.0	435.71981967098907	3.6e-05	0.12718917211010616	0.12719013478372324	0.1271913055018059	4.62095064467901e-07
46.0	435.71981967098907	3.64e-05	0.12718910504549186	0.1271899001813982	0.12719089103858217	3.888084058104167e-07
46.0	435.71981967098907	3.68e-05	0.12718895807077324	0.12718967562919006	0.12719052988168933	3.37738906596787e-07
46.0	435.71981967098907	3.72e-05	0.12718880303809943	0.12718946375930823	0.12719021217175008	2.9910399330148084e-07
46.0	435.71981967098907	3.76e-05	0.12718865606968954	0.1271892650306747	0.1271899302361632	2.6781494691631443e-07
46.0	435.71981967098907	3.7999999999999995e-05	0.12718852888383303	0.12718907841760682	0.12718967809045179	2.4193318847058707e-07
46.0	435.71981967098907	3.8400000000000005e-05	0.12718842122790175	0.1271889088269752	0.12718945103946488	2.198550086760355e-07
46.0	435.71981967098907	3.88e-05	0.1271883208845157	0.12718875071401486	0.1271892453615866	2.0107892617518504e-07
46.0	435.71981967098907	3.9200000000000004e-05	0.1271882375031801	0.127188609946924	0.1271890580579571	1.8481090331800618e-07
46.0	435.71981967098907	3.96e-05	0.12718814715606896	0.12718848419104564	0.12718888664725814	1.6891697584281164e-07
46.0	435.71981967098907	3.9999999999999996e-05	0.1271880556304925	0.12718837178835524	0.12718872897981992	1.5684279827074998e-07
46.0	435.71981967098907	4.0400000000000006e-05	0.1271879738286099	0.12718826577976028	0.12718858303474523	1.4685630418932319e-07
46.0	435.71981967098907	4.08e-05	0.1271879070298434	0.12718816847937883	0.12718844670022467	1.396841982819831e-07
46.0	435.71981967098907	4.12e-05	0.12718783250803867	0.12718807905436674	0.12718831798278885	1.3403397052616955e-07
46.0	435.71981967098907	4.16e-05	0.12718776046238034	0.1271879994017028	0.1271882021388624	1.3033602849826102e-07
46.0	435.71981967098907	4.2e-05	0.12718769824521203	0.12718795465841234	0.12718812955162928	1.249067201176914e-07
47.0	446.81909155875326	0.0	0.12986119770460913	0.12986422725477495	0.12986568990055236	9.881943909866355e-07
47.0	446.81909155875326	4e-07	0.12985921741602535	0.1298623293145877	0.12986385668370204	1.0267186594235968e-06
47.0	446.81909155875326	8e-07	0.12985703774492663	0.12986045039645686	0.12986235141954516	1.1512157781652379e-06
47.0	446.81909155875326	1.2000000000000002e-06	0.12985464530669066	0.12985859491121526	0.12986149824152715	1.3914859783884477e-06
47.0	446.81909155875326	1.6e-06	0.12985200717044432	0.12985663929892396	0.12985990392161995	1.6844471757835864e-06
47.0	446.81909155875326	2e-06	0.1298490730280486	0.1298546331231001	0.12985846438749782	2.100440051386657e-06
47.0	446.81909155875326	2.4000000000000003e-06	0.12984577495641147	0.129852406231667	0.12985685016435866	2.5912092203476116e-06
47.0	446.81909155875326	2.8000000000000003e-06	0.1298420283527042	0.12984995214846032	0.12985514554728983	3.2257395833259836e-06
47.0	446.81909155875326	3.2e-06	0.1298377358440561	0.12984683258057125	0.12985281462581	3.907511333074532e-06
47.0	446.81909155875326	3.6e-06	0.12983279259148084	0.12984315752696354	0.129850691587734	4.832258568696015e-06
47.0	446.81909155875326	4e-06	0.12982717101494057	0.12983809796641282	0.1298471497486382	5.830729082563365e-06
47.0	446.81909155875326	4.4e-06	0.1298209365504226	0.12983092902839632	0.12984177222189341	6.857424292468431e-06
47.0	446.81909155875326	4.800000000000001e-06	0.1298139464065633	0.12981453369364881	0.12981506083744598	2.5910030697063584e-07
47.0	446.81909155875326	5.2e-06	0.12978793125902577	0.12979813240733765	0.1298078165352825	6.960124415498127e-06
47.0	446.81909155875326	5.600000000000001e-06	0.1297827386834136	0.12979112546745025	0.12980166558037265	5.890360450472345e-06
47.0	446.81909155875326	6e-06	0.12977940536889054	0.12978626671017118	0.12979617000844623	4.8632153053985724e-06
47.0	446.81909155875326	6.4e-06	0.12977745438867672	0.1297828153097054	0.12979138181489347	3.921045495024945e-06
47.0	446.81909155875326	6.8e-06	0.12977540353100725	0.12977994305436139	0.129787252706552	3.217858195700132e-06
47.0	446.81909155875326	7.2e-06	0.12977392338970883	0.12977775985209622	0.12978367844858507	2.552112441324082e-06
47.0	446.81909155875326	7.6e-06	0.12977265090737067	0.1297758311547019	0.1297805426259746	2.0155687206183517e-06
47.0	446.81909155875326	8e-06	0.12977152966156247	0.12977415193470015	0.12977774603220293	1.5249806719205074e-06
47.0	446.81909155875326	8.4e-06	0.12977033723567732	0.12977255038340907	0.12977520323400515	1.1299762264173962e-06
47.0	446.81909155875326	8.8e-06	0.1297697837443348	0.1297710660296739	0.12977284180050752	7.428515019243511e-07
47.0	446.81909155875326	9.2e-06	0.12976880395085288	0.12976958550538234	0.1297705995131304	4.2766015822946795e-07
47.0	446.81909155875326	9.600000000000001e-06	0.12976771931633557	0.12976811629626475	0.1297684210293708	1.496546119468363e-07
47.0	446.81909155875326	9.999999999999999e-06	0.12976621408480504	0.12976666169154366	0.1297669652095621	1.780046804276268e-07
47.0	446.81909155875326	1.04e-05	0.12976400987304348	0.1297652254689911	0.12976626147261694	5.047712225026651e-07
47.0	446.81909155875326	1.08e-05	0.1297617130235711	0.12976373108378023	0.12976515653448306	8.411211967903559e-07
47.0	446.81909155875326	1.1200000000000001e-05	0.12975926379296077	0.12976219887034654	0.12976418594214678	1.2431198883490902e-06
47.0	446.81909155875326	1.16e-05	0.12975659448532895	0.12976051100034158	0.1297630149704352	1.6772196301787132e-06
47.0	446.81909155875326	1.2e-05	0.12975362883721253	0.12975865843015555	0.12976175703188897	2.210446023681687e-06
47.0	446.81909155875326	1.24e-05	0.12975028559763135	0.12975631536441384	0.12976006437745102	2.7650073913278056e-06
47.0	446.81909155875326	1.28e-05	0.12974647732159106	0.12975355252926488	0.12975848856146488	3.4918995882981808e-06
47.0	446.81909155875326	1.32e-05	0.12974217659298404	0.12974975782028153	0.12975586505661418	4.268950581114156e-06
47.0	446.81909155875326	1.36e-05	0.1297374310284516	0.12974438516550338	0.12975187613796546	5.0645910848921536e-06
47.0	446.81909155875326	1.4e-05	0.12973175394163494	0.12973212085759178	0.12973246608008537	1.5795314784899882e-07
47.0	446.81909155875326	1.44e-05	0.12971185940023489	0.12971980270350245	0.1297274910222983	5.264758370330388e-06
47.0	446.81909155875326	1.48e-05	0.12970801551598843	0.12971455895553002	0.12972285004649198	4.461883539886527e-06
47.0	446.81909155875326	1.52e-05	0.12970555853811305	0.12971093325120556	0.12971871380267608	3.6911632913803418e-06
47.0	446.81909155875326	1.56e-05	0.1297041285917544	0.1297083678967572	0.12971511990781615	2.9861535272644144e-06
47.0	446.81909155875326	1.6e-05	0.1297026255369813	0.12970623930813358	0.12971203184888314	2.461350281550314e-06
47.0	446.81909155875326	1.6400000000000002e-05	0.1297015531669352	0.12970463136013805	0.12970936787252807	1.96721092801862e-06
47.0	446.81909155875326	1.68e-05	0.129700620125198	0.12970321865149492	0.12970704120241994	1.5689385332108676e-06
47.0	446.81909155875326	1.7199999999999998e-05	0.12969981207626002	0.12970199753637074	0.12970497707212836	1.2069727701257261e-06
47.0	446.81909155875326	1.76e-05	0.1296989597689313	0.12970083762978118	0.12970311142686075	9.178256909091082e-07
47.0	446.81909155875326	1.8e-05	0.12969857083927572	0.12969977007938455	0.12970139032893524	6.371647354820857e-07
47.0	446.81909155875326	1.84e-05	0.1296978722605262	0.12969870845863632	0.12969976787279514	4.140656187119479e-07
47.0	446.81909155875326	1.88e-05	0.12969709659888373	0.12969765863878877	0.12969820372049057	2.2553039431723206e-07
47.0	446.81909155875326	1.9200000000000003e-05	0.12969630815638666	0.1296966229633868	0.12969688742011698	1.27628667771513e-07
47.0	446.81909155875326	1.9600000000000002e-05	0.12969488675346952	0.12969560360040164	0.12969631128996983	2.8453199818151716e-07
47.0	446.81909155875326	1.9999999999999998e-05	0.12969340029140763	0.12969455128589175	0.12969551890337971	5.056013275676478e-07
47.0	446.81909155875326	2.04e-05	0.12969176084713396	0.129693477637017	0.12969479012541374	7.762232310768536e-07
47.0	446.81909155875326	2.08e-05	0.12968991900232663	0.12969230609421015	0.12969397256809412	1.069434865881647e-06
47.0	446.81909155875326	2.12e-05	0.12968788664109265	0.12969103011785676	0.12969309456256806	1.430903728417644e-06
47.0	446.81909155875326	2.16e-05	0.12968560953461328	0.12968943193964808	0.12969188524318565	1.8050512881566359e-06
47.0	446.81909155875326	2.2e-05	0.12968303245074164	0.1296875566109623	0.12969080878085038	2.293025136420087e-06
47.0	446.81909155875326	2.2400000000000002e-05	0.12968013241150178	0.12968499814053644	0.1296890311315595	2.8123357700975398e-06
47.0	446.81909155875326	2.28e-05	0.1296768502436958	0.12968139425795358	0.12968635228531777	3.34260053415516e-06
47.0	446.81909155875326	2.32e-05	0.12967280433102513	0.1296732253528139	0.12967362165756757	1.8811921870865896e-07
47.0	446.81909155875326	2.36e-05	0.1296595791858426	0.12966499951595017	0.1296703051957575	3.5498478684362117e-06
47.0	446.81909155875326	2.4e-05	0.129657043530508	0.1296615231304152	0.1296672232339251	3.0133834987484916e-06
47.0	446.81909155875326	2.44e-05	0.12965543533511248	0.12965913277169958	0.129664488383062	2.500517240258617e-06
47.0	446.81909155875326	2.48e-05	0.12965450810500112	0.12965745450000804	0.1296621243648488	2.0341469309960653e-06
47.0	446.81909155875326	2.5200000000000003e-05	0.12965353817987424	0.12965607034511029	0.1296601063473508	1.6892586949205484e-06
47.0	446.81909155875326	2.56e-05	0.1296528562185415	0.1296550384101335	0.12965837787755596	1.3667838397510858e-06
47.0	446.81909155875326	2.6e-05	0.12965226172949595	0.12965414189209676	0.12965688166370093	1.1076799541957992e-06
47.0	446.81909155875326	2.64e-05	0.12965175771092863	0.12965337908403501	0.12965556806249356	8.740722985775034e-07
47.0	446.81909155875326	2.68e-05	0.12965123260814426	0.1296526609669895	0.12965439494356623	6.904491051597858e-07
47.0	446.81909155875326	2.72e-05	0.1296510046982151	0.12965201018082756	0.12965332729547452	5.143504631676699e-07
47.0	446.81909155875326	2.76e-05	0.1296505821682281	0.1296513673903967	0.12965233587432223	3.7875586434891364e-07
47.0	446.81909155875326	2.8e-05	0.12965011733825538	0.12965073685555997	0.1296513956362908	2.6571231908836005e-07
47.0	446.81909155875326	2.8400000000000003e-05	0.12964964951267	0.12965011997803283	0.12965048422310677	1.709114207966928e-07
47.0	446.81909155875326	2.88e-05	0.1296492047030311	0.1296495173220094	0.1296498044918586	1.3110804660481156e-07
47.0	446.81909155875326	2.92e-05	0.1296483588598738	0.129648906757874	0.12964935153450963	1.986279046117819e-07
47.0	446.81909155875326	2.96e-05	0.12964747320413839	0.12964829131577424	0.12964894872891009	3.259730263783979e-07
47.0	446.81909155875326	2.9999999999999997e-05	0.12964652136302401	0.12964763575529833	0.1296484737204615	4.7440465916159057e-07
47.0	446.81909155875326	3.04e-05	0.12964547218749356	0.12964693565949476	0.12964799615288847	6.616292096177753e-07
47.0	446.81909155875326	3.0799999999999996e-05	0.1296442896282315	0.1296460816816762	0.129647343006428	8.54421669070888e-07
47.0	446.81909155875326	3.12e-05	0.129642935933016	0.12964509306979446	0.12964677238647404	1.102720658872498e-06
47.0	446.81909155875326	3.16e-05	0.12964138245348078	0.1296437694701906	0.1296458441833881	1.3635431175621251e-06
47.0	446.81909155875326	3.2e-05	0.12963963383858523	0.1296419323056817	0.12964446799220752	1.6272852040963263e-06
47.0	446.81909155875326	3.2399999999999995e-05	0.1296374434075398	0.1296378545494288	0.12963824391665213	1.8848137926405842e-07
47.0	446.81909155875326	3.2800000000000004e-05	0.12963085836323973	0.12963371934152984	0.12963659053028032	1.8344800991685245e-06
47.0	446.81909155875326	3.32e-05	0.12962962517073873	0.12963200964171548	0.1296350716824426	1.564077396563956e-06
47.0	446.81909155875326	3.36e-05	0.1296288617798229	0.1296308540921868	0.12963374179867948	1.3091188501768495e-06
47.0	446.81909155875326	3.4e-05	0.12962843462145468	0.1296300624400788	0.12963261401912352	1.081497242398101e-06
47.0	446.81909155875326	3.4399999999999996e-05	0.12962799576396122	0.12962942232700242	0.12963166876589582	9.166422661266432e-07
47.0	446.81909155875326	3.4800000000000006e-05	0.1296277015900884	0.1296289661427438	0.12963087794855976	7.656614452137824e-07
47.0	446.81909155875326	3.52e-05	0.12962744586158959	0.12962858551579076	0.12963021384284623	6.457213134013843e-07
47.0	446.81909155875326	3.56e-05	0.1296272446599609	0.1296282807393939	0.12962965195201104	5.401021755778167e-07
47.0	446.81909155875326	3.6e-05	0.129627044867064	0.12962800413402636	0.12962917207138158	4.6124370579057943e-07
47.0	446.81909155875326	3.64e-05	0.1296269776699006	0.12962776980191898	0.12962875809066343	3.8798547788169324e-07
47.0	446.81909155875326	3.68e-05	0.12962683074071268	0.12962754552065792	0.12962839737023213	3.3693183873436866e-07
47.0	446.81909155875326	3.72e-05	0.12962667603781153	0.1296273339351697	0.12962808006024673	2.982866830004735e-07
47.0	446.81909155875326	3.76e-05	0.12962652935696006	0.12962713550318275	0.12962779849574702	2.6696250281466906e-07
47.0	446.81909155875326	3.7999999999999995e-05	0.12962640240397239	0.1296269491835259	0.12962754669833654	2.410423923942436e-07
47.0	446.81909155875326	3.8400000000000005e-05	0.1296262951022351	0.12962677988669188	0.12962731997766053	2.1891889417212685e-07
47.0	446.81909155875326	3.88e-05	0.129626195004251	0.12962662209013262	0.12962711461579435	2.000784346671712e-07
47.0	446.81909155875326	3.9200000000000004e-05	0.1296261119023363	0.12962648170791835	0.12962692761658268	1.8369528909647615e-07
47.0	446.81909155875326	3.96e-05	0.12962602174420645	0.1296263562761901	0.12962675650054933	1.6769815884744417e-07
47.0	446.81909155875326	3.9999999999999996e-05	0.1296259305474674	0.12962624419720206	0.12962659911921648	1.555152032137449e-07
47.0	446.81909155875326	4.0400000000000006e-05	0.1296258491200497	0.1296261385145711	0.12962645345293744	1.4542723478967868e-07
47.0	446.81909155875326	4.08e-05	0.12962578279894643	0.12962604152883064	0.12962631739356922	1.3816768157428162e-07
47.0	446.81909155875326	4.12e-05	0.1296257086736725	0.12962595240250888	0.1296261889611463	1.3244357692908825e-07
47.0	446.81909155875326	4.16e-05	0.12962563708185204	0.12962587302905104	0.12962607330144316	1.2869367871286e-07
47.0	446.81909155875326	4.2e-05	0.12962557542879516	0.12962582845088166	0.129626001351264	1.2327434547876277e-07
48.0	457.91836344651745	0.0	0.1323435557373367	0.1323465864278006	0.13234805061593136	9.887454478112627e-07
48.0	457.91836344651745	4e-07	0.1323415754560493	0.13234468850886996	0.13234621777404332	1.0272490635272736e-06
48.0	457.91836344651745	8e-07	0.1323393958117176	0.1323428096498074	0.13234471273897608	1.1516897278257104e-06
48.0	457.91836344651745	1.2000000000000002e-06	0.13233700341984456	0.13234095423847048	0.13234385984811947	1.3918689450430698e-06
48.0	457.91836344651745	1.6e-06	0.13233436535088838	0.1323389987286963	0.13234226588470577	1.6847536237560362e-06
48.0	457.91836344651745	2e-06	0.13233143129924763	0.1323369926987254	0.13234082667554148	2.100678470256632e-06
48.0	457.91836344651745	2.4000000000000003e-06	0.1323281333460926	0.13233476606177494	0.1323392122530107	2.5915029200058256e-06
48.0	457.91836344651745	2.8000000000000003e-06	0.13232438689549753	0.13233231217832728	0.13233750809946354	3.225984070752798e-06
48.0	457.91836344651745	3.2e-06	0.13232009433602698	0.13232919283009648	0.13233517728666389	3.90772075148342e-06
48.0	457.91836344651745	3.6e-06	0.13231515135807914	0.13232551801676215	0.13233305470584256	4.8324265234879345e-06
48.0	457.91836344651745	4e-06	0.13230953014127422	0.13232045872874565	0.13232951321317454	5.830824195668424e-06
48.0	457.91836344651745	4.4e-06	0.13230329613960645	0.13231329013955406	0.1323241360718539	6.857410222822772e-06
48.0	457.91836344651745	4.800000000000001e-06	0.13229630536141723	0.1322968957850682	0.13229742598070615	2.6079738823053654e-07
48.0	457.91836344651745	5.2e-06	0.13227030018827524	0.132280496550095	0.13229017747811866	6.958978537465321e-06
48.0	457.91836344651745	5.600000000000001e-06	0.13226510824073756	0.1322734905751394	0.13228402717518684	5.889302179728605e-06
48.0	457.91836344651745	6e-06	0.13226177525277016	0.13226863246689127	0.13227853223994845	4.862279746340829e-06
48.0	457.91836344651745	6.4e-06	0.13225982422536564	0.13226518148752983	0.13227374463799357	3.920256687658132e-06
48.0	457.91836344651745	6.8e-06	0.13225777369068226	0.13226230956906027	0.13226961598282205	3.217176006230712e-06
48.0	457.91836344651745	7.2e-06	0.13225629342349254	0.13226012658851136	0.13226604220741667	2.551530796241362e-06
48.0	457.91836344651745	7.6e-06	0.13225502138677037	0.13225819800768368	0.13226290681450603	2.015170470363529e-06
48.0	457.91836344651745	8e-06	0.13225390006553717	0.13225651895146814	0.1322601106070378	1.5246477370927864e-06
48.0	457.91836344651745	8.4e-06	0.1322527075615314	0.13225491758581728	0.13225756816141399	1.1296787273281532e-06
48.0	457.91836344651745	8.8e-06	0.13225215389492018	0.1322534334091105	0.13225520705577853	7.425899888018616e-07
48.0	457.91836344651745	9.2e-06	0.13225117407966547	0.13225195306872248	0.13225296507976658	4.2740404645936353e-07
48.0	457.91836344651745	9.600000000000001e-06	0.13225008966584895	0.13225048406663922	0.13225078689848235	1.492179050957989e-07
48.0	457.91836344651745	9.999999999999999e-06	0.13224858034430564	0.13224902969151003	0.1322493315416411	1.777629614243842e-07
48.0	457.91836344651745	1.04e-05	0.13224637644310278	0.1322475937032123	0.13224862848506458	5.046920240239305e-07
48.0	457.91836344651745	1.08e-05	0.13224407991780396	0.1322460995678838	0.13224752566997466	8.410334561653351e-07
48.0	457.91836344651745	1.1200000000000001e-05	0.13224163103427156	0.13224456764155906	0.13224655544688702	1.2430046658178282e-06
48.0	457.91836344651745	1.16e-05	0.13223896210813102	0.13224288016057648	0.13224538652459294	1.6771750854607213e-06
48.0	457.91836344651745	1.2e-05	0.13223599689065857	0.13224102793382336	0.1322441290966898	2.210344281185633e-06
48.0	457.91836344651745	1.24e-05	0.13223265414972385	0.13223868526176605	0.13224243664992663	2.7648457522021204e-06
48.0	457.91836344651745	1.28e-05	0.13222884638398202	0.13223592287568373	0.13224086137596114	3.491660769370957e-06
48.0	457.91836344651745	1.32e-05	0.13222454637233394	0.13223212872900103	0.1322382383861349	4.268592591555391e-06
48.0	457.91836344651745	1.36e-05	0.13221980165804403	0.13222675684018054	0.1322342501361442	5.064073269744892e-06
48.0	457.91836344651745	1.4e-05	0.13221413088262146	0.13221449447105302	0.13221483771743614	1.5675987238563766e-07
48.0	457.91836344651745	1.44e-05	0.1321942414600059	0.13220217931884354	0.1322098636883755	5.263134897091382e-06
48.0	457.91836344651745	1.48e-05	0.1321903984854993	0.13219693693859183	0.1322052237428366	4.460411330884391e-06
48.0	457.91836344651745	1.52e-05	0.13218794201794992	0.13219331216326535	0.13220108847144285	3.689870457932389e-06
48.0	457.91836344651745	1.56e-05	0.1321865121397181	0.13219074743017448	0.1321974954590468	2.985053844727552e-06
48.0	457.91836344651745	1.6e-05	0.13218500951581724	0.13218861934597706	0.13219440818435402	2.4603905801741164e-06
48.0	457.91836344651745	1.6400000000000002e-05	0.13218393711138	0.1321870117477275	0.13219174489956131	1.966377757585638e-06
48.0	457.91836344651745	1.68e-05	0.13218300457081877	0.1321855992708509	0.1321894188412367	1.5683002188910454e-06
48.0	457.91836344651745	1.7199999999999998e-05	0.13218219651381613	0.13218437841642164	0.13218735525820868	1.206406871217644e-06
48.0	457.91836344651745	1.76e-05	0.13218134420104377	0.1321832187862734	0.13218549011025083	9.172909503380004e-07
48.0	457.91836344651745	1.8e-05	0.13218095513131267	0.13218215149549173	0.1321837694727961	6.366362067136118e-07
48.0	457.91836344651745	1.84e-05	0.132180256586647	0.13218109014022905	0.1321821474519611	4.134780225448988e-07
48.0	457.91836344651745	1.88e-05	0.1321794811982313	0.13218004060669608	0.13218058372042485	2.2468014322214314e-07
48.0	457.91836344651745	1.9200000000000003e-05	0.1321786930397737	0.13217900523760598	0.1321792678675351	1.2632771864362646e-07
48.0	457.91836344651745	1.9600000000000002e-05	0.13217727200760088	0.13217798618369295	0.13217869252743508	2.839666713578057e-07
48.0	457.91836344651745	1.9999999999999998e-05	0.13217578601600444	0.13217693419482127	0.13217790040454602	5.052240070318986e-07
48.0	457.91836344651745	2.04e-05	0.13217414264714655	0.1321758609082862	0.13217717194961764	7.758888487262698e-07
48.0	457.91836344651745	2.08e-05	0.13217230131786284	0.13217468983158312	0.13217635443147824	1.0691908263484793e-06
48.0	457.91836344651745	2.12e-05	0.13217026953368904	0.13217341428609936	0.13217547676276364	1.4306037804759642e-06
48.0	457.91836344651745	2.16e-05	0.13216799308825244	0.13217181661278268	0.1321742675942401	1.8046809522636398e-06
48.0	457.91836344651745	2.2e-05	0.13216541673247306	0.1321699418648905	0.13217319158036478	2.292556782782574e-06
48.0	457.91836344651745	2.2400000000000002e-05	0.13216251760866715	0.13216738413902623	0.13217141437554503	2.8117230323718884e-06
48.0	457.91836344651745	2.28e-05	0.13215924159012538	0.1321637812795546	0.1321687361572801	3.341801521493024e-06
48.0	457.91836344651745	2.32e-05	0.13215519722638902	0.1321556148750276	0.1321560091204459	1.8666166037462284e-07
48.0	457.91836344651745	2.36e-05	0.1321419779736086	0.13214739255085106	0.13215269390451567	3.547977079617449e-06
48.0	457.91836344651745	2.4e-05	0.13213944337079297	0.13214391773868706	0.1321496131699531	3.0116966520114913e-06
48.0	457.91836344651745	2.44e-05	0.1321378357808385	0.13214152845007107	0.13214687946221915	2.49903716968996e-06
48.0	457.91836344651745	2.48e-05	0.13213690868775885	0.13213985089999672	0.13214451647058478	2.0328799767677954e-06
48.0	457.91836344651745	2.5200000000000003e-05	0.13213593923975697	0.13213846733281187	0.1321424993673359	1.6881447184321882e-06
48.0	457.91836344651745	2.56e-05	0.1321352573026795	0.13213743580947257	0.13214077168707217	1.3658062079249126e-06
48.0	457.91836344651745	2.6e-05	0.13213466331880763	0.13213653957987279	0.13213927616685606	1.1068944599375995e-06
48.0	457.91836344651745	2.64e-05	0.13213415932924022	0.13213577707384486	0.1321379631816164	8.733618656573274e-07
48.0	457.91836344651745	2.68e-05	0.13213363426287827	0.132135059268802	0.1321367906179276	6.897709979176595e-07
48.0	457.91836344651745	2.72e-05	0.13213340623082193	0.1321344087710319	0.13213572347930036	5.136810575430047e-07
48.0	457.91836344651745	2.76e-05	0.13213298375777072	0.13213376627280618	0.1321347325349258	3.7805093159962777e-07
48.0	457.91836344651745	2.8e-05	0.13213251920586977	0.1321331360473701	0.132133792752696	2.648785844505792e-07
48.0	457.91836344651745	2.8400000000000003e-05	0.13213205167289477	0.13213251949551336	0.13213288178528337	1.6976694252366106e-07
48.0	457.91836344651745	2.88e-05	0.13213160715910455	0.13213191716558453	0.13213220298284778	1.2971872934825317e-07
48.0	457.91836344651745	2.92e-05	0.1321307618005081	0.13213130693997868	0.1321317502813395	1.9768446308823762e-07
48.0	457.91836344651745	2.96e-05	0.1321298766719634	0.1321306918688457	0.13213134641264812	3.253149083831027e-07
48.0	457.91836344651745	2.9999999999999997e-05	0.13212892541337862	0.13213003677337828	0.13213087286133351	4.7394489900721154e-07
48.0	457.91836344651745	3.04e-05	0.13212787689198802	0.13212933710917668	0.13213039561218576	6.611758158993995e-07
48.0	457.91836344651745	3.0799999999999996e-05	0.13212669507947172	0.13212848363427568	0.13212974263248167	8.539312624963494e-07
48.0	457.91836344651745	3.12e-05	0.13212534224907646	0.132127495599716	0.1321291724448157	1.1021599708855948e-06
48.0	457.91836344651745	3.16e-05	0.13212378977787864	0.13212617273827496	0.1321282446853358	1.3628598796738166e-06
48.0	457.91836344651745	3.2e-05	0.13212204232595592	0.13212433658303221	0.13212686912694416	1.6264361777576482e-06
48.0	457.91836344651745	3.2399999999999995e-05	0.13211985345303923	0.13212026125092746	0.1321206485472377	1.8701460991877947e-07
48.0	457.91836344651745	3.2800000000000004e-05	0.13211327397408112	0.13211612941031142	0.1321189963648477	1.8326157878865488e-06
48.0	457.91836344651745	3.32e-05	0.13211204176001345	0.13211442120166228	0.13211747869551616	1.5623853878424976e-06
48.0	457.91836344651745	3.36e-05	0.1321112789318013	0.1321132666616798	0.13211614990257736	1.3076162560528695e-06
48.0	457.91836344651745	3.4e-05	0.13211085190329008	0.13211247568664208	0.13211502306461842	1.0801846364331123e-06
48.0	457.91836344651745	3.4399999999999996e-05	0.1321104134790403	0.13211183612304822	0.13211407865726166	9.154633280703087e-07
48.0	457.91836344651745	3.4800000000000006e-05	0.1321101193348353	0.1321113803173373	0.13211328857239124	7.64599695631792e-07
48.0	457.91836344651745	3.52e-05	0.13210986404635428	0.13211099995096395	0.13211262510189492	6.448221522062062e-07
48.0	457.91836344651745	3.56e-05	0.13210966286497516	0.13211069544022494	0.13211206376581952	5.392647999253938e-07
48.0	457.91836344651745	3.6e-05	0.13210946310634775	0.13211041910645144	0.13211158437466874	4.604348401977426e-07
48.0	457.91836344651745	3.64e-05	0.1321093957794366	0.13211018501809557	0.132111170831001	3.871981173025617e-07
48.0	457.91836344651745	3.68e-05	0.13210924888534947	0.13210996098134775	0.1321108105057256	3.3615504360796444e-07
48.0	457.91836344651745	3.72e-05	0.13210909447570707	0.13210974965274405	0.1321104935575219	2.974967414095417e-07
48.0	457.91836344651745	3.76e-05	0.13210894805611328	0.13210955148894318	0.13211021232828646	2.6613634837442113e-07
48.0	457.91836344651745	3.7999999999999995e-05	0.1321088213090036	0.13210936543465748	0.13210996084513038	2.4017656937089775e-07
48.0	457.91836344651745	3.8400000000000005e-05	0.13210871433293914	0.13210919640292532	0.1321097344220803	2.1800697323654592e-07
48.0	457.91836344651745	3.88e-05	0.13210861446565758	0.13210903889255043	0.13210952934463194	1.9910197831677317e-07
48.0	457.91836344651745	3.9200000000000004e-05	0.1321085316167805	0.1321088988584599	0.13210934261919238	1.8260616371677603e-07
48.0	457.91836344651745	3.96e-05	0.13210844162336421	0.13210877371927107	0.13210917176807868	1.6650658640838198e-07
48.0	457.91836344651745	3.9999999999999996e-05	0.13210835072862004	0.13210866193220797	0.1321090146440529	1.5421595226752394e-07
48.0	457.91836344651745	4.0400000000000006e-05	0.13210826964692046	0.13210855654489914	0.13210886922878462	1.4402659631186667e-07
48.0	457.91836344651745	4.08e-05	0.13210820377701626	0.13210845984495942	0.13210873341777507	1.3667942218677865e-07
48.0	457.91836344651745	4.12e-05	0.1321081300191711	0.13210837099094885	0.1321086052440199	1.3088124678136766e-07
48.0	457.91836344651745	4.16e-05	0.13210805885040333	0.1321082918725756	0.1321084897469671	1.270800290660355e-07
48.0	457.91836344651745	4.2e-05	0.13210799773183002	0.13210824742681576	0.13210841839657927	1.2167271290840823e-07
49.0	469.01763533428164	0.0	0.1348685425165428	0.13487157437392533	0.1348730401085616	9.893097050576295e-07
49.0	469.01763533428164	4e-07	0.13486656224183058	0.1348696764745453	0.13487120761580673	1.027792606351743e-06
49.0	469.01763533428164	8e-07	0.13486438262164757	0.13486779766988408	0.1348697027958119	1.15217653688718e-06
49.0	469.01763533428164	1.2000000000000002e-06	0.13486199027169476	0.13486594232677346	0.1348688501751072	1.3922651412514505e-06
49.0	469.01763533428164	1.6e-06	0.1348593522637822	0.13486398691127344	0.1348672565380893	1.6850732339793843e-06
49.0	469.01763533428164	2e-06	0.13485641829480866	0.13486198101582964	0.1348658176308275	2.100929531051696e-06
49.0	469.01763533428164	2.4000000000000003e-06	0.1348531204500789	0.13485975461283042	0.1348642030348568	2.5917991119479397e-06
49.0	469.01763533428164	2.8000000000000003e-06	0.13484937414026454	0.13485730091389062	0.13486249930958483	3.2262293179864356e-06
49.0	469.01763533428164	3.2e-06	0.13484508151244778	0.13485418177023312	0.13486016860529748	3.90792930021811e-06
49.0	469.01763533428164	3.6e-06	0.13484013879004397	0.13485050718315203	0.1348580464534308	4.832593068277496e-06
49.0	469.01763533428164	4e-06	0.13483451790841805	0.13484544815510907	0.13485450529339982	5.830921340402076e-06
49.0	469.01763533428164	4.4e-06	0.1348282843380435	0.13483827990113678	0.13484912852964115	6.857405954385346e-06
49.0	469.01763533428164	4.800000000000001e-06	0.1348212929896988	0.1348218864692128	0.13482241965852815	2.6247338363585004e-07
49.0	469.01763533428164	5.2e-06	0.13479529738822382	0.13480548913685747	0.13481516694964846	6.957909033676334e-06
49.0	469.01763533428164	5.600000000000001e-06	0.13479010601008135	0.13479848405098352	0.13480901725151906	5.888314852190324e-06
49.0	469.01763533428164	6e-06	0.1347867733188579	0.13479362654153562	0.13480352290673547	4.8614057404782626e-06
49.0	469.01763533428164	6.4e-06	0.13478482224664212	0.1347901759519369	0.13479873585332758	3.9195170200126875e-06
49.0	469.01763533428164	6.8e-06	0.13478277200574684	0.13478730434705302	0.13479460760953543	3.216532462282218e-06
49.0	469.01763533428164	7.2e-06	0.1347812916265374	0.1347851215734235	0.1347910342819576	2.5509777486352946e-06
49.0	469.01763533428164	7.6e-06	0.1347800199895124	0.134783193102618	0.13478789928720136	2.0147838893805656e-06
49.0	469.01763533428164	8e-06	0.13477889859798609	0.13478151419726161	0.13478510343678796	1.5243204474073573e-06
49.0	469.01763533428164	8.4e-06	0.13477770602570693	0.13477991300205158	0.1347825613158875	1.1293827942322041e-06
49.0	469.01763533428164	8.8e-06	0.13477715219104258	0.13477842898625	0.13478020051082495	7.423262614366931e-07
49.0	469.01763533428164	9.2e-06	0.13477617235123507	0.13477694881265062	0.13477795881869614	4.2714369388757465e-07
49.0	469.01763533428164	9.600000000000001e-06	0.13477508812767613	0.13477547999795597	0.13477578091152864	1.487874229043327e-07
49.0	469.01763533428164	9.999999999999999e-06	0.13477357471733864	0.1347740258303152	0.13477432606702333	1.7755542084802855e-07
49.0	469.01763533428164	1.04e-05	0.13477137109429194	0.1347725900534286	0.1347736236034578	5.046406743238137e-07
49.0	469.01763533428164	1.08e-05	0.13476907485789447	0.1347710961420517	0.1347725230001675	8.409754334389635e-07
49.0	469.01763533428164	1.1200000000000001e-05	0.13476662628246938	0.13476956447335206	0.13477155311458233	1.2429226684406908e-06
49.0	469.01763533428164	1.16e-05	0.13476395769413685	0.13476787734083678	0.13477038610149705	1.6771578696263808e-06
49.0	469.01763533428164	1.2e-05	0.1347609928576068	0.13476602541983593	0.1347691291353037	2.2102746439118533e-06
49.0	469.01763533428164	1.24e-05	0.13475765055795375	0.1347636830973711	0.13476743687620907	2.764721416864452e-06
49.0	469.01763533428164	1.28e-05	0.1347538432367834	0.13476092111169863	0.13476586209708596	3.4914677247014493e-06
49.0	469.01763533428164	1.32e-05	0.13474954386314053	0.13475712746657562	0.13476323957561664	4.268293452001644e-06
49.0	469.01763533428164	1.36e-05	0.13474479990756905	0.13475175626145156	0.13475925193552296	5.0636318290169214e-06
49.0	469.01763533428164	1.4e-05	0.13473913532739612	0.1347394956171705	0.13473983687299462	1.5558005763559528e-07
49.0	469.01763533428164	1.44e-05	0.13471925048136502	0.13472718316508278	0.13473486376570953	5.26165338110306e-06
49.0	469.01763533428164	1.48e-05	0.13471540831064743	0.13472194201195561	0.13473022474532215	4.459065588673929e-06
49.0	469.01763533428164	1.52e-05	0.13471295229303326	0.13471831807049278	0.13472609034863847	3.6886852420357905e-06
49.0	469.01763533428164	1.56e-05	0.13471152246650409	0.13471575389542775	0.13472249813106618	2.984040955837037e-06
49.0	469.01763533428164	1.6e-05	0.13471002022588507	0.13471362626567668	0.13471941156288558	2.4595010298154443e-06
49.0	469.01763533428164	1.6400000000000002e-05	0.13470894778613207	0.13471201898208854	0.13471674890199026	1.965598983606737e-06
49.0	469.01763533428164	1.68e-05	0.13470801569089286	0.1347106067123292	0.13471442339529283	1.5676954987525096e-06
49.0	469.01763533428164	1.7199999999999998e-05	0.13470720762	0.13470938609038038	0.13471236030507328	1.2058645165234816e-06
49.0	469.01763533428164	1.76e-05	0.13470635529985042	0.13470822670712815	0.13471049560400417	9.167725833703893e-07
49.0	469.01763533428164	1.8e-05	0.13470596609168695	0.13470715964682403	0.1347087753791545	6.361175059460108e-07
49.0	469.01763533428164	1.84e-05	0.13470526756920354	0.13470609852709542	0.13470715374702724	4.128960364191511e-07
49.0	469.01763533428164	1.88e-05	0.1347044924151266	0.13470504924775925	0.1347055903897898	2.238375270791127e-07
49.0	469.01763533428164	1.9200000000000003e-05	0.13470370451020575	0.13470401415081915	0.13470427500626236	1.2505119973670982e-07
49.0	469.01763533428164	1.9600000000000002e-05	0.13470228380285398	0.13470299537141836	0.13470370036599277	2.834352411034365e-07
49.0	469.01763533428164	1.9999999999999998e-05	0.13470079823221948	0.13470194367051305	0.13470290845905009	5.048826318682131e-07
49.0	469.01763533428164	2.04e-05	0.13469915090692464	0.13470087070524533	0.13470218028707848	7.755955044175759e-07
49.0	469.01763533428164	2.08e-05	0.1346973100304023	0.13469970004240905	0.13470136281299272	1.0689847689957767e-06
49.0	469.01763533428164	2.12e-05	0.13469527875302933	0.13469842487721798	0.13470048542394597	1.4303499818341426e-06
49.0	469.01763533428164	2.16e-05	0.13469300288876962	0.13469682764882254	0.13469927637598111	1.8043655698396318e-06
49.0	469.01763533428164	2.2e-05	0.13469042717237212	0.13469495341455534	0.13469820075291405	2.2921565085923048e-06
49.0	469.01763533428164	2.2400000000000002e-05	0.13468752885772872	0.13469239634741936	0.13469642392867964	2.8111960932872255e-06
49.0	469.01763533428164	2.28e-05	0.13468425883317714	0.13468879439390688	0.1346937462559934	3.341110237424085e-06
49.0	469.01763533428164	2.32e-05	0.13468021589174128	0.1346806302011308	0.13468102238145008	1.852190708564884e-07
49.0	469.01763533428164	2.36e-05	0.1346670018837166	0.13467241101881805	0.13467770827592496	3.5462785567054992e-06
49.0	469.01763533428164	2.4e-05	0.13466446820798605	0.1346689376121102	0.13467462863790214	3.010161868817575e-06
49.0	469.01763533428164	2.44e-05	0.1346628611506917	0.1346665492800366	0.1346718959536677	2.497686199104906e-06
49.0	469.01763533428164	2.48e-05	0.13466193416968597	0.13466487237549418	0.1346695338827546	2.0317180183228757e-06
49.0	469.01763533428164	2.5200000000000003e-05	0.13466096514504944	0.13466348933565409	0.13466751760274498	1.6871168836661777e-06
49.0	469.01763533428164	2.56e-05	0.13466028322451695	0.13466245818146505	0.1346657906323161	1.3648970324424948e-06
49.0	469.01763533428164	2.6e-05	0.13465968968901887	0.13466156220913855	0.13466429573588368	1.1061560992250429e-06
49.0	469.01763533428164	2.64e-05	0.1346591857184034	0.13466079997248406	0.13466298330440285	8.726872533289718e-07
49.0	469.01763533428164	2.68e-05	0.1346586606821223	0.13466008244625938	0.134661811239412	6.891206302398035e-07
49.0	469.01763533428164	2.72e-05	0.13465843252779308	0.13465943220510565	0.13466074455767885	5.130319696136446e-07
49.0	469.01763533428164	2.76e-05	0.1346580100974064	0.1346587899668471	0.13465975404004116	3.773610002098022e-07
49.0	469.01763533428164	2.8e-05	0.13465754578457112	0.1346581600169579	0.13465881466485552	2.6405807448322314e-07
49.0	469.01763533428164	2.8400000000000003e-05	0.134657078513297	0.1346575437554385	0.13465790409463985	1.6863797384303735e-07
49.0	469.01763533428164	2.88e-05	0.13465663427132846	0.13465694171626102	0.13465722617131526	1.2835303774090106e-07
49.0	469.01763533428164	2.92e-05	0.13465578934873967	0.134656331791585	0.13465677367986473	1.967754241651587e-07
49.0	469.01763533428164	2.96e-05	0.13465490469547703	0.13465571705118035	0.1346563688934106	3.2469461540893416e-07
49.0	469.01763533428164	2.9999999999999997e-05	0.13465395396279511	0.1346550623711503	0.13465589661816946	4.735180885438331e-07
49.0	469.01763533428164	3.04e-05	0.1346529060324677	0.13465436309110498	0.13465541963462258	6.607616047786736e-07
49.0	469.01763533428164	3.0799999999999996e-05	0.1346517248949315	0.13465351006415877	0.13465476679332333	8.534871119512107e-07
49.0	469.01763533428164	3.12e-05	0.13465037284615988	0.13465252254621332	0.13465419698562453	1.1016563399045413e-06
49.0	469.01763533428164	3.16e-05	0.13464882128582634	0.13465120034693567	0.13465326961225532	1.362248557959107e-06
49.0	469.01763533428164	3.2e-05	0.1346470748835653	0.13464936509907346	0.13465189461446414	1.625677617139395e-06
49.0	469.01763533428164	3.2399999999999995e-05	0.13464488745101022	0.13464529194459987	0.13464567717420906	1.8556592683847138e-07
49.0	469.01763533428164	3.2800000000000004e-05	0.13463831297822537	0.13464116315004385	0.13464402607977988	1.8309047712426323e-06
49.0	469.01763533428164	3.32e-05	0.13463708163591281	0.13463945628908092	0.1346425094779553	1.5608294918492254e-06
49.0	469.01763533428164	3.36e-05	0.1346363193101734	0.13463830266299354	0.13464118167526706	1.3062302198648316e-06
49.0	469.01763533428164	3.4e-05	0.13463589239258678	0.13463751230238868	0.13464005569685256	1.0789682546059155e-06
49.0	469.01763533428164	3.4399999999999996e-05	0.1346354543577606	0.13463687323960044	0.13463911206054657	9.14364838839264e-07
49.0	469.01763533428164	3.4800000000000006e-05	0.13463516024015298	0.13463641777973184	0.13463832264440612	7.636038178058872e-07
49.0	469.01763533428164	3.52e-05	0.13463490534471312	0.13463603765165294	0.1346376597545813	6.439714651442424e-07
49.0	469.01763533428164	3.56e-05	0.1346347041784357	0.13463573338334348	0.13463709892605458	5.384669586367428e-07
49.0	469.01763533428164	3.6e-05	0.13463450445324554	0.13463545729781232	0.13463661998288146	4.5965930096736036e-07
49.0	469.01763533428164	3.64e-05	0.13463443699949806	0.1346352234315614	0.13463620683912403	3.8643832108337886e-07
49.0	469.01763533428164	3.68e-05	0.13463429013237604	0.1346349996176519	0.13463584687515162	3.3540135109358526e-07
49.0	469.01763533428164	3.72e-05	0.13463413598614427	0.13463478852322955	0.134635530257329	2.967274685082289e-07
49.0	469.01763533428164	3.76e-05	0.13463398980576002	0.13463459060398242	0.13463524933376902	2.6532998406419986e-07
49.0	469.01763533428164	3.7999999999999995e-05	0.13463386324163995	0.1346344047917203	0.1346349981366135	2.3932939454505965e-07
49.0	469.01763533428164	3.8400000000000005e-05	0.1346337565670126	0.1346342360010401	0.13463477198393825	2.1711297527021082e-07
49.0	469.01763533428164	3.88e-05	0.13463365691801243	0.13463407875134747	0.13463456716444	1.981432469629036e-07
49.0	469.01763533428164	3.9200000000000004e-05	0.13463357429957767	0.13463393903402593	0.13463438068697098	1.8153682741137484e-07
49.0	469.01763533428164	3.96e-05	0.13463348445059875	0.13463381416036313	0.13463421007561927	1.6533529953898873e-07
49.0	469.01763533428164	3.9999999999999996e-05	0.1346333938346964	0.13463370263793054	0.13463405318442234	1.5293772225953792e-07
49.0	469.01763533428164	4.0400000000000006e-05	0.13463331307367543	0.1346335975194976	0.13463390799644603	1.42646823155767e-07
49.0	469.01763533428164	4.08e-05	0.13463324763141493	0.1346335010802278	0.13463377241079844	1.3521169352985524e-07
49.0	469.01763533428164	4.12e-05	0.1346331742152147	0.1346334124753154	0.13463364447297455	1.2933915102090743e-07
49.0	469.01763533428164	4.16e-05	0.13463310344183022	0.13463333359039684	0.13463352912019566	1.2548717804159848e-07
49.0	469.01763533428164	4.2e-05	0.13463304283023447	0.1346332892461948	0.13463345833655538	1.2009417915766013e-07
50.0	480.1169072220458	0.0	0.1374344493561619	0.1374374824074042	0.1374389496960955	9.89886784393602e-07
50.0	480.1169072220458	4e-07	0.13743246908746443	0.13743558452613122	0.13743711752810484	1.0283488142094302e-06
50.0	480.1169072220458	8e-07	0.1374302894893935	0.13743370577192573	0.13743561291144246	1.1526754650892576e-06
50.0	480.1169072220458	1.2000000000000002e-06	0.13742789717792103	0.1374318504922829	0.13743476054621517	1.3926732997063567e-06
50.0	480.1169072220458	1.6e-06	0.1374252592262426	0.1374298951642399	0.13743316721118148	1.685404381083485e-06
50.0	480.1169072220458	2e-06	0.1374223253337652	0.13742788939389525	0.1374317285864981	2.1011911857436437e-06
50.0	480.1169072220458	2.4000000000000003e-06	0.13741902758986502	0.13742566320773877	0.13743011383885229	2.592096767272711e-06
50.0	480.1169072220458	2.8000000000000003e-06	0.13741528141159698	0.13742320968096067	0.13742841051300037	3.2264740763353644e-06
50.0	480.1169072220458	3.2e-06	0.13741098870682222	0.13742009073017578	0.13742607991805667	3.908135635463326e-06
50.0	480.1169072220458	3.6e-06	0.13740604622552066	0.13741641635879331	0.13742395817189124	4.832756362667197e-06
50.0	480.1169072220458	4e-06	0.13740042566036959	0.1374113575820717	0.137420417334301	5.831017413814898e-06
50.0	480.1169072220458	4.4e-06	0.13739419249700546	0.1374041896549272	0.13741504094369716	6.857406243816985e-06
50.0	480.1169072220458	4.800000000000001e-06	0.13738720063575105	0.13738779710500307	0.1373883332465402	2.641362165910089e-07
50.0	480.1169072220458	5.2e-06	0.1373612142835876	0.13737140155598804	0.13738107631616714	6.956902062364418e-06
50.0	480.1169072220458	5.600000000000001e-06	0.13735602342769138	0.137364397298272	0.13737492718598965	5.887385498228188e-06
50.0	480.1169072220458	6e-06	0.13735269100956682	0.13735954034758432	0.13736943339536545	4.860581998787145e-06
50.0	480.1169072220458	6.4e-06	0.13735073989569013	0.13735609012308198	0.1373646468566374	3.9188174581353526e-06
50.0	480.1169072220458	6.8e-06	0.13734868992471316	0.1373532188136548	0.13736051899270407	3.2159205072022494e-06
50.0	480.1169072220458	7.2e-06	0.1373472094457071	0.1373510362358572	0.13735694608552418	2.550448033150849e-06
50.0	480.1169072220458	7.6e-06	0.13734593817066632	0.1373491078710335	0.13735381146407644	2.014406369730655e-06
50.0	480.1169072220458	8e-06	0.13734481671410137	0.13734742910692402	0.13735101594773091	1.5239972866974211e-06
50.0	480.1169072220458	8.4e-06	0.1373436240823418	0.13734582807053422	0.13734847412968954	1.1290877643245e-06
50.0	480.1169072220458	8.8e-06	0.13734307008662316	0.1373443442032001	0.13734611360378413	7.420604574021777e-07
50.0	480.1169072220458	9.2e-06	0.13734209022096167	0.13734286418313116	0.13734387217396105	4.2687984221498345e-07
50.0	480.1169072220458	9.600000000000001e-06	0.1373410061636493	0.13734139554038685	0.13734169451861966	1.4836315460143844e-07
50.0	480.1169072220458	9.999999999999999e-06	0.1373394886593342	0.1373399415626735	0.1373402402302233	1.7737764364363455e-07
50.0	480.1169072220458	1.04e-05	0.13733728528890143	0.1373385059790136	0.1373395394053425	5.04612626238789e-07
50.0	480.1169072220458	1.08e-05	0.13733498931359822	0.13733701227088665	0.13733843997642392	8.409418202615179e-07
50.0	480.1169072220458	1.1200000000000001e-05	0.13733254101558323	0.13733548083609637	0.13733747040193656	1.2428674696177081e-06
50.0	480.1169072220458	1.16e-05	0.13732987273068797	0.13733379401907106	0.1373363051797556	1.6771617308576756e-06
50.0	480.1169072220458	1.2e-05	0.13732690823605243	0.1373319423736552	0.137335048635439	2.2102294364972965e-06
50.0	480.1169072220458	1.24e-05	0.1373235663326673	0.13732960036592268	0.1373333565492043	2.76462530054271e-06
50.0	480.1169072220458	1.28e-05	0.13731975940557284	0.1373268387424194	0.13733178222655074	3.4913091379312784e-06
50.0	480.1169072220458	1.32e-05	0.13731546060781508	0.13732304555163172	0.13732916013693774	4.268038733029525e-06
50.0	480.1169072220458	1.36e-05	0.1373107173387682	0.1373176749667825	0.13732517306157277	5.063248335673872e-06
50.0	480.1169072220458	1.4e-05	0.1373050588731486	0.13730541588128875	0.13730575512924226	1.544100421085378e-07
50.0	480.1169072220458	1.44e-05	0.13728517816481922	0.1372931058872354	0.13730078285905467	5.260286784431428e-06
50.0	480.1169072220458	1.48e-05	0.13728133671268683	0.13728786584827005	0.13729614468035134	4.457822186825291e-06
50.0	480.1169072220458	1.52e-05	0.1372788810967691	0.13728424266452313	0.13729201108065592	3.6875870776292863e-06
50.0	480.1169072220458	1.56e-05	0.13727745130996105	0.1372816789970852	0.13728841958813476	2.983098195245952e-06
50.0	480.1169072220458	1.6e-05	0.13727594941396415	0.13727955178218293	0.1372853336643729	2.4586681259220065e-06
50.0	480.1169072220458	1.6400000000000002e-05	0.13727487693926754	0.1372779447858256	0.1372826715735016	1.9648639881753962e-06
50.0	480.1169072220458	1.68e-05	0.1372739452435594	0.13727653270453904	0.13728034657058785	1.567117162667571e-06
50.0	480.1169072220458	1.7199999999999998e-05	0.13727313715519696	0.13727531229310372	0.13727828392990293	1.2053403403901465e-06
50.0	480.1169072220458	1.76e-05	0.13727228482704934	0.13727415313352676	0.1372764196356675	9.162666168862489e-07
50.0	480.1169072220458	1.8e-05	0.1372718954829022	0.1372730862807186	0.13727469978539375	6.356058773128201e-07
50.0	480.1169072220458	1.84e-05	0.13727119697390666	0.13727202537285815	0.13727307850493364	4.123176414468362e-07
50.0	480.1169072220458	1.88e-05	0.13727042202310802	0.13727097632216204	0.13727151548502103	2.229999921912671e-07
50.0	480.1169072220458	1.9200000000000003e-05	0.1372696343470432	0.13726994147002167	0.13727020059255768	1.2379302196904354e-07
50.0	480.1169072220458	1.9600000000000002e-05	0.13726821393048283	0.13726892293742854	0.1372696265717801	2.8293176378022777e-07
50.0	480.1169072220458	1.9999999999999998e-05	0.1372667287414009	0.1372678714942213	0.13726883484145525	5.045707434871194e-07
50.0	480.1169072220458	2.04e-05	0.13726507742529304	0.137266798817053	0.13726810691935398	7.753354615165641e-07
50.0	480.1169072220458	2.08e-05	0.13726323695147258	0.1372656285255325	0.13726728949527356	1.0688086693523115e-06
50.0	480.1169072220458	2.12e-05	0.13726120612489723	0.13726435369986623	0.13726641233867554	1.4301323319685415e-06
50.0	480.1169072220458	2.16e-05	0.1372589307781933	0.13726275686841888	0.1372652033880266	1.8040931144632629e-06
50.0	480.1169072220458	2.2e-05	0.13725635563072291	0.13726088309424295	0.1372641281083018	2.2918092844839815e-06
50.0	480.1169072220458	2.2400000000000002e-05	0.13725345804049738	0.13725832661785242	0.1372623516134297	2.810736079523538e-06
50.0	480.1169072220458	2.28e-05	0.13725019389609283	0.13725472547795148	0.1372596744211112	3.340503175986661e-06
50.0	480.1169072220458	2.32e-05	0.13724615227709425	0.13724656326831855	0.13724695337328097	1.8378614789363337e-07
50.0	480.1169072220458	2.36e-05	0.13723294298656796	0.137238346928069	0.13724364026957492	3.5447200814896655e-06
50.0	480.1169072220458	2.4e-05	0.1372304101361843	0.1372348747908182	0.13724056162309406	3.0087507006074584e-06
50.0	480.1169072220458	2.44e-05	0.1372288035528113	0.1372324873235482	0.1372378298661454	2.4964401330338467e-06
50.0	480.1169072220458	2.48e-05	0.13722787666469483	0.1372308110033131	0.1372354686307551	2.030641268689727e-06
50.0	480.1169072220458	2.5200000000000003e-05	0.13722690801946325	0.13722942844238928	0.13723345310038582	1.6861588701187364e-06
50.0	480.1169072220458	2.56e-05	0.13722622611020707	0.1372283976235581	0.13723172677564488	1.3640431508968938e-06
50.0	480.1169072220458	2.6e-05	0.13722563297618695	0.13722750188422397	0.1372302324467931	1.1054551556226498e-06
50.0	480.1169072220458	2.64e-05	0.13722512901730166	0.13722673989102038	0.1372289205190267	8.72040766336173e-07
50.0	480.1169072220458	2.68e-05	0.13722460400677505	0.13722602261709757	0.13722774890724043	6.884918008062575e-07
50.0	480.1169072220458	2.72e-05	0.13722437573097057	0.13722537260708775	0.13722668264007254	5.123983170942115e-07
50.0	480.1169072220458	2.76e-05	0.13722395333238335	0.1372247306029135	0.1372256925088342	3.766820696174858e-07
50.0	480.1169072220458	2.8e-05	0.13722348922697147	0.13722410090123852	0.1372247535013429	2.632470253917059e-07
50.0	480.1169072220458	2.8400000000000003e-05	0.13722302219209048	0.13722348490138392	0.137223843289064	1.6751991283894244e-07
50.0	480.1169072220458	2.88e-05	0.13722257820381767	0.1372228831242386	0.13722316620220631	1.2700468242385248e-07
50.0	480.1169072220458	2.92e-05	0.1372217336779249	0.13722227346985563	0.13722271388263163	1.9589463993872245e-07
50.0	480.1169072220458	2.96e-05	0.13722084945790414	0.13722165902724168	0.13722230830975857	3.241056588585368e-07
50.0	480.1169072220458	2.9999999999999997e-05	0.13721989920526134	0.13722100472172605	0.13722183715115754	4.731180124344183e-07
50.0	480.1169072220458	3.04e-05	0.13721885181491178	0.13722030578697617	0.13722136038895805	6.603789765424046e-07
50.0	480.1169072220458	3.0799999999999996e-05	0.13721767129422346	0.13721945316319895	0.13722070766378813	8.530801212693204e-07
50.0	480.1169072220458	3.12e-05	0.13721631995963612	0.13721846611253485	0.13722013819234835	1.101198404476188e-06
50.0	480.1169072220458	3.16e-05	0.1372147692310275	0.1372171445139486	0.13721921115807145	1.3616948442146978e-06
50.0	480.1169072220458	3.2e-05	0.1372130237861926	0.13721531009135915	0.13721783666252385	1.6249916346926352e-06
50.0	480.1169072220458	3.2399999999999995e-05	0.1372108376993797	0.13721123891498227	0.13721162207583415	1.841296323695775e-07
50.0	480.1169072220458	3.2800000000000004e-05	0.1372042677688512	0.13720711290181545	0.13720997197444174	1.8293204186577143e-06
50.0	480.1169072220458	3.32e-05	0.13720303720993865	0.1372054072700167	0.13720845634911427	1.5593860368858648e-06
50.0	480.1169072220458	3.36e-05	0.13720227533695173	0.13720425447893667	0.13720712945407953	1.3049403866190093e-06
50.0	480.1169072220458	3.4e-05	0.13720184851528128	0.13720346468122982	0.1372060042679193	1.0778311348340445e-06
50.0	480.1169072220458	3.4399999999999996e-05	0.13720141083325288	0.13720282607927822	0.13720506134111954	9.133324609749775e-07
50.0	480.1169072220458	3.4800000000000006e-05	0.13720111674026914	0.1372023709385493	0.13720427254124345	7.626618198453082e-07
50.0	480.1169072220458	3.52e-05	0.13720086219832162	0.13720199103088954	0.1372036101871501	6.43159822456086e-07
50.0	480.1169072220458	3.56e-05	0.137200661043412	0.13720168698599616	0.13720304982722542	5.377006441285721e-07
50.0	480.1169072220458	3.6e-05	0.1372004613513944	0.13720141112944453	0.13720257129772406	4.58910080544825e-07
50.0	480.1169072220458	3.64e-05	0.13720039377371496	0.13720117746733038	0.13720215852309625	3.85699976836857e-07
50.0	480.1169072220458	3.68e-05	0.13720024692714894	0.13720095385821676	0.1372017988922769	3.346652916312587e-07
50.0	480.1169072220458	3.72e-05	0.13720009301933178	0.13720074297894944	0.13720148257861542	2.9597375381286674e-07
50.0	480.1169072220458	3.76e-05	0.137199947059365	0.13720054528432665	0.1372012019359108	2.645384465202926e-07
50.0	480.1169072220458	3.7999999999999995e-05	0.13719982065851433	0.13720035969433986	0.1372009510009411	2.384960352460835e-07
50.0	480.1169072220458	3.8400000000000005e-05	0.13719971426435595	0.1372001911242233	0.13720072509555248	2.1623211667744528e-07
50.0	480.1169072220458	3.88e-05	0.13719961482299325	0.1372000341133433	0.13720052051146592	1.9719742040535527e-07
50.0	480.1169072220458	3.9200000000000004e-05	0.1371995324152726	0.13719989468561297	0.13720033425988643	1.8048214745578972e-07
50.0	480.1169072220458	3.96e-05	0.13719944269338225	0.1371997700540122	0.13720016386665712	1.6417895873959405e-07
50.0	480.1169072220458	3.9999999999999996e-05	0.13719935233601976	0.13719965877236232	0.13720000718713798	1.516748929117906e-07
50.0	480.1169072220458	4.0400000000000006e-05	0.1371992718735502	0.13719955389960053	0.1371998622058479	1.4128209634938027e-07
50.0	480.1169072220458	4.08e-05	0.13719920683788445	0.13719945769875963	0.1371997268254912	1.3375853294111927e-07
50.0	480.1169072220458	4.12e-05	0.137199133740177	0.1371993693222183	0.13719959910363944	1.2781122538610899e-07
50.0	480.1169072220458	4.16e-05	0.13719906333703769	0.13719929065110936	0.13719948387922365	1.2390898624187516e-07
50.0	480.1169072220458	4.2e-05	0.13719900320679557	0.13719924637917244	0.13719941363269772	1.1853275500015165e-07
51.0	491.21617910981	0.0	0.14003975744195074	0.14004279171386397	0.14004426056703778	9.90476477797608e-07
51.0	491.21617910981	4e-07	0.14003777717882837	0.1400408938494578	0.1400424287008768	1.0289174055222572e-06
51.0	491.21617910981	8e-07	0.14003559760127615	0.1400390151423246	0.14004092427755221	1.1531860283782385e-06
51.0	491.21617910981	1.2000000000000002e-06	0.14003320532560704	0.14003715992210466	0.14004007215502767	1.393092536225333e-06
51.0	491.21617910981	1.6e-06	0.14003056742645015	0.14003520467579264	0.14003847910160694	1.6857458878904124e-06
51.0	491.21617910981	2e-06	0.1400276336057562	0.14003319902259417	0.1400370407430147	2.10146194011148e-06
51.0	491.21617910981	2.4000000000000003e-06	0.14002433595695152	0.1400309730388251	0.1400354258625356	2.5923951910701987e-06
51.0	491.21617910981	2.8000000000000003e-06	0.14002058990335176	0.14002851967409438	0.14003372291192306	3.2267174779838785e-06
51.0	491.21617910981	3.2e-06	0.14001629711814267	0.14002540090705254	0.14003139242793328	3.908338777090183e-06
51.0	491.21617910981	3.6e-06	0.14001135486711735	0.14002172674348634	0.14002927106807395	4.8329150411369286e-06
51.0	491.21617910981	4e-06	0.14000573460430576	0.14001666821249684	0.140025730545565	5.8311101319791925e-06
51.0	491.21617910981	4.4e-06	0.13999950182935095	0.14000950060788467	0.1400203545266656	6.857407304757945e-06
51.0	491.21617910981	4.800000000000001e-06	0.13999250950704933	0.13999310891244915	0.13999364797764713	2.6579209166467e-07
51.0	491.21617910981	5.2e-06	0.1399665321457313	0.13997671505029746	0.13998638680322273	6.955946735626063e-06
51.0	491.21617910981	5.600000000000001e-06	0.1399613417735095	0.139969711571218	0.13998023821203098	5.886504049822485e-06
51.0	491.21617910981	6e-06	0.13995800960952476	0.13996485514703608	0.13997474494688067	4.859799803833564e-06
51.0	491.21617910981	6.4e-06	0.13995605845775838	0.13996140526809384	0.13996995889601216	3.918151020128181e-06
51.0	491.21617910981	6.8e-06	0.13995400873693065	0.13995853423999646	0.1399658313878671	3.215334643113774e-06
51.0	491.21617910981	7.2e-06	0.13995252816933057	0.1399563518497969	0.13996225887932479	2.549937533059768e-06
51.0	491.21617910981	7.6e-06	0.1399512560068361	0.13995442358881813	0.13995912461152749	2.0140358613625276e-06
51.0	491.21617910981	8e-06	0.1399501357083972	0.1399527449588726	0.1399563294111017	1.523677063840216e-06
51.0	491.21617910981	8.4e-06	0.13994894302541194	0.13995114407243228	0.13995378787867807	1.1287930966977487e-06
51.0	491.21617910981	8.8e-06	0.13994838887536432	0.13994966034394984	0.13995142761503665	7.417926719630972e-07
51.0	491.21617910981	9.2e-06	0.13994740898365166	0.13994818046710594	0.13994918643048226	4.266130768258317e-07
51.0	491.21617910981	9.600000000000001e-06	0.13994632507318183	0.13994671198410585	0.1399470090093402	1.4794518024147825e-07
51.0	491.21617910981	9.999999999999999e-06	0.13994480346432603	0.13994525818225895	0.13994555531670727	1.7722633145231595e-07
51.0	491.21617910981	1.04e-05	0.13994260032624073	0.1399438227772308	0.1399448563937744	5.046044530793749e-07
51.0	491.21617910981	1.08e-05	0.13994030458996676	0.13994232925566955	0.13994375789006863	8.40928585241316e-07
51.0	491.21617910981	1.1200000000000001e-05	0.13993785654501512	0.13994079803552367	0.1399427886045208	1.242834190360491e-06
51.0	491.21617910981	1.16e-05	0.13993518853633624	0.13993911150685845	0.13994162507201224	1.6771819474204458e-06
51.0	491.21617910981	1.2e-05	0.13993222435272124	0.1399372601126344	0.1399403689165073	2.2102028453483983e-06
51.0	491.21617910981	1.24e-05	0.13992888281005822	0.1399349183918371	0.13993867699231188	2.764550472116789e-06
51.0	491.21617910981	1.28e-05	0.13992507623790829	0.1399321571002688	0.1399371030945007	3.491176363232183e-06
51.0	491.21617910981	1.32e-05	0.13992077796686786	0.13992836432702427	0.13993448140811804	4.267817449783418e-06
51.0	491.21617910981	1.36e-05	0.13991603532704566	0.13992299431357	0.13993049486302667	5.0629088676486175e-06
51.0	491.21617910981	1.4e-05	0.13991038292351732	0.13991073665745626	0.139911073877669	1.5324708162367472e-07
51.0	491.21617910981	1.44e-05	0.1398905059936677	0.13989842892537696	0.13990610237699208	5.259014088646296e-06
51.0	491.21617910981	1.48e-05	0.139886665190601	0.13989318990879435	0.13990146497313827	4.4566624803131924e-06
51.0	491.21617910981	1.52e-05	0.1398842099374269	0.13988956742116923	0.13989733210806587	3.6865601121251404e-06
51.0	491.21617910981	1.56e-05	0.13988278018179479	0.13988700422090095	0.13989374128456777	2.9822127127545462e-06
51.0	491.21617910981	1.6e-05	0.13988127859863386	0.13988487738926247	0.13989065595533745	2.4578814185480455e-06
51.0	491.21617910981	1.6400000000000002e-05	0.13988020609058083	0.13988327065858921	0.13988799439125454	1.9641645474542807e-06
51.0	491.21617910981	1.68e-05	0.1398792747561206	0.13988185875172301	0.13988566985376405	1.5665596342220557e-06
51.0	491.21617910981	1.7199999999999998e-05	0.13987846664848114	0.1398806385336201	0.13988360762794905	1.2048302028279302e-06
51.0	491.21617910981	1.76e-05	0.13987761431295453	0.1398794795793614	0.13988174370847162	9.157699766367582e-07
51.0	491.21617910981	1.8e-05	0.1398772248357849	0.13987841291579398	0.13988002420231282	6.350991992260428e-07
51.0	491.21617910981	1.84e-05	0.1398765263340236	0.1398773522009617	0.13987840324382983	4.1174129980087453e-07
51.0	491.21617910981	1.88e-05	0.13987575156122922	0.13987630335839663	0.13987684053157867	2.2216559890599941e-07
51.0	491.21617910981	1.9200000000000003e-05	0.13987496409380107	0.13987526872895642	0.13987552615174348	1.2254851457071114e-07
51.0	491.21617910981	1.9600000000000002e-05	0.1398735439429899	0.13987425042075058	0.1398749526782046	2.8245172410688015e-07
51.0	491.21617910981	1.9999999999999998e-05	0.1398720591038174	0.13987319921067254	0.1398741610914156	5.042834073168368e-07
51.0	491.21617910981	2.04e-05	0.1398704037602485	0.1398721267945392	0.1398734333914371	7.751028098995354e-07
51.0	491.21617910981	2.08e-05	0.13986856364885103	0.13987095683926953	0.13987261602438128	1.068656421099972e-06
51.0	491.21617910981	2.12e-05	0.13986653322804532	0.1398696823199185	0.13987173906044958	1.4299432072985082e-06
51.0	491.21617910981	2.16e-05	0.13986425834777894	0.13986808584666136	0.13987053018930862	1.8038543748538629e-06
51.0	491.21617910981	2.2e-05	0.1398616837129003	0.13986621248954556	0.13986945521326977	2.2915035882323203e-06
51.0	491.21617910981	2.2400000000000002e-05	0.1398587867789276	0.13986365654970054	0.13986767900632113	2.810328554769958e-06
51.0	491.21617910981	2.28e-05	0.13985552843297988	0.13986005615021324	0.13986500224262155	3.3399624462280413e-06
51.0	491.21617910981	2.32e-05	0.1398514880575208	0.1398518957413962	0.13985228375701642	1.823588207996695e-07
51.0	491.21617910981	2.36e-05	0.13983828305029444	0.1398436819983078	0.1398489715672655	3.5432766115841237e-06
51.0	491.21617910981	2.4e-05	0.13983575094156464	0.13984021101908084	0.1398458938271796	3.0074411250872255e-06
51.0	491.21617910981	2.44e-05	0.13983414478414424	0.13983782434166592	0.1398431629193686	2.4952802772682706e-06
51.0	491.21617910981	2.48e-05	0.13983321797420256	0.13983614855597154	0.139840802450248	2.0296344388770605e-06
51.0	491.21617910981	2.5200000000000003e-05	0.13983224967197838	0.13983476643476603	0.1398387876095475	1.685258040549397e-06
51.0	491.21617910981	2.56e-05	0.13983156777078065	0.13983373592420034	0.1398370618783602	1.3632343713577856e-06
51.0	491.21617910981	2.6e-05	0.13983097499879893	0.1398328403988586	0.13983556807142872	1.1047841242729953e-06
51.0	491.21617910981	2.64e-05	0.13983047104664426	0.13983207862836472	0.13983425660672655	8.714164753269097e-07
51.0	491.21617910981	2.68e-05	0.13982994605928845	0.13983136158537252	0.1398330854111789	6.878797289623547e-07
51.0	491.21617910981	2.72e-05	0.13982971766342445	0.13983071178589285	0.13983201952415758	5.117763508315112e-07
51.0	491.21617910981	2.76e-05	0.1398292952883713	0.13983006999481953	0.13983102974648176	3.7601108444134043e-07
51.0	491.21617910981	2.8e-05	0.13982883136427482	0.1398294405190626	0.1398300910746011	2.624425702675861e-07
51.0	491.21617910981	2.8400000000000003e-05	0.13982836454479308	0.1398288247573538	0.13982918118819399	1.6640923468624166e-07
51.0	491.21617910981	2.88e-05	0.1398279207964972	0.13982822321864768	0.13982850490093046	1.2566882923080295e-07
51.0	491.21617910981	2.92e-05	0.13982707663512972	0.13982761380930453	0.1398280527207394	1.9503742694744189e-07
51.0	491.21617910981	2.96e-05	0.1398261928139357	0.13982699963720555	0.13982764648158597	3.235430827282414e-07
51.0	491.21617910981	2.9999999999999997e-05	0.13982524300378696	0.13982634567199917	0.13982717629744545	4.727399440294227e-07
51.0	491.21617910981	3.04e-05	0.13982419611159624	0.1398256470503323	0.1398266997188049	6.600221355225662e-07
51.0	491.21617910981	3.0799999999999996e-05	0.13982301616016013	0.13982479479279392	0.13982604709218638	8.527033152927852e-07
51.0	491.21617910981	3.12e-05	0.13982166548449726	0.13982380816887888	0.13982547791993483	1.1007774383883204e-06
51.0	491.21617910981	3.16e-05	0.1398201155226495	0.13982248712077397	0.13982455118588888	1.361187770809782e-06
51.0	491.21617910981	3.2e-05	0.13981837095930327	0.1398206534566772	0.1398231771451206	1.624364586467897e-06
51.0	491.21617910981	3.2399999999999995e-05	0.13981618614177282	0.13981658409509085	0.13981696518027142	1.827013769118509e-07
51.0	491.21617910981	3.2800000000000004e-05	0.1398096203636463	0.13981246064258382	0.1398153159933484	1.8278419363817384e-06
51.0	491.21617910981	3.32e-05	0.13980839051380034	0.13981075614073854	0.13981380126901843	1.5580366141864195e-06
51.0	491.21617910981	3.36e-05	0.1398076290519441	0.13980960411874407	0.13981247521298723	1.3037309585592264e-06
51.0	491.21617910981	3.4e-05	0.13980720231424915	0.13980881484100233	0.13981135076313755	1.0767601159445576e-06
51.0	491.21617910981	3.4399999999999996e-05	0.1398067649539616	0.13980817666668222	0.13981040849457926	9.123550539598575e-07
51.0	491.21617910981	3.4800000000000006e-05	0.13980647088462383	0.13980772182303372	0.13980962026723454	7.617643904096505e-07
51.0	491.21617910981	3.52e-05	0.13980621666221182	0.13980734212130708	0.1398089584113782	6.423799261255831e-07
51.0	491.21617910981	3.56e-05	0.13980601551607208	0.13980703828406782	0.13980839848751092	5.369596740441665e-07
51.0	491.21617910981	3.6e-05	0.1398058158575397	0.13980676264040293	0.13980792034295852	4.5818176773312236e-07
51.0	491.21617910981	3.64e-05	0.13980574815872693	0.1398065291673054	0.139807507911609	3.849783764125669e-07
51.0	491.21617910981	3.68e-05	0.13980560132761077	0.13980630574775837	0.13980714859021237	3.339426638639088e-07
51.0	491.21617910981	3.72e-05	0.13980544763683334	0.1398060950674754	0.13980683255851023	2.952316759623856e-07
51.0	491.21617910981	3.76e-05	0.13980530188102058	0.13980589758043097	0.13980655217554272	2.6375792437307456e-07
51.0	491.21617910981	3.7999999999999995e-05	0.13980517562619088	0.13980571219577517	0.13980630148238937	2.3767277989333712e-07
51.0	491.21617910981	3.8400000000000005e-05	0.13980506949406823	0.13980554382850627	0.13980607580443483	2.1536073171936454e-07
51.0	491.21617910981	3.88e-05	0.13980497020270022	0.1398053870374132	0.1398058714362742	1.9626080001455288e-07
51.0	491.21617910981	3.9200000000000004e-05	0.13980488803664226	0.1398052478753813	0.13980568539139515	1.7943817108062073e-07
51.0	491.21617910981	3.96e-05	0.1398047984266899	0.13980512346516086	0.13980551519738782	1.630334459943246e-07
51.0	491.21617910981	3.9999999999999996e-05	0.13980470830979908	0.13980501240313206	0.13980535871097288	1.504231295146293e-07
51.0	491.21617910981	4.0400000000000006e-05	0.13980462812604877	0.13980490775537555	0.13980521391819245	1.399279168274384e-07
51.0	491.21617910981	4.08e-05	0.13980456347800807	0.13980481177300313	0.1398050787253169	1.323153105948244e-07
51.0	491.21617910981	4.12e-05	0.13980449067777379	0.13980472360608723	0.13980495120163372	1.262927367107981e-07
51.0	491.21617910981	4.16e-05	0.13980442062183762	0.13980464513075055	0.13980483609159045	1.2234063190441523e-07
51.0	491.21617910981	4.2e-05	0.1398043609491726	0.13980460090319044	0.13980476635535766	1.1698360900287297e-07
52.0	502.3154509975742	0.0	0.14268312810573924	0.1426861636250002	0.1426876340554042	9.910786535237492e-07
52.0	502.3154509975742	4e-07	0.14268114784784647	0.14268426577638044	0.14268580246976637	1.0294981926740731e-06
52.0	502.3154509975742	8e-07	0.14267896828956328	0.14268238711337886	0.14268429823111273	1.1537078876502087e-06
52.0	502.3154509975742	1.2000000000000002e-06	0.14267657604760853	0.1426805319490961	0.1426834463400679	1.3935222093604768e-06
52.0	502.3154509975742	1.6e-06	0.14267393819811058	0.1426785767796321	0.1426818535507426	1.6860968745086972e-06
52.0	502.3154509975742	2e-06	0.1426710044456163	0.14267657123678654	0.14268041544391075	2.101740679424121e-06
52.0	502.3154509975742	2.4000000000000003e-06	0.1426677068876172	0.14267434544303464	0.1426788004473698	2.5926939136127415e-06
52.0	502.3154509975742	2.8000000000000003e-06	0.14266396095362488	0.14267189223197327	0.14267709785125948	3.226958924782729e-06
52.0	502.3154509975742	3.2e-06	0.1426596680882506	0.14266877364151714	0.14267476748041386	3.908538016451379e-06
52.0	502.3154509975742	3.6e-06	0.14265472605948482	0.14266509967996124	0.14267264649044886	4.833068100972905e-06
52.0	502.3154509975742	4e-06	0.1426491060884265	0.142660041391525	0.14266910627790974	5.831197827091898e-06
52.0	502.3154509975742	4.4e-06	0.14264287368770212	0.14265287410836816	0.1426637306317602	6.857406416264372e-06
52.0	502.3154509975742	4.800000000000001e-06	0.14263588095187085	0.14263648324988995	0.14263702522014565	2.674458171117284e-07
52.0	502.3154509975742	5.2e-06	0.14260991237343212	0.1426200909959849	0.14262975977345516	6.955034386411633e-06
52.0	502.3154509975742	5.600000000000001e-06	0.14260472245275935	0.142613088254834	0.14262361169841054	5.885662592982679e-06
52.0	502.3154509975742	6e-06	0.1426013905275454	0.1426082323309137	0.14261811893596477	4.859052341588387e-06
52.0	502.3154509975742	6.4e-06	0.1425994393421579	0.1426047827819747	0.14261333335160753	3.917512246702544e-06
52.0	502.3154509975742	6.8e-06	0.142597389854898	0.14260191202420838	0.14260920618091788	3.214770540735456e-06
52.0	502.3154509975742	7.2e-06	0.1425959092092901	0.14259972981558067	0.142605634053667	2.549443001365197e-06
52.0	502.3154509975742	7.6e-06	0.1425946357005703	0.14259780165775732	0.14260250012389886	2.01367075123037e-06
52.0	502.3154509975742	8e-06	0.14259351699739842	0.14259612315683454	0.14259970522500787	1.5233588515672662e-06
52.0	502.3154509975742	8.4e-06	0.14259232427121837	0.14259452241360354	0.14259716396455602	1.1284983665277401e-06
52.0	502.3154509975742	8.8e-06	0.14259176997324108	0.1425930388165376	0.14259480394980883	7.415229928498493e-07
52.0	502.3154509975742	9.2e-06	0.14259079005610698	0.1425915590748958	0.14259256299701661	4.263438908640169e-07
52.0	502.3154509975742	9.600000000000001e-06	0.14258970627645784	0.1425900907419424	0.1425903857960762	1.4753367813362278e-07
52.0	502.3154509975742	9.999999999999999e-06	0.14258818054815325	0.14258863710462633	0.14258893273559892	1.7709900865340153e-07
52.0	502.3154509975742	1.04e-05	0.1425859776262488	0.14258720186643015	0.1425882356514947	5.04613541892429e-07
52.0	502.3154509975742	1.08e-05	0.14258368211139416	0.14258570851787225	0.14258713815489177	8.409326280492778e-07
52.0	502.3154509975742	1.1200000000000001e-05	0.14258123430009384	0.1425841774965814	0.14258616913953936	1.2428190830976573e-06
52.0	502.3154509975742	1.16e-05	0.1425785665459589	0.142582491233717	0.14258500720899114	1.6772149208226186e-06
52.0	502.3154509975742	1.2e-05	0.14257560264883296	0.1425806400707832	0.14258375141432733	2.210190431488355e-06
52.0	502.3154509975742	1.24e-05	0.1425722614386986	0.14257829861458862	0.1425820596444387	2.7644916029679132e-06
52.0	502.3154509975742	1.28e-05	0.14256845519120098	0.14257553763094022	0.14258048614506258	3.491062746431794e-06
52.0	502.3154509975742	1.32e-05	0.14256415740776607	0.14257174524657504	0.14257786483943846	4.267621178289752e-06
52.0	502.3154509975742	1.36e-05	0.1425594153514247	0.14256637576695816	0.142573878798669	5.0626028278582974e-06
52.0	502.3154509975742	1.4e-05	0.14255376897959593	0.14255411943912388	0.142554454609777	1.5208921720680982e-07
52.0	502.3154509975742	1.44e-05	0.14253389553118456	0.1425418138088611	0.14254948382430221	5.257818769973663e-06
52.0	502.3154509975742	1.48e-05	0.1425300553196589	0.1425365757393048	0.14254484714139348	4.4555718977373136e-06
52.0	502.3154509975742	1.52e-05	0.14252760039743873	0.14253295389748213	0.14254071496052667	3.6855919917716527e-06
52.0	502.3154509975742	1.56e-05	0.14252617066712592	0.1425303911316447	0.14253712476070568	2.981374496232467e-06
52.0	502.3154509975742	1.6e-05	0.14252466937035457	0.1425282646579266	0.14253403998561698	2.4571327429589287e-06
52.0	502.3154509975742	1.6400000000000002e-05	0.14252359683162297	0.1425266581759515	0.1425313789133522	1.963494238163734e-06
52.0	502.3154509975742	1.68e-05	0.14252266582579232	0.14252524643298853	0.14252905481030087	1.5660185787139155e-06
52.0	502.3154509975742	1.7199999999999998e-05	0.1425218576984726	0.14252402639473466	0.14252699297138527	1.2043309043258414e-06
52.0	502.3154509975742	1.76e-05	0.14252100535731316	0.14252286763121258	0.14252512940079587	9.152802907038641e-07
52.0	502.3154509975742	1.8e-05	0.14252061575037178	0.14252180114229507	0.14252341021418058	6.345958589369327e-07
52.0	502.3154509975742	1.84e-05	0.14251991725144997	0.14252074060539366	0.14252178955370542	4.111658752911932e-07
52.0	502.3154509975742	1.88e-05	0.14251914263572285	0.14251969195437497	0.1425202271251349	2.213329270787511e-07
52.0	502.3154509975742	1.9200000000000003e-05	0.14251835536018032	0.14251865752962628	0.1425189132792717	1.2131414581420157e-07
52.0	502.3154509975742	1.9600000000000002e-05	0.14251693545689825	0.14251763942750542	0.14251834028753052	2.819916853080223e-07
52.0	502.3154509975742	1.9999999999999998e-05	0.14251545094203433	0.14251658843042453	0.14251754881588585	5.040168230731448e-07
52.0	502.3154509975742	2.04e-05	0.14251379153272659	0.1425155162530298	0.1425168213144099	7.74892991562797e-07
52.0	502.3154509975742	2.08e-05	0.142511951751084	0.14251434660480325	0.14251600401238473	1.068523338161727e-06
52.0	502.3154509975742	2.12e-05	0.14250992169956245	0.14251307236445052	0.14251512720696713	1.429776746789039e-06
52.0	502.3154509975742	2.16e-05	0.14250764724434895	0.14251147621778315	0.14251391840175476	1.803642235435781e-06
52.0	502.3154509975742	2.2e-05	0.14250507307676763	0.14250960324287312	0.14251284369580475	2.291230510673011e-06
52.0	502.3154509975742	2.2400000000000002e-05	0.14250217674378174	0.14250704779612464	0.14251106774300393	2.8099623823497233e-06
52.0	502.3154509975742	2.28e-05	0.1424989241393515	0.142503448078781	0.14250839136683613	3.3394743159550945e-06
52.0	502.3154509975742	2.32e-05	0.14249488494509244	0.1424952893243422	0.1424956752338451	1.8093406229434393e-07
52.0	502.3154509975742	2.36e-05	0.1424816838597769	0.14248707797641846	0.14249236388633868	3.541928468876981e-06
52.0	502.3154509975742	2.4e-05	0.1424791524229061	0.14248360806289792	0.14248928698296837	3.0062159120344317e-06
52.0	502.3154509975742	2.44e-05	0.14247754665181933	0.1424812221134472	0.14248655686023604	2.494192038465774e-06
52.0	502.3154509975742	2.48e-05	0.14247661990883564	0.1424795468214504	0.14248419710056037	2.028685599201445e-06
52.0	502.3154509975742	2.5200000000000003e-05	0.1424756519191117	0.1424781651079704	0.14248218290012193	1.6844045199986475e-06
52.0	502.3154509975742	2.56e-05	0.1424749700244865	0.14247713488378802	0.14248045771971718	1.3624627382375921e-06
52.0	502.3154509975742	2.6e-05	0.1424743775807622	0.14247623955752253	0.14247896439726127	1.1041371757317922e-06
52.0	502.3154509975742	2.64e-05	0.1424738736320892	0.14247547799301735	0.14247765336229445	8.70809796612994e-07
52.0	502.3154509975742	2.68e-05	0.14247334866680728	0.14247476116359262	0.14247648255267098	6.87280727264071e-07
52.0	502.3154509975742	2.72e-05	0.1424731201526921	0.14247411155781192	0.14247541701754596	5.111632045959605e-07
52.0	502.3154509975742	2.76e-05	0.1424726977948918	0.14247346996267166	0.14247442756644535	3.7534573826443255e-07
52.0	502.3154509975742	2.8e-05	0.14247223403019582	0.14247284069446814	0.1424734892037609	2.616425653155656e-07
52.0	502.3154509975742	2.8400000000000003e-05	0.14247176740848744	0.14247222515141772	0.14247257961678184	1.6530329150685438e-07
52.0	502.3154509975742	2.88e-05	0.14247132388976702	0.14247162383156883	0.1424719040971283	1.243418127418017e-07
52.0	502.3154509975742	2.92e-05	0.142470480066323	0.14247101464622153	0.14247145202814337	1.9420023851238468e-07
52.0	502.3154509975742	2.96e-05	0.14246959661549585	0.1424704007218039	0.14247104523358267	3.2300309392436114e-07
52.0	502.3154509975742	2.9999999999999997e-05	0.14246864721679398	0.14246974706798332	0.14247057589582557	4.723802779068514e-07
52.0	502.3154509975742	3.04e-05	0.14246760078817466	0.14246904873239552	0.14247009946788491	6.596866385562811e-07
52.0	502.3154509975742	3.0799999999999996e-05	0.1424664213666187	0.14246819681029602	0.1424694469259009	8.523513093697e-07
52.0	502.3154509975742	3.12e-05	0.14246507130411956	0.14246721057947953	0.14246887802094488	1.1003866893334618e-06
52.0	502.3154509975742	3.16e-05	0.14246352205513713	0.14246589004046756	0.14246795155468117	1.3607188656041438e-06
52.0	502.3154509975742	3.2e-05	0.14246177831007145	0.1424640570800794	0.14246657792988504	1.6237859846653567e-06
52.0	502.3154509975742	3.2399999999999995e-05	0.14245959469974778	0.14245998939818436	0.1424603683970984	1.8127790598793377e-07
52.0	502.3154509975742	3.2800000000000004e-05	0.14245303274245824	0.1424558683201318	0.14245872005889026	1.8264529122849686e-06
52.0	502.3154509975742	3.32e-05	0.14245180353819897	0.1424541648641368	0.14245720617220314	1.556766756964086e-06
52.0	502.3154509975742	3.36e-05	0.142451042452163	0.1424530135554411	0.1424558808974563	1.3025895515323294e-06
52.0	502.3154509975742	3.4e-05	0.1424506157889205	0.1424522247614651	0.14245475713675315	1.0757448894563363e-06
52.0	502.3154509975742	3.4399999999999996e-05	0.14245017872366272	0.1424515869868767	0.14245381548323	9.114238852454139e-07
52.0	502.3154509975742	3.4800000000000006e-05	0.14244988467788122	0.14245113242187313	0.14245302779152613	7.609042442507291e-07
52.0	502.3154509975742	3.52e-05	0.14244963074529426	0.14245075291421688	0.14245236640224146	6.416260975315133e-07
52.0	502.3154509975742	3.56e-05	0.14244942960622708	0.1424504492713993	0.14245180688690606	5.362392591699393e-07
52.0	502.3154509975742	3.6e-05	0.14244922998204768	0.1424501738270067	0.1424513291029461	4.574701789643211e-07
52.0	502.3154509975742	3.64e-05	0.1424491621647217	0.14244994053003018	0.1424509169928898	3.842698999006469e-07
52.0	502.3154509975742	3.68e-05	0.14244901534491472	0.14244971728701838	0.14245055796065031	3.3323025711560756e-07
52.0	502.3154509975742	3.72e-05	0.14244886185262473	0.1424495067917887	0.14245024219186408	2.944982487810071e-07
52.0	502.3154509975742	3.76e-05	0.14244871628667433	0.14244930949754636	0.14244996205041893	2.629855168755704e-07
52.0	502.3154509975742	3.7999999999999995e-05	0.14244859016251343	0.14244912430348589	0.14244971158141873	2.3685680742264792e-07
52.0	502.3154509975742	3.8400000000000005e-05	0.14244848427600587	0.14244895612353156	0.142449486113585	2.1449604575260833e-07
52.0	502.3154509975742	3.88e-05	0.14244838505198043	0.1424487995354515	0.1424492819442662	1.953305861465157e-07
52.0	502.3154509975742	3.9200000000000004e-05	0.14244830318648827	0.14244866061784114	0.14244909608917222	1.7840189599087058e-07
52.0	502.3154509975742	3.96e-05	0.14244821367500915	0.14244853641052582	0.1424489260776376	1.6189563269438983e-07
52.0	502.3154509975742	3.9999999999999996e-05	0.1424481237822759	0.1424484255490724	0.14244876976778986	1.4917914275508842e-07
52.0	502.3154509975742	4.0400000000000006e-05	0.14244804385920595	0.14244832110766478	0.14244862514724144	1.3858086411827886e-07
52.0	502.3154509975742	4.08e-05	0.1424479795815552	0.14244822532562385	0.1424484901258234	1.3087849073713042e-07
52.0	502.3154509975742	4.12e-05	0.1424479070595206	0.14244813735119224	0.14244836278420347	1.2478004651945555e-07
52.0	502.3154509975742	4.16e-05	0.14244783732951838	0.14244805905492722	0.14244824777603338	1.2077837696416642e-07
52.0	502.3154509975742	4.2e-05	0.14244777809249154	0.14244801484525574	0.14244817852568215	1.1544286879365581e-07
53.0	513.4147228853384	0.0	0.1453634148077496	0.14536645160094105	0.14536792362312045	9.916931920546957e-07
53.0	513.4147228853384	4e-07	0.14536143455481287	0.1453645537671536	0.14536609229848363	1.0300910150783285e-06
53.0	513.4147228853384	8e-07	0.1453592550148164	0.14536267514569481	0.14536458823684217	1.1542407728572926e-06
53.0	513.4147228853384	1.2000000000000002e-06	0.14535686280494797	0.1453608200343048	0.14536373656734725	1.3939618257471208e-06
53.0	513.4147228853384	1.6e-06	0.14535422500290807	0.14535886493746136	0.1453621440266053	1.6864566569008784e-06
53.0	513.4147228853384	2e-06	0.14535129131590274	0.14535685949909544	0.1453607061588542	2.1020265509284276e-06
53.0	513.4147228853384	2.4000000000000003e-06	0.14534799384554642	0.14535463388464723	0.14535909106153166	2.5929926181425752e-06
53.0	513.4147228853384	2.8000000000000003e-06	0.14534424802750934	0.14535218082023865	0.14535738880173188	3.227198012196019e-06
53.0	513.4147228853384	3.2e-06	0.1453399550853618	0.14534906240073078	0.14535505854664965	3.9087328517293125e-06
53.0	513.4147228853384	3.6e-06	0.14533501327301046	0.14534538863699625	0.14535293791248538	4.833214823502551e-06
53.0	513.4147228853384	4e-06	0.14532939358586727	0.14534033058982568	0.14534939800656588	5.831279305571315e-06
53.0	513.4147228853384	4.4e-06	0.14532316154861302	0.14533316362956	0.14534402273626945	6.85740165575599e-06
53.0	513.4147228853384	4.800000000000001e-06	0.14531616844315387	0.1453167735981212	0.14531731846242746	2.6910105194702444e-07
53.0	513.4147228853384	5.2e-06	0.14529020847945695	0.14530038288793784	0.1453100487110932	6.954158059425885e-06
53.0	513.4147228853384	5.600000000000001e-06	0.14528501898310253	0.14529338085087218	0.1453039011341506	5.884854853643378e-06
53.0	513.4147228853384	6e-06	0.145281687284057	0.14528852540563986	0.1452984088562701	4.858334241091114e-06
53.0	513.4147228853384	6.4e-06	0.14527973606971134	0.14528507617424824	0.145293623721364	3.916896836360576e-06
53.0	513.4147228853384	6.8e-06	0.1452776868019221	0.14528220567826672	0.14528949687431858	3.214224769455166e-06
53.0	513.4147228853384	7.2e-06	0.14527620608852398	0.1452800236468929	0.1452859251144556	2.548961866335513e-06
53.0	513.4147228853384	7.6e-06	0.1452749312992152	0.1452780955926278	0.14528279151024837	2.013309778167168e-06
53.0	513.4147228853384	8e-06	0.14527381410754092	0.14527641721707937	0.1452799969014471	1.52304194226803e-06
53.0	513.4147228853384	8.4e-06	0.14527262134614105	0.1452748166119738	0.14527745590212238	1.1282032583398502e-06
53.0	513.4147228853384	8.8e-06	0.1452720669062728	0.14527333314058144	0.1452750961256406	7.412515230001463e-07
53.0	513.4147228853384	9.2e-06	0.14527108696494206	0.1452718535278915	0.1452728553938618	4.2607272877958737e-07
53.0	513.4147228853384	9.600000000000001e-06	0.14527000330259732	0.1452703853372462	0.14527067840195684	1.4712892583890878e-07
53.0	513.4147228853384	9.999999999999999e-06	0.14526847343660343	0.1452689318552634	0.14526922600736647	1.769938132559135e-07
53.0	513.4147228853384	1.04e-05	0.14526627071790799	0.14526749677429251	0.14526853070608325	5.046378809397561e-07
53.0	513.4147228853384	1.08e-05	0.14526397541034353	0.14526600358762104	0.14526743429490274	8.409515408406199e-07
53.0	513.4147228853384	1.1200000000000001e-05	0.14526152781713275	0.1452644727521335	0.14526646553377542	1.2428192440036976e-06
53.0	513.4147228853384	1.16e-05	0.1452588603002054	0.14526278673611873	0.14526530512834235	1.6772578952646864e-06
53.0	513.4147228853384	1.2e-05	0.14525589666998773	0.1452609357880972	0.1452640496704074	2.210188792915768e-06
53.0	513.4147228853384	1.24e-05	0.1452525557699218	0.1452585945784321	0.1452623580495116	2.764444583237826e-06
53.0	513.4147228853384	1.28e-05	0.14524874982373337	0.14525583388355137	0.14526078492623373	3.4909631513201323e-06
53.0	513.4147228853384	1.32e-05	0.14524445249663298	0.14525204186577093	0.1452581639837316	4.2674434401118185e-06
53.0	513.4147228853384	1.36e-05	0.1452397109870498	0.14524667289129023	0.1452541784281003	5.062322126579647e-06
53.0	513.4147228853384	1.4e-05	0.1452340706336548	0.14523441781260713	0.14523475091043547	1.5093514650407184e-07
53.0	513.4147228853384	1.44e-05	0.14521420041864808	0.14522211415223113	0.14522978079625126	5.256687730994213e-06
53.0	513.4147228853384	1.48e-05	0.14521036075039184	0.1452168769671787	0.14522514479050397	4.45453895629656e-06
53.0	513.4147228853384	1.52e-05	0.14520790613291457	0.14521325572963936	0.14522101325277426	3.684673011385905e-06
53.0	513.4147228853384	1.56e-05	0.1452064764241623	0.1452106933715263	0.14521742363965462	2.980575684863992e-06
53.0	513.4147228853384	1.6e-05	0.145204975391505	0.1452085672352766	0.14521433938572503	2.4564156748142564e-06
53.0	513.4147228853384	1.6400000000000002e-05	0.1452039028257408	0.14520696098856603	0.14521167877677676	1.9628480138788014e-06
53.0	513.4147228853384	1.68e-05	0.1452029721202157	0.14520554940171806	0.14520935508295185	1.5654906189055398e-06
53.0	513.4147228853384	1.7199999999999998e-05	0.1452021639739174	0.1452043295327002	0.14520729360820184	1.2038399745432886e-06
53.0	513.4147228853384	1.76e-05	0.14520131162985894	0.1452031709482797	0.1452054303654844	9.147957392758547e-07
53.0	513.4147228853384	1.8e-05	0.14520092189652267	0.14520210462227892	0.14520371147844813	6.340946513104186e-07
53.0	513.4147228853384	1.84e-05	0.14520022339744543	0.14520104425113112	0.1452020910964844	4.105905619297418e-07
53.0	513.4147228853384	1.88e-05	0.14519944892112946	0.14519999577814596	0.1452005289320688	2.2050098582005044e-07
53.0	513.4147228853384	1.9200000000000003e-05	0.145198661823442	0.14519896154329204	0.14519921564126026	1.2008729840785574e-07
53.0	513.4147228853384	1.9600000000000002e-05	0.14519724215465946	0.1451979436321878	0.14519864307168184	2.81549038893225e-07
53.0	513.4147228853384	1.9999999999999998e-05	0.14519575794323103	0.14519689283145348	0.14519785169035782	5.037680553551676e-07
53.0	513.4147228853384	2.04e-05	0.1451940944288852	0.1451958208742563	0.14519712436699095	7.7470247534532e-07
53.0	513.4147228853384	2.08e-05	0.14519225495028465	0.14519465150848895	0.1451963071389022	1.0684058156551425e-06
53.0	513.4147228853384	2.12e-05	0.14519022523824887	0.14519337752444786	0.14519543046214523	1.4296284332372892e-06
53.0	513.4147228853384	2.16e-05	0.1451879511743126	0.1451917816783672	0.145194221712587	1.8034511841870568e-06
53.0	513.4147228853384	2.2e-05	0.14518537743736992	0.14518990905721532	0.14519314724787158	2.2909831424604e-06
53.0	513.4147228853384	2.2400000000000002e-05	0.1451824816601901	0.14518735406854708	0.14519137152146921	2.8096289434763504e-06
53.0	513.4147228853384	2.28e-05	0.14517923475941874	0.1451837549867714	0.14518869550021662	3.339028208744936e-06
53.0	513.4147228853384	2.32e-05	0.1451751966971404	0.14517559776824793	0.14517598155274936	1.795096909520147e-07
53.0	513.4147228853384	2.36e-05	0.14516199922980455	0.1451673886472705	0.14517267098844666	3.540660074015788e-06
53.0	513.4147228853384	2.4e-05	0.1451594684057902	0.1451639197221249	0.1451695948642593	3.005061477879144e-06
53.0	513.4147228853384	2.44e-05	0.14515786298794886	0.1451615344489727	0.14516686547360447	2.4931639402405156e-06
53.0	513.4147228853384	2.48e-05	0.14515693630345172	0.1451598596168246	0.14516450637631095	2.0277853758202014e-06
53.0	513.4147228853384	2.5200000000000003e-05	0.14515596860032431	0.145158478284734	0.14516249277496396	1.683590541687728e-06
53.0	513.4147228853384	2.56e-05	0.1451552867122361	0.14515744832912214	0.14516076810991585	1.3617220076128124e-06
53.0	513.4147228853384	2.6e-05	0.1451546945673048	0.14515655319018306	0.14515927524093986	1.103509769729691e-06
53.0	513.4147228853384	2.64e-05	0.14515419062024204	0.14515579181807792	0.14515796460812336	8.702171860549264e-07
53.0	513.4147228853384	2.68e-05	0.14515366567719568	0.1451550751879942	0.1451567941593277	6.866919603459311e-07
53.0	513.4147228853384	2.72e-05	0.1451534370468366	0.1451544257620397	0.1451557289526928	5.105567080776198e-07
53.0	513.4147228853384	2.76e-05	0.1451530147015081	0.14515378434865084	0.1451547398057711	3.7468432320106363e-07
53.0	513.4147228853384	2.8e-05	0.1451525510774978	0.1451531552727228	0.14515380173032266	2.6084545282077305e-07
53.0	513.4147228853384	2.8400000000000003e-05	0.14515208463860407	0.1451525399320178	0.1451528924207386	1.6420015318386626e-07
53.0	513.4147228853384	2.88e-05	0.14515164134152858	0.14515193881460428	0.14515221764093145	1.2302091948576183e-07
53.0	513.4147228853384	2.92e-05	0.14515079783378138	0.14515132983552353	0.14515176565828458	1.933804305531162e-07
53.0	513.4147228853384	2.96e-05	0.14514991472953032	0.1451507161394634	0.1451513584113604	3.224828066032106e-07
53.0	513.4147228853384	2.9999999999999997e-05	0.14514896571631564	0.14515006277229053	0.14515088980365665	4.7203628257968335e-07
53.0	513.4147228853384	3.04e-05	0.14514791972235308	0.14514936469988615	0.14515041349733693	6.593690933829102e-07
53.0	513.4147228853384	3.0799999999999996e-05	0.1451467407977418	0.14514851308723578	0.14514976102896426	8.520199569355361e-07
53.0	513.4147228853384	3.12e-05	0.14514539131009485	0.14514752722127436	0.1451491923634718	1.1000209388052128e-06
53.0	513.4147228853384	3.16e-05	0.14514384272874725	0.14514620715690316	0.14514826613760512	1.3602815863912774e-06
53.0	513.4147228853384	3.2e-05	0.14514209974874248	0.14514437485485673	0.1451468928968893	1.6232477653573947e-06
53.0	513.4147228853384	3.2399999999999995e-05	0.14513991729495146	0.14514030873958594	0.14514068563894167	1.798568709295291e-07
53.0	513.4147228853384	3.2800000000000004e-05	0.1451333588731769	0.1451361898770641	0.1451390380937747	1.8251403203530097e-06
53.0	513.4147228853384	3.32e-05	0.14513213025948257	0.14513448739470472	0.14513752499095212	1.5555650335220913e-06
53.0	513.4147228853384	3.36e-05	0.14513136951891248	0.1451333367514859	0.1451362004483867	1.301506406702127e-06
53.0	513.4147228853384	3.4e-05	0.1451309429225045	0.14513254841036988	0.1451350773363531	1.0747773441955484e-06
53.0	513.4147228853384	3.4399999999999996e-05	0.14513050612897338	0.14513191101179063	0.1451341362609897	9.105320834596877e-07
53.0	513.4147228853384	3.4800000000000006e-05	0.1451302121074285	0.14513145670982877	0.14513334907341324	7.600756673790115e-07
53.0	513.4147228853384	3.52e-05	0.14512995843818555	0.14513107738640593	0.1451326881236188	6.408939215052633e-07
53.0	513.4147228853384	3.56e-05	0.1451297573052006	0.14513077392674603	0.14513212899323147	5.355357019238908e-07
53.0	513.4147228853384	3.6e-05	0.1451295577167473	0.14513049866995145	0.14513165154894292	4.5677209894863886e-07
53.0	513.4147228853384	3.64e-05	0.14512948978329376	0.14513026553793995	0.145131239741227	3.8357179164062846e-07
53.0	513.4147228853384	3.68e-05	0.14512934297135427	0.14513004246015265	0.145130880980604	3.3252565223131726e-07
53.0	513.4147228853384	3.72e-05	0.1451291896612501	0.14512983213780764	0.14513056545816472	2.9377123643737737e-07
53.0	513.4147228853384	3.76e-05	0.1451290442724158	0.1451296350233865	0.145130285542316	2.62219055315054e-07
53.0	513.4147228853384	3.7999999999999995e-05	0.1451289182649642	0.14512945000693503	0.1451300352819347	2.3604601412146552e-07
53.0	513.4147228853384	3.8400000000000005e-05	0.14512881260927912	0.14512928200049116	0.14512981000891223	2.1363600136370843e-07
53.0	513.4147228853384	3.88e-05	0.14512871344699985	0.1451291256004465	0.14512960602324565	1.944047040081354e-07
53.0	513.4147228853384	3.9200000000000004e-05	0.1451286318662941	0.1451289869080821	0.1451294203428164	1.7737108630725273e-07
53.0	513.4147228853384	3.96e-05	0.14512854244107665	0.14512886288696095	0.14512925049870962	1.607631913679296e-07
53.0	513.4147228853384	3.9999999999999996e-05	0.1451284527575769	0.1451287522087184	0.1451290943504988	1.479404905260315e-07
53.0	513.4147228853384	4.0400000000000006e-05	0.14512837307859439	0.14512864795661057	0.14512894988742442	1.3723839439356846e-07
53.0	513.4147228853384	4.08e-05	0.1451283091556279	0.1451285523582389	0.14512881502286223	1.294454302397769e-07
53.0	513.4147228853384	4.12e-05	0.1451282368939566	0.14512846456047007	0.14512868784857424	1.2327041541686942e-07
53.0	513.4147228853384	4.16e-05	0.1451281674701237	0.14512838642771528	0.14512857302475357	1.192193840139474e-07
53.0	513.4147228853384	4.2e-05	0.14512810864855563	0.14512834221091364	0.14512850414420075	1.1390750710266225e-07
54.0	524.5139947731026	0.0	0.14807970976907026	0.1480827478625899	0.14808422149250955	9.923199870122987e-07
54.0	524.5139947731026	4e-07	0.14807772952087195	0.1480808500427816	0.14808239041111015	1.0306957366185006e-06
54.0	524.5139947731026	8e-07	0.14807554999838501	0.14807897146055873	0.1480808865196197	1.1547844708255597e-06
54.0	524.5139947731026	1.2000000000000002e-06	0.1480731578193346	0.14807711639936785	0.14808003506283818	1.394411009375695e-06
54.0	524.5139947731026	1.6e-06	0.1480705200630572	0.14807516137143037	0.14807844275659843	1.6868247067916604e-06
54.0	524.5139947731026	2e-06	0.14806758643951135	0.14807315603240698	0.148077005116507	2.1023189084873702e-06
54.0	524.5139947731026	2.4000000000000003e-06	0.14806428905449565	0.1480709305878789	0.14807538993259595	2.593291115376577e-06
54.0	524.5139947731026	2.8000000000000003e-06	0.14806054334985408	0.14806847766418088	0.14807368799281218	3.2274344976925662e-06
54.0	524.5139947731026	3.2e-06	0.14805625033653502	0.1480653594111555	0.14807135785642966	3.908922961257434e-06
54.0	524.5139947731026	3.6e-06	0.1480513087364308	0.14806168584230803	0.14806923756577905	4.833354733449397e-06
54.0	524.5139947731026	4e-06	0.14804568932749085	0.1480566280365851	0.14806569796450475	5.8313537597239305e-06
54.0	524.5139947731026	4.4e-06	0.14803945764561188	0.14804946140257869	0.1480603230748283	6.857391718804422e-06
54.0	524.5139947731026	4.800000000000001e-06	0.14803246421137306	0.14803307219401649	0.14803361994709974	2.7076056755103767e-07
54.0	524.5139947731026	5.2e-06	0.14800651272600973	0.14801668297419573	0.14802634585582553	6.953312138981603e-06
54.0	524.5139947731026	5.600000000000001e-06	0.14800132363047247	0.14800968161274697	0.1480201987626968	5.88407582156435e-06
54.0	524.5139947731026	6e-06	0.14799799214713794	0.1480048266282716	0.14801470695486785	4.85764123693155e-06
54.0	524.5139947731026	6.4e-06	0.1479960409087937	0.14800137770439165	0.14800992225571097	3.916301375033391e-06
54.0	524.5139947731026	6.8e-06	0.1479939918483053	0.14799850746356932	0.14800579572191896	3.2136945928236033e-06
54.0	524.5139947731026	7.2e-06	0.14799251107711875	0.1479963256064454	0.1480022243182475	2.548492080978622e-06
54.0	524.5139947731026	7.6e-06	0.14799123506620493	0.14799439765694933	0.1479990910295994	2.01295196094289e-06
54.0	524.5139947731026	8e-06	0.14799011931153228	0.1479927194042666	0.1479962967017423	1.522725805281356e-06
54.0	524.5139947731026	8.4e-06	0.14798892652291595	0.14799111893348496	0.14799375595489828	1.127907551623891e-06
54.0	524.5139947731026	8.8e-06	0.1479883719468038	0.14798963558333286	0.1479913964082078	7.40978387392205e-07
54.0	524.5139947731026	9.2e-06	0.14798739198289468	0.14798815609471894	0.14798915588885286	4.258000074324487e-07
54.0	524.5139947731026	9.600000000000001e-06	0.14798630842619254	0.1479866880401736	0.1479869790970314	1.4673128523725718e-07
54.0	524.5139947731026	9.999999999999999e-06	0.14798477440187874	0.14798523470600736	0.14798552739987691	1.769093470088077e-07
54.0	524.5139947731026	1.04e-05	0.14798257187592245	0.1479837997743813	0.1479848349085673	5.046759153843913e-07
54.0	524.5139947731026	1.08e-05	0.14798027676423686	0.1479823067404014	0.14798373858051406	8.409834484634906e-07
54.0	524.5139947731026	1.1200000000000001e-05	0.14797782937656212	0.1479807760798303	0.14798277005991523	1.2428324210242615e-06
54.0	524.5139947731026	1.16e-05	0.14797516208288553	0.14797909029457773	0.14798161111160724	1.6773087735917092e-06
54.0	524.5139947731026	1.2e-05	0.1479721987038607	0.1479772395478644	0.14798035596924564	2.2101953426041165e-06
54.0	524.5139947731026	1.24e-05	0.14796885809588112	0.14797489856997842	0.14797866449392139	2.7644062686238855e-06
54.0	524.5139947731026	1.28e-05	0.14796505243301628	0.14797213814851334	0.14797709172759532	3.4908736451997866e-06
54.0	524.5139947731026	1.32e-05	0.14796075553709542	0.1479683464800009	0.1479744711343587	4.267279289716205e-06
54.0	524.5139947731026	1.36e-05	0.1479560145445875	0.14796297798885671	0.1479704860500357	5.062060628340399e-06
54.0	524.5139947731026	1.4e-05	0.14795038020944418	0.14795072409720353	0.14795105509797501	1.4978412992586546e-07
54.0	524.5139947731026	1.44e-05	0.14793051301860238	0.14793842229702045	0.14794608561929845	5.255610562414597e-06
54.0	524.5139947731026	1.48e-05	0.1479266738525089	0.14793318594400354	0.1479414502548586	4.453554579764422e-06
54.0	524.5139947731026	1.52e-05	0.1479242195179138	0.14792956527610818	0.1479373193265312	3.683795523632369e-06
54.0	524.5139947731026	1.56e-05	0.14792278982859752	0.14792700330372965	0.14793373026969636	2.9798100911876484e-06
54.0	524.5139947731026	1.6e-05	0.1479212890410322	0.14792487748832545	0.14793064650969345	2.455725150711978e-06
54.0	524.5139947731026	1.6400000000000002e-05	0.1479202164526967	0.1479232714662032	0.14792798634063065	1.9622219095385154e-06
54.0	524.5139947731026	1.68e-05	0.14791928602242344	0.14792186002977079	0.1479256630353376	1.5649731385366704e-06
54.0	524.5139947731026	1.7199999999999998e-05	0.1479184778586955	0.1479206403215957	0.14792360190611564	1.2033555272916734e-06
54.0	524.5139947731026	1.76e-05	0.14791762551531207	0.14791948190693488	0.14792173897405902	9.143149529321228e-07
54.0	524.5139947731026	1.8e-05	0.14791723565894443	0.14791841573434092	0.14792002037024155	6.335947118656013e-07
54.0	524.5139947731026	1.84e-05	0.14791653715774444	0.14791735551904395	0.1479184002507994	4.100148390251713e-07
54.0	524.5139947731026	1.88e-05	0.14791576280563312	0.14791630721298324	0.14791683833449643	2.1966915826036676e-07
54.0	524.5139947731026	1.9200000000000003e-05	0.1479149758739382	0.1479152731557512	0.1479155256194984	1.1886612388335883e-07
54.0	524.5139947731026	1.9600000000000002e-05	0.14791355643055137	0.14791425542313866	0.1479149534175086	2.8112183308758707e-07
54.0	524.5139947731026	1.9999999999999998e-05	0.14791207250537486	0.1479132048048366	0.14791416210441533	5.03534848208182e-07
54.0	524.5139947731026	2.04e-05	0.1479104048463773	0.14791213305226036	0.14791343494130427	7.745285339932395e-07
54.0	524.5139947731026	2.08e-05	0.14790856564876798	0.14791096394803152	0.1479126177968615	1.0683011015293158e-06
54.0	524.5139947731026	2.12e-05	0.14790653625164563	0.14790969020126032	0.14791174122221573	1.4294948111769036e-06
54.0	524.5139947731026	2.16e-05	0.1479042625511724	0.14790809463414079	0.14791053252063335	1.8032769819793884e-06
54.0	524.5139947731026	2.2e-05	0.14790168921490654	0.14790622234331388	0.1479094582720224	2.2907561620906933e-06
54.0	524.5139947731026	2.2400000000000002e-05	0.14789879395623817	0.14790366778430813	0.14790768274900934	2.8093216099814167e-06
54.0	524.5139947731026	2.28e-05	0.14789555273562804	0.14790006930065502	0.14790500705678067	3.3386160252525227e-06
54.0	524.5139947731026	2.32e-05	0.14789151576645754	0.14789191352132552	0.14789229516053837	1.7808427093016743e-07
54.0	524.5139947731026	2.36e-05	0.14787832165864945	0.1478837064856845	0.14788898533032757	3.539459081332084e-06
54.0	524.5139947731026	2.4e-05	0.14787579139689022	0.14788023848334095	0.14788590993731532	3.0039671046034157e-06
54.0	524.5139947731026	2.44e-05	0.14787418630431404	0.14787785384283125	0.14788318123441702	2.4921869512496594e-06
54.0	524.5139947731026	2.48e-05	0.14787325967196807	0.14787617944215956	0.1478808227601025	2.026926403554558e-06
54.0	524.5139947731026	2.5200000000000003e-05	0.1478722922331377	0.14787479846955506	0.14787880972305878	1.6828100033859857e-06
54.0	524.5139947731026	2.56e-05	0.1478716103527331	0.14787376876786715	0.14787708554369772	1.3610072926959798e-06
54.0	524.5139947731026	2.6e-05	0.14787101848043616	0.14787287380693992	0.14787559310225618	1.1028983979479434e-06
54.0	524.5139947731026	2.64e-05	0.14787051453417455	0.14787211261607597	0.1478742828485089	8.696359380608605e-07
54.0	524.5139947731026	2.68e-05	0.14786998961455744	0.14787139617355335	0.14787311273953208	6.861112883698064e-07
54.0	524.5139947731026	2.72e-05	0.14786976087001857	0.1478707469158599	0.147872047841771	5.099552678006717e-07
54.0	524.5139947731026	2.76e-05	0.14786933853348838	0.14787010567237233	0.147871058980229	3.7402563735286347e-07
54.0	524.5139947731026	2.8e-05	0.14786887503381418	0.14786947677586287	0.14787012117354426	2.600501790433949e-07
54.0	524.5139947731026	2.8400000000000003e-05	0.14786840876489737	0.14786886162369084	0.14786921212278425	1.6309851219814523e-07
54.0	524.5139947731026	2.88e-05	0.14786796568340765	0.147868260694782	0.14786853805878586	1.2170424965517008e-07
54.0	524.5139947731026	2.92e-05	0.1478671224725554	0.1478676519068511	0.14786808614016156	1.925760976702356e-07
54.0	524.5139947731026	2.96e-05	0.14786623969474544	0.1478670384226031	0.14786767853705474	3.219800594281897e-07
54.0	524.5139947731026	2.9999999999999997e-05	0.14786529104504176	0.14786638532066848	0.14786721055312846	4.7170592400134796e-07
54.0	524.5139947731026	3.04e-05	0.14786424546124977	0.14786568749179752	0.1478667343422746	6.590669424325143e-07
54.0	524.5139947731026	3.0799999999999996e-05	0.1478630670056864	0.1478648361663825	0.14786608193877004	8.517060964925406e-07
54.0	524.5139947731026	3.12e-05	0.14786171806039228	0.14786385064127922	0.14786551348811727	1.0996761886946494e-06
54.0	524.5139947731026	3.16e-05	0.14786017010823294	0.1478625310225403	0.14786458747926012	1.3598709193520773e-06
54.0	524.5139947731026	3.2e-05	0.1478584278478916	0.14786069934084226	0.14786321459623508	1.6227437714721321e-06
54.0	524.5139947731026	3.2399999999999995e-05	0.14785624650895457	0.14785663469629487	0.14785700948097702	1.7843671064738033e-07
54.0	524.5139947731026	3.2800000000000004e-05	0.14784969137422888	0.1478525179119705	0.14785536268110455	1.823893808883343e-06
54.0	524.5139947731026	3.32e-05	0.14784846330270796	0.14785081634040242	0.14785385031589904	1.5544224026038672e-06
54.0	524.5139947731026	3.36e-05	0.1478477028811458	0.1478496663211041	0.14785252646319869	1.3004738324307804e-06
54.0	524.5139947731026	3.4e-05	0.1478472763454386	0.1478488784061041	0.14785140396449847	1.073851104292439e-06
54.0	524.5139947731026	3.4399999999999996e-05	0.14784683980302127	0.14784824136309638	0.14785046343540653	9.096742541005749e-07
54.0	524.5139947731026	3.4800000000000006e-05	0.14784654580703194	0.14784778731078055	0.14784967672467353	7.592741976523692e-07
54.0	524.5139947731026	3.52e-05	0.14784629237714952	0.14784740816330555	0.14784901619088942	6.401799979266532e-07
54.0	524.5139947731026	3.56e-05	0.1478460912497983	0.14784710487706537	0.14784845742495634	5.348461874281144e-07
54.0	524.5139947731026	3.6e-05	0.14784589169887763	0.14784682979771036	0.14784798030211288	4.56085101016232e-07
54.0	524.5139947731026	3.64e-05	0.14784582365140242	0.1478465968208668	0.1478475687801648	3.8288200497974095e-07
54.0	524.5139947731026	3.68e-05	0.14784567684438255	0.14784637389833977	0.14784721027575287	3.3182708419995667e-07
54.0	524.5139947731026	3.72e-05	0.14784552370192472	0.14784616373809975	0.14784689498503667	2.930490265010723e-07
54.0	524.5139947731026	3.76e-05	0.1478453784786975	0.14784596679194362	0.1478466152806499	2.6145698165385525e-07
54.0	524.5139947731026	3.7999999999999995e-05	0.14784525257499403	0.1478457819415058	0.14784636521503192	2.3523889673022832e-07
54.0	524.5139947731026	3.8400000000000005e-05	0.14784514713667818	0.14784561409614547	0.14784614012309305	2.1277914266195036e-07
54.0	524.5139947731026	3.88e-05	0.14784504803105047	0.1478454578706013	0.14784593630738474	1.9348168727832586e-07
54.0	524.5139947731026	3.9200000000000004e-05	0.1478449667208146	0.14784531938601378	0.14784575078792805	1.763441472479819e-07
54.0	524.5139947731026	3.96e-05	0.1478448773705443	0.14784519553579908	0.14784558109756052	1.5963446330336104e-07
54.0	524.5139947731026	3.9999999999999996e-05	0.14784478788248112	0.14784508502475058	0.14784542509734244	1.467054383215654e-07
54.0	524.5139947731026	4.0400000000000006e-05	0.147844708432185	0.1478449809461912	0.14784528077819914	1.3589869896999432e-07
54.0	524.5139947731026	4.08e-05	0.14784464484955606	0.14784488551603184	0.1478451460570458	1.2801424045434222e-07
54.0	524.5139947731026	4.12e-05	0.14784457283160357	0.1478447978802008	0.14784501903648373	1.2176187148941927e-07
54.0	524.5139947731026	4.16e-05	0.147844503695441	0.14784471989637682	0.1478449043978003	1.1766159636828244e-07
54.0	524.5139947731026	4.2e-05	0.14784444527077056	0.14784467564897966	0.14784483585551733	1.1237527330757794e-07
55.0	535.6132666608668	0.0	0.15083197149280547	0.15083501091857932	0.15083648617734102	9.929610434249017e-07
55.0	535.6132666608668	4e-07	0.15082999124906937	0.15083311311194056	0.1508346553243074	1.0313143856006583e-06
55.0	535.6132666608668	8e-07	0.15082781174308657	0.150831234566762	0.15083315159678623	1.1553410897837952e-06
55.0	535.6132666608668	1.2000000000000002e-06	0.15082541959317375	0.15082937955317288	0.15083230034503003	1.3948719771238598e-06
55.0	535.6132666608668	1.6e-06	0.15082278188035225	0.15082742459044354	0.15083070826027	1.6872033560025227e-06
55.0	535.6132666608668	2e-06	0.15081984831737216	0.15082541934569665	0.15082927083732134	2.10262033742971e-06
55.0	535.6132666608668	2.4000000000000003e-06	0.15081655101423053	0.1508231940619661	0.1508276555790813	2.5935928420880636e-06
55.0	535.6132666608668	2.8000000000000003e-06	0.1508128054188953	0.1508207412726891	0.15082595394408305	3.2276722862991277e-06
55.0	535.6132666608668	3.2e-06	0.15080851233893267	0.1508176231806411	0.15082362392808513	3.909112763449483e-06
55.0	535.6132666608668	3.6e-06	0.1508035709444382	0.15081394980216198	0.15082150396907057	4.833492966845481e-06
55.0	535.6132666608668	4e-06	0.15079795180506483	0.15080889223518437	0.1508179646689749	5.831426991987645e-06
55.0	535.6132666608668	4.4e-06	0.15079172046718892	0.15080172592609126	0.15081259016144344	6.8573829889449045e-06
55.0	535.6132666608668	4.800000000000001e-06	0.15078472673791943	0.15078533752523207	0.15078588816723926	2.724273692638285e-07
55.0	535.6132666608668	5.2e-06	0.15075878360013117	0.15076894973696667	0.15077860968885837	6.952497389553674e-06
55.0	535.6132666608668	5.600000000000001e-06	0.15075359487983508	0.1507619490202624	0.15077246306224712	5.8833258019305e-06
55.0	535.6132666608668	6e-06	0.15075026359980548	0.15075709447651944	0.15076697170723907	4.856973305605344e-06
55.0	535.6132666608668	6.4e-06	0.15074831233998953	0.1507536458481282	0.15076218742764347	3.91572564717598e-06
55.0	535.6132666608668	6.8e-06	0.1507462634736818	0.15075077585388483	0.15075806119474144	3.213179635164222e-06
55.0	535.6132666608668	7.2e-06	0.15074478265210622	0.15074859416603578	0.1507544901338056	2.5480331244588685e-06
55.0	535.6132666608668	7.6e-06	0.15074350546947457	0.15074666632019115	0.15075135714852195	2.0125971416679224e-06
55.0	535.6132666608668	8e-06	0.15074239108475673	0.15074498818595128	0.15074856309028117	1.5224100977139206e-06
55.0	535.6132666608668	8.4e-06	0.15074119827457544	0.15074338784389718	0.15074602258507053	1.1276106547205535e-06
55.0	535.6132666608668	8.8e-06	0.15074064356609096	0.15074190460877648	0.15074366325743327	7.407027538462229e-07
55.0	535.6132666608668	9.2e-06	0.1507396635794267	0.15074042523756342	0.15074142293955362	4.2552462511649933e-07
55.0	535.6132666608668	9.600000000000001e-06	0.15073858011584917	0.1507389573111776	0.1507392463363706	1.4633915157011005e-07
55.0	535.6132666608668	9.999999999999999e-06	0.15073704189615356	0.15073750411565007	0.15073779536926946	1.7684673955984344e-07
55.0	535.6132666608668	1.04e-05	0.1507348395495134	0.15073606932382336	0.15073710700145604	5.047297555315481e-07
55.0	535.6132666608668	1.08e-05	0.15073254461899133	0.1507345764314997	0.1507360094698056	8.410311005379022e-07
55.0	535.6132666608668	1.1200000000000001e-05	0.15073009742053145	0.15073304593311265	0.15073504117563985	1.242862195252623e-06
55.0	535.6132666608668	1.16e-05	0.15072743033179403	0.150731360360652	0.15073388362236084	1.6773725892253987e-06
55.0	535.6132666608668	1.2e-05	0.1507244671831538	0.15072950979897368	0.15073262877372873	2.210216267892818e-06
55.0	535.6132666608668	1.24e-05	0.1507211268432913	0.15072716903416708	0.1507309374371797	2.7643840493837955e-06
55.0	535.6132666608668	1.28e-05	0.1507173214387567	0.15072440886578273	0.15072936500697853	3.4908032395598334e-06
55.0	535.6132666608668	1.32e-05	0.15071302494075844	0.15072061752172486	0.1507267447443983	4.2671393762190434e-06
55.0	535.6132666608668	1.36e-05	0.15070828442664563	0.15071524948092027	0.15072276010948027	5.061830574876716e-06
55.0	535.6132666608668	1.4e-05	0.1507026561073932	0.1507029966883318	0.1507033255656438	1.4863508853059855e-07
55.0	535.6132666608668	1.44e-05	0.15068279169982102	0.15069069661793483	0.15069835667736164	5.254594557931621e-06
55.0	535.6132666608668	1.48e-05	0.15067895298786738	0.15068546103556055	0.15069372190969776	4.452624653758e-06
55.0	535.6132666608668	1.52e-05	0.15067649890930213	0.15068184089609096	0.1506895915492681	3.6829641494133157e-06
55.0	535.6132666608668	1.56e-05	0.15067506923325347	0.15067927928233538	0.15068600301143942	2.9790812641891893e-06
55.0	535.6132666608668	1.6e-05	0.15067356866884385	0.1506771537666181	0.1506829197119659	2.455063909945113e-06
55.0	535.6132666608668	1.6400000000000002e-05	0.15067249605867072	0.1506755479545186	0.1506802599539201	1.961617910435709e-06
55.0	535.6132666608668	1.68e-05	0.15067156587759278	0.1506741366588388	0.15067793701151455	1.5644679387213917e-06
55.0	535.6132666608668	1.7199999999999998e-05	0.15067075769501415	0.1506729170997832	0.150675876204593	1.2028787273144603e-06
55.0	535.6132666608668	1.76e-05	0.1506699053526379	0.1506717588424038	0.1506740135616278	9.138384877260864e-07
55.0	535.6132666608668	1.8e-05	0.15066951537443352	0.15067069281071543	0.15067229522046421	6.33095978867388e-07
55.0	535.6132666608668	1.84e-05	0.150668816866542	0.15066963273836473	0.15067067534339973	4.0943805009295145e-07
55.0	535.6132666608668	1.88e-05	0.15066804262152367	0.15066858458519974	0.1506691136549776	2.1883597555694063e-07
55.0	535.6132666608668	1.9200000000000003e-05	0.15066725584186003	0.15066755069048654	0.15066780153511683	1.1764943648757324e-07
55.0	535.6132666608668	1.9600000000000002e-05	0.15066583660451816	0.15066653312103487	0.15066722965077695	2.807114273763334e-07
55.0	535.6132666608668	1.9999999999999998e-05	0.1506643529438927	0.15066548266826385	0.1506664383819487	5.033196641552681e-07
55.0	535.6132666608668	2.04e-05	0.15066268108882053	0.15066441110173112	0.1506657113595642	7.743747838829046e-07
55.0	535.6132666608668	2.08e-05	0.1506608421441369	0.15066324223499872	0.15066489430463914	1.0682144863432152e-06
55.0	535.6132666608668	2.12e-05	0.150658813030506	0.15066196870254764	0.1506640178034493	1.4293826256277357e-06
55.0	535.6132666608668	2.16e-05	0.15065653965779635	0.15066037338739377	0.15066280913743757	1.803127858724622e-06
55.0	535.6132666608668	2.2e-05	0.15065396668281306	0.1506585013968959	0.150661735076822	2.290559771727233e-06
55.0	535.6132666608668	2.2400000000000002e-05	0.15065107189501248	0.15065594722965614	0.15065995972782265	2.8090526091689423e-06
55.0	535.6132666608668	2.28e-05	0.15064783632573864	0.15065234929285146	0.1506572843285463	3.338252006400984e-06
55.0	535.6132666608668	2.32e-05	0.15064380039691816	0.1506441948244021	0.15064457429734368	1.766569950537634e-07
55.0	535.6132666608668	2.36e-05	0.15063060934775585	0.15063598970521555	0.1506412651403286	3.538335933520721e-06
55.0	535.6132666608668	2.4e-05	0.1506280795887438	0.15063252254848195	0.1506381904195786	3.0029414577873913e-06
55.0	535.6132666608668	2.44e-05	0.15062647478735425	0.15063013848863288	0.15063546235042757	2.4912680955107064e-06
55.0	535.6132666608668	2.48e-05	0.15062554819644003	0.1506284644848459	0.150633104451245	2.026114271382253e-06
55.0	535.6132666608668	2.5200000000000003e-05	0.1506245809959692	0.15062708384445844	0.15063109193607005	1.6820674319237738e-06
55.0	535.6132666608668	2.56e-05	0.1506238991206228	0.15062605437765947	0.15062936820630046	1.3603221514076244e-06
55.0	535.6132666608668	2.6e-05	0.1506233074930643	0.15062515958116132	0.15062787616073692	1.1023061878616234e-06
55.0	535.6132666608668	2.64e-05	0.15062280354383528	0.1506243985568412	0.15062656625781035	8.690684122545936e-07
55.0	535.6132666608668	2.68e-05	0.15062227864568278	0.15062368228680112	0.15062539646288986	6.855403924644066e-07
55.0	535.6132666608668	2.72e-05	0.15062204978698368	0.1506230331827375	0.15062433184992852	5.093599077461072e-07
55.0	535.6132666608668	2.76e-05	0.15062162745298124	0.1506223920942552	0.15062334325069937	3.7337016216574774e-07
55.0	535.6132666608668	2.8e-05	0.1506211640591948	0.15062176336136904	0.15062240569013952	2.592566325549646e-07
55.0	535.6132666608668	2.8400000000000003e-05	0.15062069794520028	0.1506211483810942	0.15062149687547155	1.6199758600190087e-07
55.0	535.6132666608668	2.88e-05	0.15062025506689558	0.15062054762399324	0.1506208235065234	1.2039130409884634e-07
55.0	535.6132666608668	2.92e-05	0.1506194121300073	0.15061993900924228	0.15062037162766728	1.91788160842504e-07
55.0	535.6132666608668	2.96e-05	0.15061852965407763	0.15061932571744824	0.15061996375472209	3.214968428670218e-07
55.0	535.6132666608668	2.9999999999999997e-05	0.15061758134103265	0.15061867285652164	0.15061949629319749	4.713926196128942e-07
55.0	535.6132666608668	3.04e-05	0.15061653613741655	0.1506179752481569	0.1506190201496791	6.587847996797146e-07
55.0	535.6132666608668	3.0799999999999996e-05	0.15061535811665294	0.15061712418332102	0.1506183677984234	8.514155157542014e-07
55.0	535.6132666608668	3.12e-05	0.150614009673828	0.1506161389697718	0.15061779953543564	1.0993597566795446e-06
55.0	535.6132666608668	3.16e-05	0.15061246230385272	0.15061481976021587	0.15061687371515742	1.3594957432998238e-06
55.0	535.6132666608668	3.2e-05	0.15061072070813974	0.1506129886502284	0.15061550115565314	1.6222844451309646e-06
55.0	535.6132666608668	3.2399999999999995e-05	0.1506085404308095	0.15060892535675802	0.15060929801277556	1.7701764485161612e-07
55.0	535.6132666608668	3.2800000000000004e-05	0.15060198830327032	0.1506048104928357	0.15060765190169345	1.8227215113140596e-06
55.0	535.6132666608668	3.32e-05	0.15060076071897122	0.15060310976073227	0.1506061402198986	1.5533457256095812e-06
55.0	535.6132666608668	3.36e-05	0.1506000005856416	0.1506019603178475	0.15060481700782002	1.2994975179547463e-06
55.0	535.6132666608668	3.4e-05	0.1505995741015589	0.15060117279791155	0.15060369508062	1.072970844656742e-06
55.0	535.6132666608668	3.4399999999999996e-05	0.15059913778710943	0.15060053608639798	0.15060275506093035	9.088543527783844e-07
55.0	535.6132666608668	3.4800000000000006e-05	0.15059884381562227	0.15060008226746605	0.1506019687955309	7.585031804656146e-07
55.0	535.6132666608668	3.52e-05	0.15059859059980507	0.1505997032849299	0.15060130865066412	6.394874405887901e-07
55.0	535.6132666608668	3.56e-05	0.15059838947585558	0.1505994001602855	0.1506007502255846	5.34173369642403e-07
55.0	535.6132666608668	3.6e-05	0.15059818996243912	0.1505991252463621	0.15060027340325277	4.5541145979550886e-07
55.0	535.6132666608668	3.64e-05	0.15059812180177268	0.15059889241328803	0.15059986214812948	3.822024841702371e-07
55.0	535.6132666608668	3.68e-05	0.1505979749951889	0.1505986696345206	0.15059950388242882	3.3113629812280993e-07
55.0	535.6132666608668	3.72e-05	0.15059782200512029	0.15059845962421017	0.150599188806952	2.9233317955161513e-07
55.0	535.6132666608668	3.76e-05	0.15059767693489867	0.15059826283351269	0.15059890929823627	2.607006591251011e-07
55.0	535.6132666608668	3.7999999999999995e-05	0.15059755112069872	0.15059807813633314	0.15059865941203832	2.3443665787294294e-07
55.0	535.6132666608668	3.8400000000000005e-05	0.15059744588568869	0.15059791043859416	0.15059843448611687	2.119265640543998e-07
55.0	535.6132666608668	3.88e-05	0.1505973468305397	0.15059775437315365	0.15059823082547386	1.925624859412054e-07
55.0	535.6132666608668	3.9200000000000004e-05	0.15059726577632304	0.15059761607837266	0.15059804545221311	1.7532182395368618e-07
55.0	535.6132666608668	3.96e-05	0.150597176488942	0.1505974923832242	0.1505978759009139	1.5851003114006316e-07
55.0	535.6132666608668	3.9999999999999996e-05	0.15059708718197307	0.15059738202285514	0.15059772003415617	1.454744485164368e-07
55.0	535.6132666608668	4.0400000000000006e-05	0.15059700794458397	0.15059727810165088	0.15059757584458033	1.3456211613342562e-07
55.0	535.6132666608668	4.08e-05	0.1505969446883304	0.15059718282387374	0.15059744125262853	1.265851377799943e-07
55.0	535.6132666608668	4.12e-05	0.1505968728973155	0.15059709533494717	0.15059731437149448	1.2025450656344282e-07
55.0	535.6132666608668	4.16e-05	0.1505968040303607	0.15059701748528154	0.15059719990287235	1.1610499671689942e-07
55.0	535.6132666608668	4.2e-05	0.15059674598451522	0.15059697318441706	0.1505971316830106	1.1084592128101999e-07
56.0	546.712538548631	0.0	0.15361843392002061	0.15362147469727472	0.15362295159825923	9.936117276452604e-07
56.0	546.712538548631	4e-07	0.15361645368072008	0.15361957690314093	0.15362112095753666	1.0319422311020594e-06
56.0	546.712538548631	8e-07	0.1536142741911677	0.15361769839323738	0.15361961738829688	1.155905615683139e-06
56.0	546.712538548631	1.2000000000000002e-06	0.15361188207033827	0.15361584342526519	0.15361876633431493	1.3953392040868257e-06
56.0	546.712538548631	1.6e-06	0.15360924440105705	0.15361388852516344	0.15361717445862144	1.6875865253792752e-06
56.0	546.712538548631	2e-06	0.15360631089900956	0.15361188337117673	0.1536157372432143	2.1029240454234e-06
56.0	546.712538548631	2.4000000000000003e-06	0.15360301367856177	0.1536096582416708	0.1536141219247238	2.593890429263944e-06
56.0	546.712538548631	2.8000000000000003e-06	0.15359926819395042	0.15360720558366578	0.1536124205810241	3.227903005019042e-06
56.0	546.712538548631	3.2e-06	0.1535949750579375	0.15360408765177513	0.15361009069031617	3.909292667279823e-06
56.0	546.712538548631	3.6e-06	0.15359003387118886	0.15360041446514208	0.15360797105419444	4.833618191642174e-06
56.0	546.712538548631	4e-06	0.15358441500344888	0.15359535714332453	0.15360443205782115	5.831485697886941e-06
56.0	546.712538548631	4.4e-06	0.15357818401083367	0.15358819117160555	0.1535990579443025	6.8573601018366625e-06
56.0	546.712538548631	4.800000000000001e-06	0.15357119002718456	0.15357180359795813	0.15357235712908057	2.7410064839514015e-07
56.0	546.712538548631	5.2e-06	0.1535452551659846	0.1535554172189874	0.15356507423698584	6.951699159892378e-06
56.0	546.712538548631	5.600000000000001e-06	0.15354006680775534	0.1535484171331167	0.1535589280741183	5.882592669639147e-06
56.0	546.712538548631	6e-06	0.1535367357273909	0.15354356302247849	0.15355343716838554	4.856320786370964e-06
56.0	546.712538548631	6.4e-06	0.1535347844542274	0.1535401146870042	0.15354865330477097	3.915162347634769e-06
56.0	546.712538548631	6.8e-06	0.153532735775201	0.1535372449390439	0.1535445273717455	3.2126744394406264e-06
56.0	546.712538548631	7.2e-06	0.15353125491564779	0.15353506342237916	0.15354095665077416	2.5475814500929236e-06
56.0	546.712538548631	7.6e-06	0.15352997661373546	0.15353313568547472	0.15353782396668691	2.012243566251889e-06
56.0	546.712538548631	8e-06	0.15352886353827433	0.1535314576716323	0.15353503017635273	1.5220945181532567e-06
56.0	546.712538548631	8.4e-06	0.1535276707172457	0.15352985745921202	0.15353248991134283	1.1273134889167323e-06
56.0	546.712538548631	8.8e-06	0.1535271158826239	0.15352837433944083	0.15353013080146027	7.40426882492875e-07
56.0	546.712538548631	9.2e-06	0.1535261358773683	0.15352689508568404	0.15352789068376804	4.2525014618885375e-07
56.0	546.712538548631	9.600000000000001e-06	0.1535250524997318	0.15352542728649954	0.15352571426786454	1.4595730336124362e-07
56.0	546.712538548631	9.999999999999999e-06	0.15352351007849396	0.1535239742276455	0.15352426405572217	1.7680069483576966e-07
56.0	546.712538548631	1.04e-05	0.15352130790942908	0.15352253957340362	0.1535235797834833	5.047915602900228e-07
56.0	546.712538548631	1.08e-05	0.15351901315825778	0.15352104681983395	0.15352248110282396	8.410845817217349e-07
56.0	546.712538548631	1.1200000000000001e-05	0.1535165661471929	0.1535195164796365	0.15352151302726025	1.24289613199557e-06
56.0	546.712538548631	1.16e-05	0.15351389926162895	0.1535178311124575	0.15352035681592469	1.6774344132421403e-06
56.0	546.712538548631	1.2e-05	0.15351093634169022	0.15351598073133174	0.15351910224705634	2.2102332271524913e-06
56.0	546.712538548631	1.24e-05	0.15350759626828747	0.15351364017647967	0.1535174110536719	2.764355858743494e-06
56.0	546.712538548631	1.28e-05	0.1535037911230548	0.15351088025962276	0.15351583894941356	3.4907248202112125e-06
56.0	546.712538548631	1.32e-05	0.15349949502009608	0.15350708924178977	0.15351321901711046	4.266991064247043e-06
56.0	546.712538548631	1.36e-05	0.15349475498000498	0.15350172165676582	0.15350923483839551	5.0615936099605e-06
56.0	546.712538548631	1.4e-05	0.15348913270532716	0.1534894699660546	0.15348979669693286	1.474899775573693e-07
56.0	546.712538548631	1.44e-05	0.15346927099434549	0.15347717158815524	0.15348482839137656	5.253600813445952e-06
56.0	546.712538548631	1.48e-05	0.15346543271874857	0.15347193675606	0.15348019421163173	4.451716398507843e-06
56.0	546.712538548631	1.52e-05	0.15346297888943106	0.1534683171327937	0.15347606441008033	3.682152054218359e-06
56.0	546.712538548631	1.56e-05	0.1534615492324365	0.1534657558716757	0.1534724763828672	2.978367928976095e-06
56.0	546.712538548631	1.6e-05	0.15346004888256282	0.15346363065242438	0.15346939353615507	2.4544148874959446e-06
56.0	546.712538548631	1.6400000000000002e-05	0.1534589762609233	0.15346202504990022	0.15346673418285128	1.9610230561684195e-06
56.0	546.712538548631	1.68e-05	0.15345804631220705	0.15346061389799676	0.15346441159803526	1.5639656372408737e-06
56.0	546.712538548631	1.7199999999999998e-05	0.15345723811732714	0.1534593944880925	0.15346235110884976	1.202403227092008e-06
56.0	546.712538548631	1.76e-05	0.15345638578499976	0.1534582363870892	0.1534604887509028	9.133624528865555e-07
56.0	546.712538548631	1.8e-05	0.15345599569020152	0.1534571704949269	0.1534587706685846	6.325970772002327e-07
56.0	546.712538548631	1.84e-05	0.15345529717849793	0.15345611056388594	0.1534571510301781	4.0886096474297603e-07
56.0	546.712538548631	1.88e-05	0.1534545230323694	0.15345506256101812	0.15345558956586647	2.180039170241003e-07
56.0	546.712538548631	1.9200000000000003e-05	0.1534537364000199	0.15345402882527653	0.15345427806207024	1.164366032079171e-07
56.0	546.712538548631	1.9600000000000002e-05	0.1534523173790454	0.15345301141521434	0.15345370644930778	2.803110031488951e-07
56.0	546.712538548631	1.9999999999999998e-05	0.15345083397888182	0.15345196112344556	0.15345291521069093	5.031124807401704e-07
56.0	546.712538548631	2.04e-05	0.15344915790288383	0.153450889737343	0.1534521883188127	7.742277149742986e-07
56.0	546.712538548631	2.08e-05	0.1534473192059851	0.15344972109893498	0.15345137136926912	1.0681290627430598e-06
56.0	546.712538548631	2.12e-05	0.15344529037033627	0.15344844777421998	0.1534504949245621	1.4292704160694557e-06
56.0	546.712538548631	2.16e-05	0.15344301731934884	0.15344685270499409	0.15344928629738597	1.8029775093811195e-06
56.0	546.712538548631	2.2e-05	0.15344044470050466	0.15344498100969248	0.1534482124112868	2.2903612000685554e-06
56.0	546.712538548631	2.2400000000000002e-05	0.15343755037506757	0.1534424272307588	0.1534464372308042	2.808782146421925e-06
56.0	546.712538548631	2.28e-05	0.15343432046855643	0.15343882983857854	0.15344376212480526	3.3378890835339244e-06
56.0	546.712538548631	2.32e-05	0.15343028557935146	0.1534306766664351	0.15343105395142587	1.7522763904629766e-07
56.0	546.712538548631	2.36e-05	0.15341709748036525	0.15342247341179882	0.15342774545342674	3.537240715705886e-06
56.0	546.712538548631	2.4e-05	0.15341456820196075	0.15341900707414244	0.15342467139005933	3.0019421836600685e-06
56.0	546.712538548631	2.44e-05	0.15341296368185287	0.153416623578279	0.15342194394028574	2.4903723509216233e-06
56.0	546.712538548631	2.48e-05	0.15341203713545326	0.15341494996199914	0.1534195866031718	2.0253207674431638e-06
56.0	546.712538548631	2.5200000000000003e-05	0.15341107016314304	0.15341356964765754	0.15341757459798	1.6813396911336559e-06
56.0	546.712538548631	2.56e-05	0.15341038830074627	0.1534125404128543	0.15341585130802304	1.3596482861121242e-06
56.0	546.712538548631	2.6e-05	0.15340979690105883	0.1534116457813584	0.15341435964990957	1.101719024407613e-06
56.0	546.712538548631	2.64e-05	0.15340929295352712	0.1534108849216045	0.15341305009039896	8.685039836979277e-07
56.0	546.712538548631	2.68e-05	0.15340876808384696	0.1534101688212817	0.15341188060283084	6.849713785293619e-07
56.0	546.712538548631	2.72e-05	0.15340853911498264	0.15340951986774204	0.1534108162683765	5.087654363840586e-07
56.0	546.712538548631	2.76e-05	0.1534081167849184	0.1534088789309188	0.15340982792534863	3.72714839644565e-07
56.0	546.712538548631	2.8e-05	0.15340765348787144	0.1534082503574307	0.15340889060478435	2.5846346075841165e-07
56.0	546.712538548631	2.8400000000000003e-05	0.15340718752315752	0.1534076355439687	0.15340798201990946	1.6089704121052266e-07
56.0	546.712538548631	2.88e-05	0.15340674485263417	0.15340703495340202	0.15340730932809699	1.1907993380449031e-07
56.0	546.712538548631	2.92e-05	0.15340590218307248	0.15340642650574743	0.15340685747449712	1.9101112409690178e-07
56.0	546.712538548631	2.96e-05	0.15340502000189016	0.15340581339927836	0.15340644942019832	3.210245392819582e-07
56.0	546.712538548631	2.9999999999999997e-05	0.15340407201774475	0.15340516076870853	0.1534059823952898	4.7108509180887014e-07
56.0	546.712538548631	3.04e-05	0.15340302718571852	0.15340446337227961	0.15340550630169503	6.585076895498829e-07
56.0	546.712538548631	3.0799999999999996e-05	0.1534018495900007	0.1534036125591608	0.15340485400328685	8.511293931488012e-07
56.0	546.712538548631	3.12e-05	0.15340050163817853	0.1534026276485227	0.15340428591350097	1.0990477719383992e-06
56.0	546.712538548631	3.16e-05	0.15339895483641453	0.15340130883947847	0.15340336027292434	1.3591267236401287e-06
56.0	546.712538548631	3.2e-05	0.15339721388797045	0.15339947829128545	0.15340198803154248	1.6218347804553254e-06
56.0	546.712538548631	3.2399999999999995e-05	0.15339503466330573	0.15339541631700115	0.15339578682477306	1.7559701739003603e-07
56.0	546.712538548631	3.2800000000000004e-05	0.15338848541437589	0.15339130330788972	0.15339414138213758	1.8215825881595594e-06
56.0	546.712538548631	3.32e-05	0.15338725829115774	0.1533896033830029	0.1533926303631974	1.5522999776839011e-06
56.0	546.712538548631	3.36e-05	0.1533864984332034	0.15338845449568425	0.15339130777233922	1.2985480709706123e-06
56.0	546.712538548631	3.4e-05	0.1533860720010125	0.1533876673581829	0.15339018640098256	1.0721123676500338e-06
56.0	546.712538548631	3.4399999999999996e-05	0.1533856359029313	0.1533870309691254	0.15338924687559352	9.080519508707561e-07
56.0	546.712538548631	3.4800000000000006e-05	0.1533853419612239	0.1533865773782173	0.15338846104247672	7.57745675231291e-07
56.0	546.712538548631	3.52e-05	0.15338508894275726	0.15338619855862956	0.15338780127516927	6.388023921416353e-07
56.0	546.712538548631	3.56e-05	0.15338488782479676	0.1533858955914823	0.15338724318087582	5.335057685339415e-07
56.0	546.712538548631	3.6e-05	0.15338468835367713	0.1533856208382426	0.15338676664990114	4.5474141354456987e-07
56.0	546.712538548631	3.64e-05	0.15338462008230014	0.15338538814393535	0.1533863556530335	3.815251030447924e-07
56.0	546.712538548631	3.68e-05	0.1533844732758105	0.1533851655036702	0.15338599761779115	3.304462991016805e-07
56.0	546.712538548631	3.72e-05	0.15338432042819328	0.15338495563720242	0.15338568274940823	2.9161747509743135e-07
56.0	546.712538548631	3.76e-05	0.1533841755035752	0.1533847589950636	0.1533854034281621	2.599444172737051e-07
56.0	546.712538548631	3.7999999999999995e-05	0.1533840497697696	0.1533845744440412	0.1533851537130122	2.3363411317287813e-07
56.0	546.712538548631	3.8400000000000005e-05	0.15338394472861427	0.1533844068858403	0.15338492894449196	2.1107346610736463e-07
56.0	546.712538548631	3.88e-05	0.15338384572107788	0.15338425097133018	0.1533847254300147	1.9164260247728097e-07
56.0	546.712538548631	3.9200000000000004e-05	0.15338376491249672	0.15338411285356632	0.15338454019376258	1.742997469571398e-07
56.0	546.712538548631	3.96e-05	0.15338367567919864	0.15338398930220512	0.153384370772093	1.5738576760660355e-07
56.0	546.712538548631	3.9999999999999996e-05	0.1533835865427724	0.15338387908023063	0.15338421502915622	1.4424354686493123e-07
56.0	546.712538548631	4.0400000000000006e-05	0.153383507506196	0.15338377530420452	0.1533840709593841	1.3322481162498208e-07
56.0	546.712538548631	4.08e-05	0.15338344456504593	0.15338368016665524	0.15338393648676885	1.2515438606315764e-07
56.0	546.712538548631	4.12e-05	0.15338337298736437	0.15338359281292518	0.15338380973495802	1.1874465863064268e-07
56.0	546.712538548631	4.16e-05	0.15338330437415415	0.15338351508553247	0.15338369542555785	1.1454596604587714e-07
56.0	546.712538548631	4.2e-05	0.15338324669243075	0.15338347071231637	0.15338362751610735	1.0931575899601402e-07
57.0	557.8118104363951	0.0	0.15643906053598577	0.1564421026906484	0.15644358125290037	9.94274563829964e-07
57.0	557.8118104363951	4e-07	0.1564370803009858	0.1564402049083643	0.156441750811382	1.0325818497428576e-06
57.0	557.8118104363951	8e-07	0.15643490082738332	0.15643832643198305	0.15644024739529083	1.156480788895844e-06
57.0	557.8118104363951	1.2000000000000002e-06	0.15643250873486902	0.15643647150759968	0.156439396532857	1.3958156848438263e-06
57.0	557.8118104363951	1.6e-06	0.15642987110814133	0.1564345166673108	0.1564378048544368	1.6879774551975864e-06
57.0	557.8118104363951	2e-06	0.1564269376659162	0.15643251160029764	0.15643636783755088	2.1032336907361484e-06
57.0	557.8118104363951	2.4000000000000003e-06	0.15642364052700852	0.15643028661812428	0.1564347524708829	2.594188450873225e-06
57.0	557.8118104363951	2.8000000000000003e-06	0.15641989515197263	0.15642783408723843	0.1564330514053971	3.228131883510212e-06
57.0	557.8118104363951	3.2e-06	0.1564156019670513	0.15642471631270927	0.15643072164298477	3.909468617033682e-06
57.0	557.8118104363951	3.6e-06	0.15641066098611045	0.15642104331667459	0.1564286023206547	4.833737389932335e-06
57.0	557.8118104363951	4e-06	0.15640504238718833	0.1564159862418871	0.15642506362781194	5.831537926865337e-06
57.0	557.8118104363951	4.4e-06	0.15639881173549064	0.15640882061280564	0.15641968991496125	6.8573321593322265e-06
57.0	557.8118104363951	4.800000000000001e-06	0.15639181753029163	0.15639243386838783	0.15639299029214992	2.757824947969954e-07
57.0	557.8118104363951	5.2e-06	0.15636589086549524	0.15637604886370782	0.15638570294713627	6.950921235740367e-06
57.0	557.8118104363951	5.600000000000001e-06	0.15636070285160564	0.15636904938888224	0.15637955723937047	5.881879340597439e-06
57.0	557.8118104363951	6e-06	0.1563573719636535	0.15636419569911914	0.1563740667739415	4.8556858105317266e-06
57.0	557.8118104363951	6.4e-06	0.15635542068186492	0.1563607476501478	0.15636928331775923	3.914612941070598e-06
57.0	557.8118104363951	6.8e-06	0.15635337218107992	0.1563578781446352	0.15636515767894643	3.2121799194535256e-06
57.0	557.8118104363951	7.2e-06	0.15635189129262894	0.1563556967978007	0.15636158729086524	2.5471374464268595e-06
57.0	557.8118104363951	7.6e-06	0.1563506119150766	0.15635376917163346	0.15635845490169764	2.0118915920284753e-06
57.0	557.8118104363951	8e-06	0.15634950009352444	0.1563520912770415	0.15635566137354662	1.5217789707961086e-06
57.0	557.8118104363951	8.4e-06	0.1563483072692735	0.15635049119215458	0.15635312134332757	1.1270154848377834e-06
57.0	557.8118104363951	8.8e-06	0.1563477523125698	0.1563490081850603	0.15635076244586443	7.401497319873734e-07
57.0	557.8118104363951	9.2e-06	0.15634677229029936	0.15634752904576346	0.15634852252290443	4.2497505397624834e-07
57.0	557.8118104363951	9.600000000000001e-06	0.15634568898930734	0.1563460613697878	0.15634634628854016	1.455836751315594e-07
57.0	557.8118104363951	9.999999999999999e-06	0.15634414234136074	0.156344608442633	0.156344896858581	1.7677339356207472e-07
57.0	557.8118104363951	1.04e-05	0.15634194034302862	0.1563431739207275	0.15634421666407494	5.04864823572959e-07
57.0	557.8118104363951	1.08e-05	0.15633964576372517	0.156341681299651	0.1563431168791487	8.411483740498913e-07
57.0	557.8118104363951	1.1200000000000001e-05	0.15633719893181208	0.1563401511101702	0.15634214901275012	1.242939995831117e-06
57.0	557.8118104363951	1.16e-05	0.15633453224027516	0.15633846593689565	0.15634099409373015	1.6775018522516626e-06
57.0	557.8118104363951	1.2e-05	0.15633156953877148	0.15633661572697755	0.15633973978829285	2.2102555886498726e-06
57.0	557.8118104363951	1.24e-05	0.1563282297201134	0.15633427537213412	0.15633804873703028	2.764332913076684e-06
57.0	557.8118104363951	1.28e-05	0.156324424823028	0.15633151569684714	0.1563364769447686	3.490652127318302e-06
57.0	557.8118104363951	1.32e-05	0.15632012909859405	0.15632772499473277	0.15633385733421523	4.266850762680655e-06
57.0	557.8118104363951	1.36e-05	0.1563153895128968	0.15632235785284465	0.15632987360519301	5.061368859419334e-06
57.0	557.8118104363951	1.4e-05	0.15630977330039997	0.15631010722446217	0.1563104317842008	1.4634831610569803e-07
57.0	557.8118104363951	1.44e-05	0.15628991413894688	0.15629781046362543	0.15630546403741175	5.252644050990895e-06
57.0	557.8118104363951	1.48e-05	0.1562860762693541	0.1562925763447378	0.15630083042139908	4.450842070721155e-06
57.0	557.8118104363951	1.52e-05	0.1562836226738309	0.15628895721339195	0.15629670115586602	3.681369151870656e-06
57.0	557.8118104363951	1.56e-05	0.15628219303553426	0.15628639628985797	0.1562931136186183	2.9776778827967195e-06
57.0	557.8118104363951	1.6e-05	0.15628069288619795	0.15628427135599948	0.15629003120593676	2.453784263433233e-06
57.0	557.8118104363951	1.6400000000000002e-05	0.15627962025818576	0.15628266595612444	0.15628737224145972	1.9604420085598e-06
57.0	557.8118104363951	1.68e-05	0.15627869052209054	0.1562812549447684	0.1562850500001991	1.5634700088308826e-06
57.0	557.8118104363951	1.7199999999999998e-05	0.1562778823171298	0.15628003567856938	0.15628298981612687	1.2019316260675696e-06
57.0	557.8118104363951	1.76e-05	0.15627702999925663	0.15627887772778273	0.15628112773152658	9.128884112032679e-07
57.0	557.8118104363951	1.8e-05	0.15627663979024575	0.15627781196874083	0.15627940989693911	6.320985439006344e-07
57.0	557.8118104363951	1.84e-05	0.15627594127368383	0.15627675217230938	0.15627779048628554	4.0828322550280696e-07
57.0	557.8118104363951	1.88e-05	0.1562751672145053	0.15627570431212373	0.15627622923509676	2.1717173445697027e-07
57.0	557.8118104363951	1.9200000000000003e-05	0.15627438072090616	0.15627467072685192	0.15627491836641916	1.1522750948338577e-07
57.0	557.8118104363951	1.9600000000000002e-05	0.15627296191108275	0.15627365346747635	0.1562743469831176	2.7992346152352797e-07
57.0	557.8118104363951	1.9999999999999998e-05	0.15627147875952563	0.1562726033269177	0.15627355575681356	5.029176922999787e-07
57.0	557.8118104363951	2.04e-05	0.15626979842411792	0.15627153211024258	0.1562728289817601	7.740934315429431e-07
57.0	557.8118104363951	2.08e-05	0.15626795995968568	0.1562703636850956	0.1562720121480785	1.0680531264323845e-06
57.0	557.8118104363951	2.12e-05	0.15626593138496236	0.1562690905546171	0.1562711357384634	1.4291687250836629e-06
57.0	557.8118104363951	2.16e-05	0.15626365863639258	0.15626749571608156	0.15626992714595112	1.8028387968544778e-06
57.0	557.8118104363951	2.2e-05	0.1562610863527638	0.15626562429977234	0.15626885341514463	2.2901764265853776e-06
57.0	557.8118104363951	2.2400000000000002e-05	0.1562581924637394	0.1562630708900209	0.15626707838701925	2.808529517380579e-06
57.0	557.8118104363951	2.28e-05	0.1562549682154204	0.15625947401762313	0.15626440355805293	3.3375499587324145e-06
57.0	557.8118104363951	2.32e-05	0.15625093434165915	0.15625132207500675	0.15625169715085274	1.7379651049777273e-07
57.0	557.8118104363951	2.36e-05	0.15623774900640797	0.15624312058406148	0.1562483892773061	3.536193291187815e-06
57.0	557.8118104363951	2.4e-05	0.15623522017063696	0.1562396550178411	0.15624531583740353	3.0009860525881703e-06
57.0	557.8118104363951	2.44e-05	0.1562336159114004	0.15623727205436239	0.1562425889756094	2.489513522395349e-06
57.0	557.8118104363951	2.48e-05	0.1562326894058108	0.15623559880532095	0.15624023217260774	2.024556997510488e-06
57.0	557.8118104363951	2.5200000000000003e-05	0.15623172264490304	0.15623421880160784	0.15623822065233206	1.680635870336872e-06
57.0	557.8118104363951	2.56e-05	0.15623104079787087	0.1562331897885677	0.15623649778111393	1.3589929294493608e-06
57.0	557.8118104363951	2.6e-05	0.15623044960522314	0.15623229531582897	0.15623500649201016	1.1011429072265326e-06
57.0	557.8118104363951	2.64e-05	0.1562299456596863	0.1562315346128104	0.15623369725949576	8.679472678734665e-07
57.0	557.8118104363951	2.68e-05	0.15622942082087032	0.15623081867389704	0.15623252806430177	6.84407710764294e-07
57.0	557.8118104363951	2.72e-05	0.1562291917431322	0.1562301698626096	0.1562314639943292	5.081742199350667e-07
57.0	557.8118104363951	2.76e-05	0.15622876941447394	0.15622952906894705	0.1562304758940014	3.7206117931645426e-07
57.0	557.8118104363951	2.8e-05	0.1562283062011094	0.15622890064557657	0.15622953880010293	2.576714030645409e-07
57.0	557.8118104363951	2.8400000000000003e-05	0.15622784037604642	0.15622828598889957	0.15622863043155277	1.597970174929461e-07
57.0	557.8118104363951	2.88e-05	0.15622739790847806	0.15622768555472888	0.1562279584014874	1.177710406118827e-07
57.0	557.8118104363951	2.92e-05	0.15622655549247355	0.1562270772630482	0.1562275065547718	1.902474914996011e-07
57.0	557.8118104363951	2.96e-05	0.15622567359126016	0.1562264643297077	0.15622709839795945	3.2056700754697424e-07
57.0	557.8118104363951	2.9999999999999997e-05	0.15622472591985126	0.1562258119134907	0.15622663172552365	4.707889224499509e-07
57.0	557.8118104363951	3.04e-05	0.15622368144136267	0.15622511471439146	0.15622615566032305	6.582429850860069e-07
57.0	557.8118104363951	3.0799999999999996e-05	0.1562225042500689	0.15622426413642823	0.15622550340924324	8.508569115206618e-07
57.0	557.8118104363951	3.12e-05	0.15622115676515413	0.15622327951099432	0.15622493547319838	1.0987518174999445e-06
57.0	557.8118104363951	3.16e-05	0.15621961050298516	0.1562219610813513	0.15622400999490704	1.3587780040219575e-06
57.0	557.8118104363951	3.2e-05	0.15621787016787092	0.15622013106743957	0.15622263805347103	1.6214115799612067e-06
57.0	557.8118104363951	3.2399999999999995e-05	0.15621569196718532	0.15621607034073162	0.15621643868393775	1.7417658877925742e-07
57.0	557.8118104363951	3.2800000000000004e-05	0.15620914540870778	0.1562119590831267	0.15621479387394466	1.8204930142431925e-06
57.0	557.8118104363951	3.32e-05	0.15620791870846773	0.1562102599173158	0.15621328348307095	1.5512988546519227e-06
57.0	557.8118104363951	3.36e-05	0.15620715910540728	0.15620911155371306	0.15621196148151384	1.297636997264795e-06
57.0	557.8118104363951	3.4e-05	0.15620673272086627	0.15620832477824934	0.1562108406390328	1.07128519330018e-06
57.0	557.8118104363951	3.4399999999999996e-05	0.15620629682280818	0.1562076886961633	0.15620990158376724	9.072751370084345e-07
57.0	557.8118104363951	3.4800000000000006e-05	0.15620600291282827	0.15620723532302874	0.15620911616217814	7.570085201622856e-07
57.0	557.8118104363951	3.52e-05	0.15620575007187032	0.15620685666003445	0.15620845675449235	6.381308603616392e-07
57.0	557.8118104363951	3.56e-05	0.1562055489599734	0.15620655384277296	0.15620789897524823	5.32848511103502e-07
57.0	557.8118104363951	3.6e-05	0.15620534953337106	0.15620627924227354	0.1562074227215442	4.5407940935016043e-07
57.0	557.8118104363951	3.64e-05	0.15620528115225873	0.15620604667894103	0.15620701197002784	3.8085370377577584e-07
57.0	557.8118104363951	3.68e-05	0.15620513434328487	0.15620582416922021	0.15620665415314594	3.2976054578542493e-07
57.0	557.8118104363951	3.72e-05	0.15620498162641727	0.15620561443796643	0.15620633948027152	2.9090507583898744e-07
57.0	557.8118104363951	3.76e-05	0.15620483683789388	0.15620541793511492	0.15620606033519469	2.5919116151099953e-07
57.0	557.8118104363951	3.7999999999999995e-05	0.15620471117303136	0.15620523352091006	0.15620581077991247	2.3283396298949995e-07
57.0	557.8118104363951	3.8400000000000005e-05	0.15620460631466226	0.15620506609209445	0.15620558615761748	2.1022242191870322e-07
57.0	557.8118104363951	3.88e-05	0.1562045073501972	0.1562049103174646	0.15620538277806784	1.907244653430894e-07
57.0	557.8118104363951	3.9200000000000004e-05	0.15620442677582158	0.15620477236238625	0.1562051976674983	1.732801913003158e-07
57.0	557.8118104363951	3.96e-05	0.15620433758638352	0.15620464894208	0.15620502836405237	1.562638169037082e-07
57.0	557.8118104363951	3.9999999999999996e-05	0.1562042486086188	0.1562045388448699	0.15620487273349237	1.430148129142026e-07
57.0	557.8118104363951	4.0400000000000006e-05	0.15620416975959017	0.15620443520059896	0.15620472877208424	1.3188878763431607e-07
57.0	557.8118104363951	4.08e-05	0.15620410712219268	0.15620434019004392	0.15620459440738355	1.2372389634410223e-07
57.0	557.8118104363951	4.12e-05	0.1562040357434773	0.15620425295889026	0.15620446777333097	1.1723413297776718e-07
57.0	557.8118104363951	4.16e-05	0.15620396736804398	0.15620417534122832	0.15620435361124407	1.1298621720752601e-07
57.0	557.8118104363951	4.2e-05	0.156203910035158	0.15620413087664162	0.15620428599939995	1.0778638559269921e-07
58.0	568.9110823241593	0.0	0.15929328074727245	0.15929632430375398	0.15929780454605513	9.949490696655716e-07
58.0	568.9110823241593	4e-07	0.15929130051646467	0.15929442653271347	0.15929597429172837	1.0332327621355293e-06
58.0	568.9110823241593	8e-07	0.15928912105843107	0.15929254808823967	0.15929447102405092	1.1570661434002002e-06
58.0	568.9110823241593	1.2000000000000002e-06	0.1592867289936306	0.15929069320558342	0.1592936203475812	1.3963009499262992e-06
58.0	568.9110823241593	1.6e-06	0.1592840914087139	0.159288738422519	0.15929202885498306	1.6883756396724472e-06
58.0	568.9110823241593	2e-06	0.15928115802551446	0.15928673343903985	0.1592905920280625	2.1035487702905953e-06
58.0	568.9110823241593	2.4000000000000003e-06	0.15927786096739283	0.1592845085979383	0.15928897662504937	2.5944866734707976e-06
58.0	568.9110823241593	2.8000000000000003e-06	0.15927411570127958	0.1592820561905093	0.15928727582526836	3.2283587065425168e-06
58.0	568.9110823241593	3.2e-06	0.1592698224741591	0.15927893857104547	0.15928494619426825	3.909640358131792e-06
58.0	568.9110823241593	3.6e-06	0.15926488169792563	0.1592752657649216	0.1592828271773259	4.8338502675704146e-06
58.0	568.9110823241593	4e-06	0.159259263366061	0.1592702089397165	0.15927928878832898	5.831583305617776e-06
58.0	568.9110823241593	4.4e-06	0.15925303305225214	0.15926304365941796	0.15927391548349856	6.85729870140063e-06
58.0	568.9110823241593	4.800000000000001e-06	0.15924603865685683	0.15924665774866478	0.15924721706897937	2.774729940058122e-07
58.0	568.9110823241593	5.2e-06	0.15922012012094466	0.15923027408857646	0.15923992523427266	6.950160852855733e-06
58.0	568.9110823241593	5.600000000000001e-06	0.15921493243533735	0.15922327520744992	0.15923377997467014	5.881183476557831e-06
58.0	568.9110823241593	6e-06	0.15921160173356608	0.15921842192796884	0.15922828994222993	4.855066459594061e-06
58.0	568.9110823241593	6.4e-06	0.15920965044806135	0.15921497416018782	0.15922350688647047	3.914075930411976e-06
58.0	568.9110823241593	6.8e-06	0.15920760211736606	0.15921210489417756	0.1592193815373273	3.2116948919700864e-06
58.0	568.9110823241593	7.2e-06	0.15920612120915667	0.15920992371640114	0.15921581147635955	2.546700290056643e-06
58.0	568.9110823241593	7.6e-06	0.15920484079630626	0.1592079962030925	0.15921267937701788	2.0115409548138397e-06
58.0	568.9110823241593	8e-06	0.1592037301777527	0.159206318427118	0.15920988610643594	1.5214634404460896e-06
58.0	568.9110823241593	8.4e-06	0.159202537358075	0.15920471846827064	0.15920734630665123	1.1267167892858518e-06
58.0	568.9110823241593	8.8e-06	0.15920198228302151	0.1592032355718071	0.15920498761731938	7.398716590670021e-07
58.0	568.9110823241593	9.2e-06	0.15920100224544864	0.15920175654463686	0.15920274788469602	4.2469991290666156e-07
58.0	568.9110823241593	9.600000000000001e-06	0.15919991901246622	0.15920028898863217	0.15920057182723113	1.4521904745460161e-07
58.0	568.9110823241593	9.999999999999999e-06	0.1591983681150717	0.15919883618904654	0.15919912320502672	1.7676420620574236e-07
58.0	568.9110823241593	1.04e-05	0.15919616628189992	0.15919740179509975	0.15919844707272102	5.049486677296029e-07
58.0	568.9110823241593	1.08e-05	0.1591938718683661	0.15919590930122932	0.159197346244893	8.412213980604532e-07
58.0	568.9110823241593	1.1200000000000001e-05	0.15919142520890883	0.15919437925610838	0.15919637855933733	1.2429925209667991e-06
58.0	568.9110823241593	1.16e-05	0.15918875870399063	0.15919269426684915	0.15919522488744242	1.6775737382900097e-06
58.0	568.9110823241593	1.2e-05	0.15918579621263795	0.15919084422022667	0.15919397083039932	2.210281953603825e-06
58.0	568.9110823241593	1.24e-05	0.1591824566392992	0.15918850405713786	0.15919227992118312	2.764313511689139e-06
58.0	568.9110823241593	1.28e-05	0.15917865198157966	0.15918574461542123	0.15919070842850314	3.490583067577303e-06
58.0	568.9110823241593	1.32e-05	0.15917435662231583	0.1591819542211174	0.15918808913303373	4.266715923217034e-06
58.0	568.9110823241593	1.36e-05	0.1591696174750128	0.15917658751330696	0.15918410584993303	5.061153306710256e-06
58.0	568.9110823241593	1.4e-05	0.15916400734456193	0.15916433791625012	0.15916466028124443	1.4521115796237989e-07
58.0	568.9110823241593	1.44e-05	0.15914415060599296	0.15915204270839794	0.15915969307335587	5.2517189694306796e-06
58.0	568.9110823241593	1.48e-05	0.15914031311565946	0.1591468092706582	0.15915506000087554	4.44999718725563e-06
58.0	568.9110823241593	1.52e-05	0.15913785974073402	0.15914319061036425	0.15915093125218416	3.6806117541896575e-06
58.0	568.9110823241593	1.56e-05	0.15913643012168688	0.15914063001172005	0.1591473441875424	2.9770082019758506e-06
58.0	568.9110823241593	1.6e-05	0.15913493016054492	0.15913850535411417	0.15914426219313071	2.453169682703369e-06
58.0	568.9110823241593	1.6400000000000002e-05	0.15913385753184528	0.1591369001513326	0.15914160360412488	1.9598730112419106e-06
58.0	568.9110823241593	1.68e-05	0.159132927990143	0.15913548927831606	0.15913928169466995	1.5629800346554043e-06
58.0	568.9110823241593	1.7199999999999998e-05	0.1591321197778397	0.1591342701514845	0.15913722180515855	1.201463329621291e-06
58.0	568.9110823241593	1.76e-05	0.15913126747941586	0.15913311234592156	0.15913535998416606	9.124160722487482e-07
58.0	568.9110823241593	1.8e-05	0.15913087715845986	0.15913204671473033	0.15913364238803052	6.316004377650298e-07
58.0	568.9110823241593	1.84e-05	0.15913017863648005	0.1591309870473747	0.1591320231960216	4.077052088285306e-07
58.0	568.9110823241593	1.88e-05	0.15912940465337488	0.15912993932350275	0.1591304621487657	2.1634006388294315e-07
58.0	568.9110823241593	1.9200000000000003e-05	0.1591286182910716	0.1591289058815204	0.15912915193353783	1.1402250876328095e-07
58.0	568.9110823241593	1.9600000000000002e-05	0.15912719968906952	0.15912788876546463	0.1591285807410312	2.795481730787732e-07
58.0	568.9110823241593	1.9999999999999998e-05	0.15912571677615617	0.15912683876776593	0.15912778951047368	5.027342377449894e-07
58.0	568.9110823241593	2.04e-05	0.15912403214681436	0.15912576771109535	0.15912706283988243	7.739705351579736e-07
58.0	568.9110823241593	2.08e-05	0.15912219390201265	0.15912459948611105	0.15912624613320414	1.0679852397112973e-06
58.0	568.9110823241593	2.12e-05	0.1591201655739347	0.1591233265383155	0.15912536973892255	1.4290757346214415e-06
58.0	568.9110823241593	2.16e-05	0.15911789311164348	0.15912173191754464	0.1591241611783989	1.8027094564574064e-06
58.0	568.9110823241593	2.2e-05	0.15911532114582894	0.15911986076669185	0.1591230875856242	2.290002611488123e-06
58.0	568.9110823241593	2.2400000000000002e-05	0.1591124276714586	0.1591173077105363	0.15912131269628738	2.8082912400799856e-06
58.0	568.9110823241593	2.28e-05	0.15910920907953852	0.159113711337957	0.15911863813192895	3.337230495258799e-06
58.0	568.9110823241593	2.32e-05	0.159105176202341	0.15910556056944103	0.1591059334158773	1.7236444528757858e-07
58.0	568.9110823241593	2.36e-05	0.15909199346908043	0.159097360755389	0.15910262613741732	3.535187203584742e-06
58.0	568.9110823241593	2.4e-05	0.15908946504241328	0.1590938959190644	0.15909955329203473	3.0000675953755843e-06
58.0	568.9110823241593	2.44e-05	0.15908786102638217	0.15909151346050904	0.1590968269913482	2.4886870957928888e-06
58.0	568.9110823241593	2.48e-05	0.15908693455907574	0.1590898405612816	0.15909447069849758	2.0238193536551294e-06
58.0	568.9110823241593	2.5200000000000003e-05	0.1590859679947494	0.1590884608550952	0.15909245964164942	1.6799530321351614e-06
58.0	568.9110823241593	2.56e-05	0.15908528616625617	0.15908743205521853	0.15909073717109745	1.3583538313907627e-06
58.0	568.9110823241593	2.6e-05	0.15908469516149015	0.15908653773622844	0.15908924623520448	1.1005763737084823e-06
58.0	568.9110823241593	2.64e-05	0.15908419121887007	0.1590857771833727	0.15908793731561666	8.673972854601711e-07
58.0	568.9110823241593	2.68e-05	0.15908366641398874	0.15908506139884776	0.15908676839996438	6.838487571693492e-07
58.0	568.9110823241593	2.72e-05	0.15908343722859364	0.15908441272276047	0.15908570458244053	5.075860101693736e-07
58.0	568.9110823241593	2.76e-05	0.15908301489936516	0.15908377206499769	0.15908471671321767	3.7140926220920336e-07
58.0	568.9110823241593	2.8e-05	0.1590825517577743	0.1590831437837627	0.15908377983451683	2.5688079992280793e-07
58.0	568.9110823241593	2.8400000000000003e-05	0.1590820860638722	0.15908252927519656	0.15908287167067936	1.5869804272684128e-07
58.0	568.9110823241593	2.88e-05	0.15908164379518563	0.1590819289886368	0.15908220028907394	1.1646501496568233e-07
58.0	568.9110823241593	2.92e-05	0.1590808016207781	0.15908132084323223	0.1590817484321949	1.8949704428967796e-07
58.0	568.9110823241593	2.96e-05	0.15907991998668258	0.1590807080723564	0.15908134024710474	3.201234931797398e-07
58.0	568.9110823241593	2.9999999999999997e-05	0.15907897261393877	0.15908005585634044	0.1590808738494882	4.7050328271846926e-07
58.0	568.9110823241593	3.04e-05	0.15907792847326174	0.15907935884175706	0.15908039779269423	6.579894991759566e-07
58.0	568.9110823241593	3.0799999999999996e-05	0.15907675166841173	0.1590785084844434	0.1590797455847497	8.505964942545981e-07
58.0	568.9110823241593	3.12e-05	0.15907540462936343	0.15907752412882917	0.15907917778477287	1.0984698381611072e-06
58.0	568.9110823241593	3.16e-05	0.15907385888174996	0.15907620606046524	0.1590782524536012	1.3584470073392212e-06
58.0	568.9110823241593	3.2e-05	0.15907211913018582	0.15907437655734474	0.15907688079714344	1.6210117468347565e-06
58.0	568.9110823241593	3.2399999999999995e-05	0.15906994192942925	0.15907031701573807	0.15907068317881023	1.727571028433674e-07
58.0	568.9110823241593	3.2800000000000004e-05	0.15906339789405788	0.15906620741807168	0.15906903896989277	1.8194472908942441e-06
58.0	568.9110823241593	3.32e-05	0.1590621715823648	0.15906450896818858	0.15906752917631017	1.55033768021432e-06
58.0	568.9110823241593	3.36e-05	0.1590614122158973	0.15906336109976724	0.1590662077357381	1.2967604145599174e-06
58.0	568.9110823241593	3.4e-05	0.15906098587556894	0.15906257466814483	0.15906508739826997	1.0704861892298919e-06
58.0	568.9110823241593	3.4399999999999996e-05	0.15906055016271825	0.15906193887928624	0.15906414879159403	9.065213247615972e-07
58.0	568.9110823241593	3.4800000000000006e-05	0.15906025628681864	0.15906148571481377	0.15906336376300967	7.562896857657885e-07
58.0	568.9110823241593	3.52e-05	0.15906000360491745	0.15906110720282332	0.15906270469890416	6.374714619380288e-07
58.0	568.9110823241593	3.56e-05	0.15905980249946428	0.15906080452861754	0.1590621472206042	5.322005878149402e-07
58.0	568.9110823241593	3.6e-05	0.15905960311989276	0.15906053007370954	0.15906167123150183	4.534246863718307e-07
58.0	568.9110823241593	3.64e-05	0.15905953462974853	0.15906029763427562	0.15906126071369098	3.801877932902937e-07
58.0	568.9110823241593	3.68e-05	0.15905938781593232	0.15906007524785487	0.1590609031042085	3.2907875287882845e-07
58.0	568.9110823241593	3.72e-05	0.15905923521898568	0.15905986564393693	0.15906058861629724	2.901958229355674e-07
58.0	568.9110823241593	3.76e-05	0.1590590905577569	0.15905966927188453	0.15906030963706108	2.584407996922667e-07
58.0	568.9110823241593	3.7999999999999995e-05	0.1590589649510541	0.1590594849859275	0.15906006023138008	2.3203618980025653e-07
58.0	568.9110823241593	3.8400000000000005e-05	0.15905886026521898	0.15905931767711326	0.1590598357450066	2.0937349976293723e-07
58.0	568.9110823241593	3.88e-05	0.1590587613394998	0.15905916203213746	0.15905963248998134	1.898081899762179e-07
58.0	568.9110823241593	3.9200000000000004e-05	0.15905868098886788	0.15905902422641235	0.15905944749456502	1.7226325273995472e-07
58.0	568.9110823241593	3.96e-05	0.1590585918333769	0.15905890092524794	0.15905927829870237	1.551443244803558e-07
58.0	568.9110823241593	3.9999999999999996e-05	0.15905850300298496	0.1590587909399204	0.15905912276980239	1.4178845301149458e-07
58.0	568.9110823241593	4.0400000000000006e-05	0.15905842432889994	0.15905868741470802	0.15905897890602017	1.3055429612183905e-07
58.0	568.9110823241593	4.08e-05	0.15905836198475676	0.1590585925186019	0.15905884463848885	1.2229393715639286e-07
58.0	568.9110823241593	4.12e-05	0.15905829079131717	0.1590585053980619	0.1590587181113161	1.1572318993501158e-07
58.0	568.9110823241593	4.16e-05	0.1590582226384143	0.1590584278782301	0.1590586040855273	1.114259884799094e-07
58.0	568.9110823241593	4.2e-05	0.15905816564031028	0.15905838330509026	0.1590585367596402	1.0625783884915549e-07
59.0	580.0103542119235	0.0	0.16218053925063192	0.1621835842317722	0.16218506617227835	9.95634681866263e-07
59.0	580.0103542119235	4e-07	0.16217855902392486	0.16218168647140982	0.1621832360942621	1.0338944183634026e-06
59.0	580.0103542119235	8e-07	0.16217637958114572	0.1621798080573425	0.16218173297060723	1.1576611717087705e-06
59.0	580.0103542119235	1.2000000000000002e-06	0.16217398754357326	0.16217795321468556	0.1621808824751172	1.3967945366420563e-06
59.0	580.0103542119235	1.6e-06	0.16217134999988403	0.16217599848642922	0.16217929115711094	1.6887806223287852e-06
59.0	580.0103542119235	2e-06	0.16216841667512227	0.1621739935833165	0.16217785451196853	2.1038688775967537e-06
59.0	580.0103542119235	2.4000000000000003e-06	0.16216511969728842	0.16217176887752696	0.16217623908419476	2.5947849713745367e-06
59.0	580.0103542119235	2.8000000000000003e-06	0.16216137453975943	0.16216931659024797	0.16217453853801977	3.2285834131371916e-06
59.0	580.0103542119235	3.2e-06	0.16215708127667927	0.1621661991238672	0.16217220904152096	3.9098078335259975e-06
59.0	580.0103542119235	3.6e-06	0.16215214070457762	0.16216252650730176	0.16217009032206064	4.833956790691892e-06
59.0	580.0103542119235	4e-06	0.16214652263868246	0.16215746993459496	0.16216655223744691	5.83162179818617e-06
59.0	580.0103542119235	4.4e-06	0.16214029266058638	0.16215030500963976	0.16216117934825114	6.857259695993695e-06
59.0	580.0103542119235	4.800000000000001e-06	0.16213329810486599	0.16213391993819587	0.16213448215830972	2.7917164378504264e-07
59.0	580.0103542119235	5.2e-06	0.16210738763841626	0.1621175375968241	0.16212718580056684	6.949415907994572e-06
59.0	580.0103542119235	5.600000000000001e-06	0.16210220026626754	0.16211053929379565	0.162121040983342	5.880503317943956e-06
59.0	580.0103542119235	6e-06	0.16209886974516685	0.16210568641514297	0.16211555137770883	4.854461301245767e-06
59.0	580.0103542119235	6.4e-06	0.16209691846087537	0.16210223892397796	0.16211076871641694	3.913550210243745e-06
59.0	580.0103542119235	6.8e-06	0.16209487029278868	0.1620993698951035	0.16210664365309047	3.211218491734962e-06
59.0	580.0103542119235	7.2e-06	0.1620933893738865	0.16209718888594826	0.16210307391434675	2.546269404248833e-06
59.0	580.0103542119235	7.6e-06	0.16209210796304774	0.1620952614877326	0.16209994210054202	2.01119155387051e-06
59.0	580.0103542119235	8e-06	0.16209099850043795	0.16209358383004027	0.16209714908366468	1.5211480233948312e-06
59.0	580.0103542119235	8.4e-06	0.16208980569315834	0.1620919839961237	0.16209460951068433	1.1264176195289352e-06
59.0	580.0103542119235	8.8e-06	0.16208925050310707	0.16209050120865245	0.1620922510259053	7.395930473554439e-07
59.0	580.0103542119235	9.2e-06	0.1620882704519504	0.16208902229171365	0.16209001147995306	4.244252766016794e-07
59.0	580.0103542119235	9.600000000000001e-06	0.16208718727884364	0.16208755485296164	0.162087835595508	1.4486418818360978e-07
59.0	580.0103542119235	9.999999999999999e-06	0.16208563211227922	0.1620861021774137	0.16208638780495033	1.7677264605619106e-07
59.0	580.0103542119235	1.04e-05	0.16208343043958084	0.1620846679076705	0.16208571572033126	5.050424070213475e-07
59.0	580.0103542119235	1.08e-05	0.16208113618669717	0.16208317553642063	0.16208461506435157	8.413028271143137e-07
59.0	580.0103542119235	1.1200000000000001e-05	0.16207868969407713	0.1620816456301245	0.1620836463756712	1.2430527720273378e-06
59.0	580.0103542119235	1.16e-05	0.16207602336958526	0.16207996081612105	0.1620824939094918	1.6776492923480686e-06
59.0	580.0103542119235	1.2e-05	0.1620730610814789	0.16207811092592933	0.16208124008679725	2.2103114209863535e-06
59.0	580.0103542119235	1.24e-05	0.16206972174562484	0.16207577094753362	0.16207954932014879	2.7642965668894473e-06
59.0	580.0103542119235	1.28e-05	0.1620659173200938	0.16207301173274855	0.16207797811576974	3.4905163170072486e-06
59.0	580.0103542119235	1.32e-05	0.16206162231483212	0.1620692216401132	0.16207535912995752	4.266584945258001e-06
59.0	580.0103542119235	1.36e-05	0.16205688359244164	0.1620638553597133	0.16207137629076485	5.060945078908326e-06
59.0	580.0103542119235	1.4e-05	0.16205127956317522	0.16205160676865418	0.16205192691705506	1.4407991362698488e-07
59.0	580.0103542119235	1.44e-05	0.16203142513611635	0.16203931305790903	0.16204696023106813	5.250821673854096e-06
59.0	580.0103542119235	1.48e-05	0.16202758800094674	0.1620340802728606	0.16204232768471805	4.4491784804506295e-06
59.0	580.0103542119235	1.52e-05	0.16202513483504433	0.1620304620651748	0.16203819943628073	3.6798771932545574e-06
59.0	580.0103542119235	1.56e-05	0.16202370523635512	0.16202790178037477	0.16203461282920273	2.976356795595611e-06
59.0	580.0103542119235	1.6e-05	0.16202220545228307	0.16202577739121538	0.16203153123934477	2.4525694821009084e-06
59.0	580.0103542119235	1.6400000000000002e-05	0.16202113282891162	0.16202417238087896	0.16202887301424695	1.9593148672213435e-06
59.0	580.0103542119235	1.68e-05	0.16202020346455193	0.16202276164461463	0.16202655142644318	1.5624951243238535e-06
59.0	580.0103542119235	1.7199999999999998e-05	0.16201939524792763	0.1620215426535445	0.16202449182239054	1.2009980792067482e-06
59.0	580.0103542119235	1.76e-05	0.16201854297429197	0.162020384989005	0.1620226302566099	9.119454124602629e-07
59.0	580.0103542119235	1.8e-05	0.16201815254344165	0.16201931948117448	0.16202091289093712	6.311030232759745e-07
59.0	580.0103542119235	1.84e-05	0.1620174540157553	0.16201825993816688	0.16201929390972758	4.0712746474190274e-07
59.0	580.0103542119235	1.88e-05	0.16201668009863202	0.16201721234511807	0.162017733058482	2.155097595977864e-07
59.0	580.0103542119235	1.9200000000000003e-05	0.1620158938609828	0.16201617904019125	0.16201642351407042	1.1282240269920532e-07
59.0	580.0103542119235	1.9600000000000002e-05	0.1620144754644235	0.1620151620610488	0.16201585247701367	2.7918482598690437e-07
59.0	580.0103542119235	1.9999999999999998e-05	0.16201299278150838	0.16201411219890216	0.16201506122665332	5.025613981802346e-07
59.0	580.0103542119235	2.04e-05	0.1620113038284341	0.16201304129397132	0.16201433464917514	7.738580475790241e-07
59.0	580.0103542119235	2.08e-05	0.16200946579218645	0.16201187325752542	0.1620135180810074	1.0679244577297192e-06
59.0	580.0103542119235	2.12e-05	0.16200743769844728	0.1620106004822813	0.16201264168355323	1.428990254578145e-06
59.0	580.0103542119235	2.16e-05	0.16200516550852306	0.16200900606799817	0.16201143315338928	1.8025879973097672e-06
59.0	580.0103542119235	2.2e-05	0.16200259384555782	0.1620071351709489	0.16201035968287947	2.2898378848664138e-06
59.0	580.0103542119235	2.2400000000000002e-05	0.1619997007670344	0.16200458245526347	0.1620085849206312	2.808065024206998e-06
59.0	580.0103542119235	2.28e-05	0.16199648782939757	0.16200098656588752	0.16200591061119507	3.336927988861209e-06
59.0	580.0103542119235	2.32e-05	0.16199245593341516	0.16199283692380909	0.1619932075222934	1.7093279277453672e-07
59.0	580.0103542119235	2.36e-05	0.16197927565878079	0.16198463871002577	0.1619899008132295	3.53421774790866e-06
59.0	580.0103542119235	2.4e-05	0.16197674761094483	0.16198117456645578	0.1619868285369499	2.9991828578584043e-06
59.0	580.0103542119235	2.44e-05	0.1619751438224446	0.1619787925883193	0.1619841027737099	2.487889835200386e-06
59.0	580.0103542119235	2.48e-05	0.16197421739166984	0.1619771200234874	0.16198174696987433	2.023105282208405e-06
59.0	580.0103542119235	2.5200000000000003e-05	0.16197325101051607	0.16197574060334216	0.16197973635742713	1.6792891280577356e-06
59.0	580.0103542119235	2.56e-05	0.16197256920420156	0.1619747120091333	0.16197801427159142	1.3577294772651916e-06
59.0	580.0103542119235	2.6e-05	0.16197197836944266	0.16197381783967083	0.16197652367496396	1.1000185502529975e-06
59.0	580.0103542119235	2.64e-05	0.16197147443104143	0.16197305743125376	0.16197521505588774	8.668535409679663e-07
59.0	580.0103542119235	2.68e-05	0.1619709496635764	0.16197234179498385	0.16197404640845026	6.832942938666092e-07
59.0	580.0103542119235	2.72e-05	0.16197072037157056	0.16197169324789337	0.16197298283275163	5.070008996235714e-07
59.0	580.0103542119235	2.76e-05	0.1619702980401243	0.16197105271963477	0.161971995184385	3.7075947105300966e-07
59.0	580.0103542119235	2.8e-05	0.161969834959244	0.16197042457347555	0.16197105851073257	2.5609229350110243e-07
59.0	580.0103542119235	2.8400000000000003e-05	0.16196936938884487	0.1619698102053217	0.16197015054131558	1.576010292443262e-07
59.0	580.0103542119235	2.88e-05	0.1619689273151934	0.16196921005856665	0.16196947979677745	1.151627577224553e-07
59.0	580.0103542119235	2.92e-05	0.1619680853716945	0.16196860205077745	0.16196902791370782	1.887599579908047e-07
59.0	580.0103542119235	2.96e-05	0.16196720399321318	0.16196798943283244	0.1619686197699135	3.1969361843821225e-07
59.0	580.0103542119235	2.9999999999999997e-05	0.16196625690652056	0.1619673374042634	0.16196815357545358	4.702277385871636e-07
59.0	580.0103542119235	3.04e-05	0.16196521308954281	0.16196664056270443	0.16196767750827235	6.577465321683104e-07
59.0	580.0103542119235	3.0799999999999996e-05	0.16196403665497972	0.16196579041301715	0.16196702534021856	8.50347160987367e-07
59.0	580.0103542119235	3.12e-05	0.16196269004287256	0.16196480631349489	0.16196645766000106	1.0982005231955865e-06
59.0	580.0103542119235	3.16e-05	0.1619611447872611	0.1619634885903882	0.16196553246243628	1.3581320731437186e-06
59.0	580.0103542119235	3.2e-05	0.16195940559237965	0.16196165957735456	0.16196416107833667	1.6206332902830338e-06
59.0	580.0103542119235	3.2399999999999995e-05	0.1619572293706062	0.1619576011646697	0.16195796513369398	1.7133984869511383e-07
59.0	580.0103542119235	3.2800000000000004e-05	0.16195068770671917	0.16195349314395022	0.16195632149730876	1.818441414526564e-06
59.0	580.0103542119235	3.32e-05	0.16194946175188552	0.16195179537048404	0.16195481227310893	1.5494130858588807e-06
59.0	580.0103542119235	3.36e-05	0.1619487026053168	0.1619506479710984	0.1619534913677798	1.2959155620390957e-06
59.0	580.0103542119235	3.4e-05	0.16194827630630204	0.16194986186668422	0.1619523715134621	1.0697131693634639e-06
59.0	580.0103542119235	3.4399999999999996e-05	0.16194784076496926	0.16194922635852746	0.1619514333357106	9.057887497623697e-07
59.0	580.0103542119235	3.4800000000000006e-05	0.16194754692572744	0.16194877339437014	0.16195064868318454	7.555878517273597e-07
59.0	580.0103542119235	3.52e-05	0.1619472943855058	0.16194839502826017	0.16194998994795018	6.368234111605897e-07
59.0	580.0103542119235	3.56e-05	0.16194709328705414	0.16194809249079992	0.16194943275762608	5.315615128074466e-07
59.0	580.0103542119235	3.6e-05	0.16194689395717	0.16194781817488021	0.16194895702145118	4.5277695748867155e-07
59.0	580.0103542119235	3.64e-05	0.1619468253584122	0.1619475858527672	0.161948546726582	3.795273060229099e-07
59.0	580.0103542119235	3.68e-05	0.16194667853749767	0.16194736358290235	0.1619481893143373	3.2840103275177826e-07
59.0	580.0103542119235	3.72e-05	0.16194652605037163	0.16194715409898078	0.16194787500158547	2.894899394960121e-07
59.0	580.0103542119235	3.76e-05	0.1619463814961497	0.16194695784981436	0.16194759617855414	2.5769361696194203e-07
59.0	580.0103542119235	3.7999999999999995e-05	0.16194625594927103	0.16194677368410432	0.1619473469128696	2.3124115290332712e-07
59.0	580.0103542119235	3.8400000000000005e-05	0.16194615142635183	0.16194660648648548	0.16194712255275068	2.0852714782457535e-07
59.0	580.0103542119235	3.88e-05	0.16194605253516503	0.16194645096157176	0.16194691941245676	1.8889428177050353e-07
59.0	580.0103542119235	3.9200000000000004e-05	0.1619459723985841	0.1619463132926705	0.1619467345222647	1.71249439067979e-07
59.0	580.0103542119235	3.96e-05	0.16194588326731552	0.16194619009938704	0.16194656542392227	1.540278670878442e-07
59.0	580.0103542119235	3.9999999999999996e-05	0.16194579457346148	0.16194608021365725	0.16194640998652687	1.4056512782502518e-07
59.0	580.0103542119235	4.0400000000000006e-05	0.1619457160622355	0.16194597679538683	0.16194626621016806	1.2922206539970885e-07
59.0	580.0103542119235	4.08e-05	0.16194565400162553	0.16194588200174476	0.1619461320295814	1.2086527004541636e-07
59.0	580.0103542119235	4.12e-05	0.16194558298032913	0.16194579498040362	0.161946005598943	1.14212593277168e-07
59.0	580.0103542119235	4.16e-05	0.1619455149741844	0.16194571754705733	0.16194589169917428	1.0986602428283221e-07
59.0	580.0103542119235	4.2e-05	0.16194545835889151	0.16194567284984177	0.16194582464852214	1.0473067922800567e-07
60.0	591.1096260996877	0.0	0.16510029748242872	0.1651033439093115	0.1651048275651128	9.963307001992769e-07
60.0	591.1096260996877	4e-07	0.16509831725974689	0.1651014461590955	0.16510299765364778	1.0345661410980188e-06
60.0	591.1096260996877	8e-07	0.1650961378319531	0.16509956777402743	0.16510149466992097	1.1582652663731438e-06
60.0	591.1096260996877	1.2000000000000002e-06	0.1650937458211983	0.16509771296974957	0.16510064435095995	1.3972959260971574e-06
60.0	591.1096260996877	1.6e-06	0.16509110831825602	0.1650957582940147	0.16509905319647178	1.6891919300087835e-06
60.0	591.1096260996877	2e-06	0.16508817505147366	0.16509375346831293	0.16509761672519208	2.1041936307734593e-06
60.0	591.1096260996877	2.4000000000000003e-06	0.16508487815358563	0.16509152889247344	0.1650960012839926	2.59508325230655e-06
60.0	591.1096260996877	2.8000000000000003e-06	0.1650811331044837	0.1650890767222901	0.1650943009796002	3.2288060156525387e-06
60.0	591.1096260996877	3.2e-06	0.16507683981121346	0.16508595940718385	0.16509197162056477	3.909971095908179e-06
60.0	591.1096260996877	3.6e-06	0.16507189944297185	0.16508228697998903	0.165089853191013	4.834057084090983e-06
60.0	591.1096260996877	4e-06	0.1650662816423436	0.16507723066281865	0.16508631541132335	5.831653584350242e-06
60.0	591.1096260996877	4.4e-06	0.1650600519982932	0.16507006609983083	0.16508094294528242	6.857215392450962e-06
60.0	591.1096260996877	4.800000000000001e-06	0.16505305731066766	0.16505368187365882	0.16505424699513593	2.8087735206543874e-07
60.0	591.1096260996877	5.2e-06	0.16502715485836728	0.1650373008278181	0.16504694608560744	6.948684823842246e-06
60.0	591.1096260996877	5.600000000000001e-06	0.16502196778577893	0.16503030308850716	0.16504080170571278	5.8798375652992515e-06
60.0	591.1096260996877	6e-06	0.1650186374403475	0.16502545060199453	0.1650353125214341	4.853869292126241e-06
60.0	591.1096260996877	6.4e-06	0.16501668616211163	0.1650220033833362	0.16503053024933934	3.9130349922797914e-06
60.0	591.1096260996877	6.8e-06	0.16501463814964978	0.16501913458957485	0.16502640546836478	3.2107501179793255e-06
60.0	591.1096260996877	7.2e-06	0.16501315722895082	0.1650169537487553	0.165022836047525	2.5458444241559015e-06
60.0	591.1096260996877	7.6e-06	0.16501187485469337	0.16501502646782626	0.16501970451548864	2.010843435491524e-06
60.0	591.1096260996877	8e-06	0.16501076650431212	0.16501334892822248	0.1650169117489355	1.5208329229637989e-06
60.0	591.1096260996877	8.4e-06	0.16500957371717462	0.16501174921835202	0.16501437239959582	1.126118270040043e-06
60.0	591.1096260996877	8.8e-06	0.16500901841507964	0.16501026653848516	0.16501201411626898	7.393143240289136e-07
60.0	591.1096260996877	9.2e-06	0.16500803835197342	0.16500878773015948	0.16500977475380818	4.2415171248733655e-07
60.0	591.1096260996877	9.600000000000001e-06	0.16500695523097697	0.16500732040629196	0.16500759903901852	1.445198691633435e-07
60.0	591.1096260996877	9.999999999999999e-06	0.16500539577941264	0.16500586785167212	0.16500615210220193	1.7679829523829933e-07
60.0	591.1096260996877	1.04e-05	0.16500319426311894	0.16500443370282042	0.16500548405048132	5.051454633513189e-07
60.0	591.1096260996877	1.08e-05	0.1650009001664401	0.16500294145011285	0.16500438355490576	8.413919873362537e-07
60.0	591.1096260996877	1.1200000000000001e-05	0.16499845383579714	0.1650014116777172	0.16500341390317352	1.243120020910569e-06
60.0	591.1096260996877	1.16e-05	0.1649957876863848	0.16499972703108326	0.16500226260451178	1.677727980924674e-06
60.0	591.1096260996877	1.2e-05	0.16499282559558637	0.16499787729123266	0.16500100900289283	2.21034341333251e-06
60.0	591.1096260996877	1.24e-05	0.16498948649048373	0.16499553749131152	0.16499931837968518	2.7642813986212614e-06
60.0	591.1096260996877	1.28e-05	0.16498568229102517	0.16499277849775953	0.16499774745317364	3.49045106967717e-06
60.0	591.1096260996877	1.32e-05	0.16498138763010495	0.16498898870183065	0.1649951287723752	4.266456870581574e-06
60.0	591.1096260996877	1.36e-05	0.16497664932088352	0.1649836228437228	0.16499114637612955	5.060743080341562e-06
60.0	591.1096260996877	1.4e-05	0.1649710514086049	0.16497137523699856	0.16497169314937832	1.429563230058829e-07
60.0	591.1096260996877	1.44e-05	0.16495119919328616	0.1649590829734277	0.1649667269702828	5.2499492988135415e-06
60.0	591.1096260996877	1.48e-05	0.16494736239117547	0.16495385081521596	0.16496209493461667	4.4483835732999565e-06
60.0	591.1096260996877	1.52e-05	0.16494490942391504	0.16495023304341677	0.16495796717165678	3.6791635518397e-06
60.0	591.1096260996877	1.56e-05	0.16494347984701463	0.16494767306255867	0.16495438100871862	2.9757221905338798e-06
60.0	591.1096260996877	1.6e-05	0.16494198022979578	0.1649455489349453	0.16495129981108825	2.451982518713908e-06
60.0	591.1096260996877	1.6400000000000002e-05	0.16494090761790403	0.16494394411298438	0.16494864193958048	1.958766806741758e-06
60.0	591.1096260996877	1.68e-05	0.16493997841478159	0.16494253351222504	0.16494632066437553	1.5620150201445312e-06
60.0	591.1096260996877	1.7199999999999998e-05	0.164939170196992	0.16494131465377748	0.1649442613376797	1.2005358837860513e-06
60.0	591.1096260996877	1.76e-05	0.1649383179536441	0.16494015712659152	0.16494240001964933	9.114766298253834e-07
60.0	591.1096260996877	1.8e-05	0.16493792741467495	0.1649390917381625	0.16494068287734454	6.306067461981904e-07
60.0	591.1096260996877	1.84e-05	0.1649372288811044	0.16493803231532914	0.16493906409997106	4.065507075700132e-07
60.0	591.1096260996877	1.88e-05	0.1649364550204595	0.16493698484823285	0.16493750343771119	2.1468188946290876e-07
60.0	591.1096260996877	1.9200000000000003e-05	0.16493566890141853	0.16493595167481093	0.16493619458028252	1.1162839153751865e-07
60.0	591.1096260996877	1.9600000000000002e-05	0.1649342507082867	0.1649349348268733	0.16493562366654668	2.7883333353255824e-07
60.0	591.1096260996877	1.9999999999999998e-05	0.16493276824763559	0.16493388509373527	0.16493483238166107	5.023986847303546e-07
60.0	591.1096260996877	2.04e-05	0.1649310749466677	0.1649328143331439	0.16493410588673996	7.737552693162607e-07
60.0	591.1096260996877	2.08e-05	0.16492923710916152	0.16493164647474515	0.16493328946874453	1.0678701603970189e-06
60.0	591.1096260996877	2.12e-05	0.16492720923886228	0.16493037386298087	0.16493241305063666	1.4289115131287974e-06
60.0	591.1096260996877	2.16e-05	0.16492493730899227	0.16492877964510141	0.16493120454994337	1.8024734491365866e-06
60.0	591.1096260996877	2.2e-05	0.16492236593560072	0.164926908991544	0.16493013118710653	2.2896810329859185e-06
60.0	591.1096260996877	2.2400000000000002e-05	0.16491947323620515	0.16492435660491797	0.16492835654162707	2.80784938736532e-06
60.0	591.1096260996877	2.28e-05	0.16491626594785647	0.16492076118442012	0.1649256824794163	3.3366407052249433e-06
60.0	591.1096260996877	2.32e-05	0.16491223502001962	0.16491261262640686	0.16491298096083717	1.6950335708300926e-07
60.0	591.1096260996877	2.36e-05	0.16489905707465358	0.16490441594373004	0.16490967479809537	3.533281461817564e-06
60.0	591.1096260996877	2.4e-05	0.16489652937785237	0.16490095245899195	0.16490660306801708	2.998328960445585e-06
60.0	591.1096260996877	2.44e-05	0.1648949258026864	0.164898570938905	0.1649038778208558	2.487119412894877e-06
60.0	591.1096260996877	2.48e-05	0.1648939994071883	0.16489689869447344	0.16490152248691547	2.022412982531757e-06
60.0	591.1096260996877	2.5200000000000003e-05	0.16489303319686233	0.1648955195500111	0.16489951230154176	1.6786427503891695e-06
60.0	591.1096260996877	2.56e-05	0.16489235141661585	0.16489449115471083	0.16489779058596987	1.357118888222677e-06
60.0	591.1096260996877	2.6e-05	0.16489176073500644	0.16489359713103183	0.1648963003159718	1.0994689973011034e-06
60.0	591.1096260996877	2.64e-05	0.16489125680234462	0.1648928368618955	0.16489499198615754	8.663159009886473e-07
60.0	591.1096260996877	2.68e-05	0.16489073207600047	0.16489212136835915	0.16489382359667193	6.827444086082633e-07
60.0	591.1096260996877	2.72e-05	0.16489050267819838	0.1648914729446557	0.16489276025317068	5.06419248734799e-07
60.0	591.1096260996877	2.76e-05	0.16489008034305908	0.16489083254011552	0.1648917728163708	3.701124328495926e-07
60.0	591.1096260996877	2.8e-05	0.1648896173124612	0.16489020452263695	0.16489083633856172	2.5530677760086096e-07
60.0	591.1096260996877	2.8400000000000003e-05	0.1648891518585227	0.16488959028791308	0.16488992855422868	1.565072170952562e-07
60.0	591.1096260996877	2.88e-05	0.16488870997596816	0.16488899027387924	0.16488925843704294	1.1386559261061152e-07
60.0	591.1096260996877	2.92e-05	0.1648878682535937	0.1648883823958177	0.1648888065125984	1.880366943413447e-07
60.0	591.1096260996877	2.96e-05	0.16488698712017325	0.16488776992212578	0.16488839847493164	3.1927726211872395e-07
60.0	591.1096260996877	2.9999999999999997e-05	0.16488604030794551	0.16488711806933928	0.1648879324176411	4.699621193419462e-07
60.0	591.1096260996877	3.04e-05	0.1648849968016819	0.1648864213903183	0.16488745632226998	6.575137091644721e-07
60.0	591.1096260996877	3.0799999999999996e-05	0.1648838207225225	0.16488557143633123	0.16488680419156232	8.501083308767969e-07
60.0	591.1096260996877	3.12e-05	0.16488247451990734	0.16488458758038002	0.16488623661588697	1.0979430619305222e-06
60.0	591.1096260996877	3.16e-05	0.16488092973548696	0.16488327018800494	0.16488531153967045	1.3578321558996788e-06
60.0	591.1096260996877	3.2e-05	0.1648791910724956	0.16488144164629764	0.16488394041705412	1.620274957726843e-06
60.0	591.1096260996877	3.2399999999999995e-05	0.16487701581079595	0.16487738431073048	0.16487774607415506	1.6992655527858592e-07
60.0	591.1096260996877	3.2800000000000004e-05	0.16487047637907537	0.16487327779039399	0.1648761029839445	1.817472412744077e-06
60.0	591.1096260996877	3.32e-05	0.1648692507515621	0.16487158065655416	0.16487459430329388	1.5485226018889816e-06
60.0	591.1096260996877	3.36e-05	0.16486849180943164	0.16487043370182072	0.1648732739093246	1.295100449646614e-06
60.0	591.1096260996877	3.4e-05	0.1648680655491841	0.16486964790911132	0.16487215451766968	1.0689646010905407e-06
60.0	591.1096260996877	3.4399999999999996e-05	0.16486763016654837	0.16486901266999265	0.16487121675051775	9.050762186663881e-07
60.0	591.1096260996877	3.4800000000000006e-05	0.1648673363666271	0.16486855989831273	0.16487043245822264	7.549021929508126e-07
60.0	591.1096260996877	3.52e-05	0.16486708395159777	0.1648681816732234	0.16486977403809355	6.361863432773293e-07
60.0	591.1096260996877	3.56e-05	0.16486688286079154	0.16486787926654192	0.16486921712358438	5.30931171413507e-07
60.0	591.1096260996877	3.6e-05	0.16486668358328416	0.1648676050833853	0.1648687416293635	4.5213627430551426e-07
60.0	591.1096260996877	3.64e-05	0.16486661487603094	0.16486737287236805	0.16486833154729919	3.7887248488656484e-07
60.0	591.1096260996877	3.68e-05	0.16486646804578875	0.1648671507126731	0.16486797432270084	3.277277858181976e-07
60.0	591.1096260996877	3.72e-05	0.16486631565902599	0.16486694134180674	0.16486766017583765	2.8878792662024705e-07
60.0	591.1096260996877	3.76e-05	0.16486617112585744	0.1648667452080498	0.16486738149988245	2.5695017405337565e-07
60.0	591.1096260996877	3.7999999999999995e-05	0.16486604570684005	0.164866561155023	0.16486713236508432	2.3044948758394247e-07
60.0	591.1096260996877	3.8400000000000005e-05	0.16486594133773647	0.16486639406024783	0.1648669081220291	2.0768409243026061e-07
60.0	591.1096260996877	3.88e-05	0.16486584247693603	0.16486623864631575	0.1648667050871504	1.879835318473104e-07
60.0	591.1096260996877	3.9200000000000004e-05	0.1648657625453751	0.16486610110238706	0.16486652029271198	1.7023955799472106e-07
60.0	591.1096260996877	3.96e-05	0.1648656734287215	0.16486597800627156	0.16486635128228144	1.529153365796008e-07
60.0	591.1096260996877	3.9999999999999996e-05	0.16486558486093728	0.16486586820835666	0.16486619592667573	1.3934583120041126e-07
60.0	591.1096260996877	4.0400000000000006e-05	0.1648655065009237	0.1648657648854002	0.16486605222796946	1.2789317659328265e-07
60.0	591.1096260996877	4.08e-05	0.16486544471482745	0.1648656701827156	0.1648659181245229	1.1943902507434443e-07
60.0	591.1096260996877	4.12e-05	0.1648653738530168	0.1648655832496352	0.16486579178050942	1.1270348682055626e-07
60.0	591.1096260996877	4.16e-05	0.16486530593184145	0.1648655058919319	0.16486567799710894	1.0830745060304587e-07
60.0	591.1096260996877	4.2e-05	0.16486524973479533	0.1648654610567339	0.16486561121177523	1.0320582876509329e-07
61.0	602.2088979874519	0.0	0.1680520095085365	0.16805505740017065	0.1680565427868208	9.970362524794219e-07
61.0	602.2088979874519	4e-07	0.16805002928981239	0.16805315965959763	0.1680547130332073	1.0352470900711258e-06
61.0	602.2088979874519	8e-07	0.16804784987676324	0.1680512813022009	0.16805321018557517	1.1588776814048545e-06
61.0	602.2088979874519	1.2000000000000002e-06	0.16804545789246372	0.16804942653476934	0.16805236003918633	1.3978045000471941e-06
61.0	602.2088979874519	1.6e-06	0.16804282042985275	0.16804747190936856	0.16805076903724014	1.6896090255637495e-06
61.0	602.2088979874519	2e-06	0.16803988722066787	0.16804546715829033	0.16804933273212352	2.1045226192417626e-06
61.0	602.2088979874519	2.4000000000000003e-06	0.16803659040246632	0.16804324270736007	0.16804771728857926	2.5953814032503314e-06
61.0	602.2088979874519	2.8000000000000003e-06	0.1680328454617248	0.16804079065139618	0.16804601721432544	3.2290265384149846e-06
61.0	602.2088979874519	3.2e-06	0.16802855214353585	0.16803767348583115	0.16804368799552538	3.910130239412052e-06
61.0	602.2088979874519	3.6e-06	0.1680236119790255	0.16803400124786186	0.16804156984851648	4.834151349827925e-06
61.0	602.2088979874519	4e-06	0.16801799444315524	0.1680289451892171	0.16803803237411508	5.831678960914729e-06
61.0	602.2088979874519	4.4e-06	0.1680117651317481	0.16802178099463683	0.1680326603383886	6.8571662006524495e-06
61.0	602.2088979874519	4.800000000000001e-06	0.16800477033922956	0.16800539761940655	0.16800596564120607	2.825884785246319e-07
61.0	602.2088979874519	5.2e-06	0.1679788758466545	0.1679890178477856	0.16799866015692633	6.947966418205542e-06
61.0	602.2088979874519	5.600000000000001e-06	0.16797368906045573	0.16798202065866066	0.16799251620975664	5.879185263569781e-06
61.0	602.2088979874519	6e-06	0.1679703588860626	0.1679771685561022	0.1679870274418267	4.8532896815632565e-06
61.0	602.2088979874519	6.4e-06	0.16796840761857634	0.16797372160611454	0.16798224555407515	3.912529730551149e-06
61.0	602.2088979874519	6.8e-06	0.16796635975512952	0.16797085304562068	0.1679781210521485	3.2102893773702782e-06
61.0	602.2088979874519	7.2e-06	0.1679648788412953	0.16796867237287597	0.16797455194524602	2.5454251557233802e-06
61.0	602.2088979874519	7.6e-06	0.16796359553571882	0.16796674521128394	0.1679714206915266	2.0104967689058676e-06
61.0	602.2088979874519	8e-06	0.16796248825677118	0.16796506778961257	0.16796862817221658	1.520518436941267e-06
61.0	602.2088979874519	8.4e-06	0.16796129549736527	0.16796346820301927	0.1679660890436505	1.1258191091184909e-06
61.0	602.2088979874519	8.8e-06	0.16796074008577389	0.16796198562951592	0.16796373095897277	7.390359654091296e-07
61.0	602.2088979874519	9.2e-06	0.1679597600122138	0.16796050692835596	0.16796149177714348	4.2387981356360865e-07
61.0	602.2088979874519	9.600000000000001e-06	0.1679586769358563	0.16795903971724294	0.16795931622899918	1.4418686693240234e-07
61.0	602.2088979874519	9.999999999999999e-06	0.16795711318831152	0.1679575872807458	0.16795787016606045	1.7684074101345147e-07
61.0	602.2088979874519	1.04e-05	0.16795491182478983	0.16795615324979835	0.16795720613102727	5.052572987977784e-07
61.0	602.2088979874519	1.08e-05	0.1679526178803652	0.16795466111193524	0.16795610578492326	8.414882766912157e-07
61.0	602.2088979874519	1.1200000000000001e-05	0.16795017170738635	0.16795313146898816	0.16795513520769667	1.243193646988982e-06
61.0	602.2088979874519	1.16e-05	0.16794750572832484	0.16795144698254222	0.1679539850411187	1.6778093993362896e-06
61.0	602.2088979874519	1.2e-05	0.167944543829587	0.1679495973875436	0.16795273164793745	2.2103775330620877e-06
61.0	602.2088979874519	1.24e-05	0.167941204949293	0.16794725776050135	0.16795104116922754	2.764267562416779e-06
61.0	602.2088979874519	1.28e-05	0.16793740097049614	0.16794449898315716	0.167949470510802	3.490386825678522e-06
61.0	602.2088979874519	1.32e-05	0.16793310664532957	0.16794070947977935	0.16794685213086247	4.266331124824216e-06
61.0	602.2088979874519	1.36e-05	0.16792836873877182	0.1679353440398587	0.16794287017718812	5.0605466814852045e-06
61.0	602.2088979874519	1.4e-05	0.1679227769538576	0.16792309739820233	0.16792341305814862	1.4184239395282917e-07
61.0	602.2088979874519	1.44e-05	0.16790292685974872	0.16791080653634738	0.16791844737236072	5.249099672987707e-06
61.0	602.2088979874519	1.48e-05	0.16789909037018624	0.16790557498107142	0.16791381583333376	4.447610688766646e-06
61.0	602.2088979874519	1.52e-05	0.16789663759210782	0.16790195762970464	0.16790968854237498	3.6784694205830175e-06
61.0	602.2088979874519	1.56e-05	0.16789520803860647	0.16789939794370234	0.1679061028113118	2.9751033357285686e-06
61.0	602.2088979874519	1.6e-05	0.16789370857873465	0.16789727407136187	0.16790302199456342	2.4514080106027766e-06
61.0	602.2088979874519	1.6400000000000002e-05	0.1678926359844901	0.16789566943407455	0.1679003644672088	1.9582283618822534e-06
61.0	602.2088979874519	1.68e-05	0.1678917069273025	0.16789425896773652	0.16789804349633197	1.5615397024361593e-06
61.0	602.2088979874519	1.7199999999999998e-05	0.16789089871154683	0.16789304023907328	0.16789598443959708	1.2000769485798645e-06
61.0	602.2088979874519	1.76e-05	0.1678900465040174	0.16789188284593443	0.16789412336251974	9.110100905857358e-07
61.0	602.2088979874519	1.8e-05	0.16788965585840732	0.1678908175733223	0.16789240643713033	6.301121959493946e-07
61.0	602.2088979874519	1.84e-05	0.16788895731880693	0.1678897582668854	0.16789078785727352	4.059757879468224e-07
61.0	602.2088979874519	1.88e-05	0.1678881835055943	0.16788871092132873	0.16788922737763023	2.1385770224894773e-07
61.0	602.2088979874519	1.9200000000000003e-05	0.16788739749957404	0.1678876778743781	0.1678879192219398	1.1044199292417904e-07
61.0	602.2088979874519	1.9600000000000002e-05	0.1678859795078793	0.1678866611524687	0.16788734840252761	2.7849374569570213e-07
61.0	602.2088979874519	1.9999999999999998e-05	0.16788449726242138	0.16788561154238643	0.1678865570691226	5.022457403397329e-07
61.0	602.2088979874519	2.04e-05	0.16788279959590913	0.16788454091941413	0.1678858306468749	7.736616589605411e-07
61.0	602.2088979874519	2.08e-05	0.16788096194829283	0.16788337322948896	0.16788501439072245	1.0678219095943712e-06
61.0	602.2088979874519	2.12e-05	0.16787893429160228	0.1678821007729691	0.16788413793537948	1.4288389779561331e-06
61.0	602.2088979874519	2.16e-05	0.16787666261067002	0.1678805067423223	0.16788292946383354	1.8023651458764855e-06
61.0	602.2088979874519	2.2e-05	0.16787409151479604	0.1678786363229522	0.1678818561950628	2.2895312298151442e-06
61.0	602.2088979874519	2.2400000000000002e-05	0.16787119917937599	0.16787608425523004	0.1678800816571222	2.807643326501244e-06
61.0	602.2088979874519	2.28e-05	0.1678679975305215	0.1678724892909211	0.16787740783597105	3.3363674855524193e-06
61.0	602.2088979874519	2.32e-05	0.16786396755923683	0.16786434177837414	0.16786470783567342	1.6807830441129977e-07
61.0	602.2088979874519	2.36e-05	0.16785079182505136	0.167856146563399	0.16786140219812928	3.53237568531778e-06
61.0	602.2088979874519	2.4e-05	0.1678482644534922	0.1678526837060497	0.16785833099322733	2.9975037159677353e-06
61.0	602.2088979874519	2.44e-05	0.16784666107863266	0.167850302623265	0.16785560624247964	2.486374088179749e-06
61.0	602.2088979874519	2.48e-05	0.1678457347174911	0.16784863068629663	0.16785325136081486	2.021741144246258e-06
61.0	602.2088979874519	2.5200000000000003e-05	0.16784476866649367	0.1678472518079793	0.1678512415864617	1.6780129134495663e-06
61.0	602.2088979874519	2.56e-05	0.16784408691631114	0.1678462236053361	0.16784952022780963	1.3565214416266814e-06
61.0	602.2088979874519	2.6e-05	0.16784349637188445	0.16784532972398303	0.16784803027276496	1.0989275657714659e-06
61.0	602.2088979874519	2.64e-05	0.16784299244659717	0.1678445695893622	0.16784672222181918	8.657844776233056e-07
61.0	602.2088979874519	2.68e-05	0.1678424677651691	0.16784385423348003	0.16784555408080415	6.821994046622012e-07
61.0	602.2088979874519	2.72e-05	0.1678422382621374	0.16784320592799146	0.16784449096061138	5.058416070372869e-07
61.0	602.2088979874519	2.76e-05	0.1678418159219115	0.16784256564183783	0.16784350372680645	3.6946895097483554e-07
61.0	602.2088979874519	2.8e-05	0.16784135293169467	0.16784193774715125	0.16784256743635062	2.545253326836885e-07
61.0	602.2088979874519	2.8400000000000003e-05	0.16784088758765847	0.16784132363943127	0.16784165982849064	1.5541809785695353e-07
61.0	602.2088979874519	2.88e-05	0.1678404458919811	0.16784072375159995	0.16784099033040079	1.1257516221106698e-07
61.0	602.2088979874519	2.92e-05	0.16783960438162726	0.16784011599599033	0.16784053835014756	1.8732789755545982e-07
61.0	602.2088979874519	2.96e-05	0.16783872348342754	0.16783950365856176	0.16784013047864832	3.1887445309612813e-07
61.0	602.2088979874519	2.9999999999999997e-05	0.16783777693483692	0.1678388519707946	0.16783966449801557	4.6970640277591867e-07
61.0	602.2088979874519	3.04e-05	0.16783673372713448	0.16783815544463768	0.1678391883575463	6.572908395095073e-07
61.0	602.2088979874519	3.0799999999999996e-05	0.1678355579894344	0.16783730567529057	0.16783853626218725	8.498796536933444e-07
61.0	602.2088979874519	3.12e-05	0.16783421217994565	0.16783632205132396	0.16783796877677304	1.0976969352885993e-06
61.0	602.2088979874519	3.16e-05	0.16783266784720308	0.16783500497628553	0.16783704381066578	1.3575465685806054e-06
61.0	602.2088979874519	3.2e-05	0.16783092969286617	0.16783317688857696	0.16783567294004342	1.6199359246576188e-06
61.0	602.2088979874519	3.2399999999999995e-05	0.16782875537369435	0.16782912058154467	0.16782948013070254	1.6851928041783305e-07
61.0	602.2088979874519	3.2800000000000004e-05	0.16782221804502306	0.16782501549013118	0.16782783756197794	1.8165379650988564e-06
61.0	602.2088979874519	3.32e-05	0.16782099271710216	0.16782331896128722	0.16782632940062303	1.5476643244959829e-06
61.0	602.2088979874519	3.36e-05	0.16782023396495838	0.16782217242820185	0.1678250094955498	1.2943135723871785e-06
61.0	602.2088979874519	3.4e-05	0.16781980774117145	0.1678213869325572	0.1678238905471492	1.068239365226983e-06
61.0	602.2088979874519	3.4399999999999996e-05	0.16781937250513224	0.16782075195145418	0.1678229531732871	9.04382903089994e-07
61.0	602.2088979874519	3.4800000000000006e-05	0.16781907874718716	0.16782029936476725	0.16782216922623672	7.542322034640734e-07
61.0	602.2088979874519	3.52e-05	0.167818826441672	0.1678199212759795	0.16782151110815224	6.3556016639735e-07
61.0	602.2088979874519	3.56e-05	0.16781862535918535	0.16781961899434714	0.1678209544578948	5.3030969133227e-07
61.0	602.2088979874519	3.6e-05	0.16781842613669262	0.1678193449380045	0.16782047919517673	4.51502911787098e-07
61.0	602.2088979874519	3.64e-05	0.16781835732076722	0.16781911283212353	0.16782006931624505	3.7822377742277564e-07
61.0	602.2088979874519	3.68e-05	0.16781821047895562	0.16781889077648549	0.16781971227013415	3.2705960554407606e-07
61.0	602.2088979874519	3.72e-05	0.16781805818368323	0.1678186815120472	0.16781939828029646	2.880904733106482e-07
61.0	602.2088979874519	3.76e-05	0.16781791366286303	0.16781848548657674	0.16781911974268837	2.5621122021046203e-07
61.0	602.2088979874519	3.7999999999999995e-05	0.16781778836309247	0.16781830153902635	0.16781887073005208	2.2966201986910572e-07
61.0	602.2088979874519	3.8400000000000005e-05	0.16781768413915987	0.16781813453912378	0.16781864659525958	2.068452539040486e-07
61.0	602.2088979874519	3.88e-05	0.16781758530461666	0.1678179792275313	0.1678184436568646	1.8707693352357883e-07
61.0	602.2088979874519	3.9200000000000004e-05	0.16781750556963804	0.16781784179732856	0.1678182589490973	1.692346318679013e-07
61.0	602.2088979874519	3.96e-05	0.16781741645810833	0.16781771878815557	0.16781809001735226	1.5180785297838054e-07
61.0	602.2088979874519	3.9999999999999996e-05	0.16781732800624205	0.16781760906672355	0.1678179347341997	1.3813180109710126e-07
61.0	602.2088979874519	4.0400000000000006e-05	0.16781724978616808	0.16781750582789035	0.1678177911037455	1.265689735532577e-07
61.0	602.2088979874519	4.08e-05	0.1678171882661923	0.16781741120508883	0.167817657068003	1.1801661183488776e-07
61.0	602.2088979874519	4.12e-05	0.16781711755164608	0.1678173243497679	0.1678175308010914	1.1119730699947327e-07
61.0	602.2088979874519	4.16e-05	0.16781704970259348	0.1678172470573413	0.1678174171249598	1.0675169172222694e-07
61.0	602.2088979874519	4.2e-05	0.1678169939115719	0.1678172020718735	0.16781735059577407	1.016844964127389e-07
62.0	613.3081698752161	0.0	0.1710351079386081	0.17103815731155367	0.17103964444261788	9.977502944658185e-07
62.0	613.3081698752161	4e-07	0.171033127723776	0.17103625958014507	0.17103781483913494	1.0359362602657605e-06
62.0	613.3081698752161	8e-07	0.171030948325253	0.17103438124915968	0.17103631212400394	1.1594975271665168e-06
62.0	613.3081698752161	1.2000000000000002e-06	0.1710285563670766	0.17103252651711523	0.1710354621466843	1.398319529170192e-06
62.0	613.3081698752161	1.6e-06	0.17102591894442032	0.17103057193993934	0.17103387128638925	1.690031291515597e-06
62.0	613.3081698752161	2e-06	0.1710229857924892	0.17102856726083318	0.17103243513990307	2.1048553816557295e-06
62.0	613.3081698752161	2.4000000000000003e-06	0.17101968905375298	0.1710263429300359	0.17103081970483558	2.5956792668710298e-06
62.0	613.3081698752161	2.8000000000000003e-06	0.17101594422133015	0.1710238909855411	0.17102911984919889	3.2292449873403194e-06
62.0	613.3081698752161	3.2e-06	0.17101165088283654	0.17102077396779064	0.17102679077316818	3.9102853625410335e-06
62.0	613.3081698752161	3.6e-06	0.1710067109219704	0.1710171019188587	0.1710246729014422	4.834239820384736e-06
62.0	613.3081698752161	4e-06	0.17100109365041227	0.17101204612155896	0.17102113573239563	5.8316982822383296e-06
62.0	613.3081698752161	4.4e-06	0.17099486467035518	0.1710048823014703	0.17101576413357922	6.857112614597121e-06
62.0	613.3081698752161	4.800000000000001e-06	0.17098786979862535	0.17098849978214764	0.17098907069986957	2.8430291885667496e-07
62.0	613.3081698752161	5.2e-06	0.1709619832097493	0.1709721212647292	0.1709817606247288	6.947259801454445e-06
62.0	613.3081698752161	5.600000000000001e-06	0.1709567966973884	0.17096512461285102	0.1709756171058947	5.878545710620936e-06
62.0	613.3081698752161	6e-06	0.17095346668968592	0.17096027288638124	0.17097012874954132	4.852721933456745e-06
62.0	613.3081698752161	6.4e-06	0.17095151543744613	0.17095682620136854	0.17096534724150825	3.9120340582539105e-06
62.0	613.3081698752161	6.8e-06	0.17094946771670916	0.17095395787235731	0.17096122301530414	3.209836032781732e-06
62.0	613.3081698752161	7.2e-06	0.17094798681811607	0.17095177736736464	0.170957654218566	2.5450115356585925e-06
62.0	613.3081698752161	7.6e-06	0.1709467026110909	0.1709498503269492	0.1709545232398879	2.010151819166303e-06
62.0	613.3081698752161	8e-06	0.1709455963653923	0.170948173023023	0.17095173096490868	1.5202049378652843e-06
62.0	613.3081698752161	8.4e-06	0.17094440364108365	0.17094657355898252	0.17094919205441972	1.1255205652688714e-06
62.0	613.3081698752161	8.8e-06	0.17094384812215146	0.17094509109068157	0.17094683416577716	7.387584883329838e-07
62.0	613.3081698752161	9.2e-06	0.17094286803946712	0.1709436124953418	0.1709445951619335	4.236101926802686e-07
62.0	613.3081698752161	9.600000000000001e-06	0.17094178500052948	0.17094214539501792	0.17094241977766433	1.4386594309519401e-07
62.0	613.3081698752161	9.999999999999999e-06	0.17094021695170358	0.17094069307406481	0.17094097460662638	1.768995344807497e-07
62.0	613.3081698752161	1.04e-05	0.17093801573764988	0.1709392591582804	0.17094031456972836	5.053773773718399e-07
62.0	613.3081698752161	1.08e-05	0.17093572194189832	0.1709377671318621	0.17093921436262782	8.415911194978236e-07
62.0	613.3081698752161	1.1200000000000001e-05	0.17093327592268714	0.17093623761429325	0.17093824289513915	1.2432730792988774e-06
62.0	613.3081698752161	1.16e-05	0.17093061010971944	0.1709345532814486	0.17093709382763578	1.677893204671486e-06
62.0	613.3081698752161	1.2e-05	0.1709276483983233	0.1709327038263023	0.1709358406308139	2.210413477381927e-06
62.0	613.3081698752161	1.24e-05	0.17092430973749106	0.17093036436702796	0.17093415029773773	2.764254746547381e-06
62.0	613.3081698752161	1.28e-05	0.170920505974391	0.17092760580137034	0.17093257989814425	3.490323262931531e-06
62.0	613.3081698752161	1.32e-05	0.17091621197719675	0.17092381658695777	0.17092996181519737	4.26620735899844e-06
62.0	613.3081698752161	1.36e-05	0.1709114744637299	0.17091845156179267	0.17092598030397	5.060355525630843e-06
62.0	613.3081698752161	1.4e-05	0.17090588880954005	0.17090620586753857	0.1709065192621475	1.4074032103516352e-07
62.0	613.3081698752161	1.44e-05	0.17088604075379	0.1708939163654577	0.17090155405714036	5.248271093071319e-06
62.0	613.3081698752161	1.48e-05	0.17088220455763103	0.17088868539075378	0.17089692300174786	4.446858451880125e-06
62.0	613.3081698752161	1.52e-05	0.17087975196003047	0.17088506844534068	0.1708927961702802	3.6777937306449636e-06
62.0	613.3081698752161	1.56e-05	0.17087832243162815	0.17088250904571317	0.17088921085968511	2.974499465052103e-06
62.0	613.3081698752161	1.6e-05	0.17087682312019403	0.17088038542281883	0.17088613041321032	2.4508454231977488e-06
62.0	613.3081698752161	1.6400000000000002e-05	0.17087575054968696	0.17087878096673567	0.1708834732212221	1.957699273694832e-06
62.0	613.3081698752161	1.68e-05	0.1708748216238707	0.17087737063378813	0.17088115254697378	1.5610693174050068e-06
62.0	613.3081698752161	1.7199999999999998e-05	0.17087401341333308	0.17087615203226705	0.17087909375332444	1.1996216169785007e-06
62.0	613.3081698752161	1.76e-05	0.17087316124710394	0.17087499477012755	0.17087723291088963	9.105462813663725e-07
62.0	613.3081698752161	1.8e-05	0.17087277049602712	0.17087392961002446	0.1708755161964426	6.296200661417286e-07
62.0	613.3081698752161	1.84e-05	0.17087207195022813	0.17087287041650345	0.17087389780826623	4.054036558321031e-07
62.0	613.3081698752161	1.88e-05	0.17087129817582358	0.17087182318842858	0.170872337505374	2.1303857918741585e-07
62.0	613.3081698752161	1.9200000000000003e-05	0.17087051227760242	0.17087079026332716	0.17087103006459348	1.0926495497716308e-07
62.0	613.3081698752161	1.9600000000000002e-05	0.17086909448515808	0.17086977366269587	0.17087045931356482	2.7816618582575033e-07
62.0	613.3081698752161	1.9999999999999998e-05	0.17086760899912523	0.17086872417019777	0.1708696679183319	5.021022776241166e-07
62.0	613.3081698752161	2.04e-05	0.1708659104058743	0.170867653678687	0.17086894155946908	7.735767605152528e-07
62.0	613.3081698752161	2.08e-05	0.17086407294006722	0.17086648614844407	0.17086812547672903	1.0677793654058806e-06
62.0	613.3081698752161	2.12e-05	0.17086204548801032	0.17086521383962955	0.17086724896841865	1.428772250790464e-06
62.0	613.3081698752161	2.16e-05	0.17085977404585861	0.17086361998778593	0.17086604052615417	1.8022625979865779e-06
62.0	613.3081698752161	2.2e-05	0.17085720321638664	0.1708617497940989	0.1708649673387317	2.2893878778824567e-06
62.0	613.3081698752161	2.2400000000000002e-05	0.17085431123103678	0.1708591980360926	0.17086319290001306	2.8074461219080904e-06
62.0	613.3081698752161	2.28e-05	0.17085111520564844	0.17085560351651202	0.17086051931499746	3.3361075085809467e-06
62.0	613.3081698752161	2.32e-05	0.17084708618026578	0.17084745701367063	0.17084782078425942	1.6666006971319472e-07
62.0	613.3081698752161	2.36e-05	0.17083391254869262	0.1708392632076674	0.17084451565231884	3.5314982826635892e-06
62.0	613.3081698752161	2.4e-05	0.17083138547831833	0.17083580094828005	0.17084144495303644	2.99670538693685e-06
62.0	613.3081698752161	2.44e-05	0.17082978229172152	0.1708334202833502	0.17083872068037564	2.4856525007357797e-06
62.0	613.3081698752161	2.48e-05	0.1708288559642428	0.17083174864173542	0.1708363662345329	2.0210887766618177e-06
62.0	613.3081698752161	2.5200000000000003e-05	0.17082789006179944	0.17083037002064985	0.17083435685618653	1.67739890957552e-06
62.0	613.3081698752161	2.56e-05	0.1708272083456901	0.17082934200477587	0.17083263584196207	1.3559367519536731e-06
62.0	613.3081698752161	2.6e-05	0.17082661792329468	0.17082844826245988	0.17083114619093998	1.0983943004848186e-06
62.0	613.3081698752161	2.64e-05	0.17082611400708014	0.17082768825787506	0.17082983840913002	8.652595476112987e-07
62.0	613.3081698752161	2.68e-05	0.1708255893743642	0.17082697303490368	0.17082867050771267	6.816597315796895e-07
62.0	613.3081698752161	2.72e-05	0.17082535976641022	0.1708263248427991	0.17082760760251503	5.05268653000253e-07
62.0	613.3081698752161	2.76e-05	0.17082493741974414	0.17082568467005793	0.17082662056369458	3.6882994985306856e-07
62.0	613.3081698752161	2.8e-05	0.17082447446050164	0.17082505689268246	0.17082568445267032	2.5374916934695757e-07
62.0	613.3081698752161	2.8400000000000003e-05	0.17082400922020824	0.17082444290599613	0.17082477701326138	1.5433534591797147e-07
62.0	613.3081698752161	2.88e-05	0.17082356770677531	0.17082384313831434	0.17082410812723836	1.1129334207178746e-07
62.0	613.3081698752161	2.92e-05	0.1708227263998756	0.17082323549839262	0.17082365607746208	1.8663431922020887e-07
62.0	613.3081698752161	2.96e-05	0.17082184572761872	0.17082262328982073	0.17082324842734486	3.1848530210156295e-07
62.0	613.3081698752161	2.9999999999999997e-05	0.1708208994324334	0.17082197175709268	0.1708227824681936	4.6946064564857745e-07
62.0	613.3081698752161	3.04e-05	0.17081985651178844	0.17082127537482047	0.1708223062665697	6.570778341438176e-07
62.0	613.3081698752161	3.0799999999999996e-05	0.1708186811023289	0.17082042577977843	0.17082165420502715	8.496609118857848e-07
62.0	613.3081698752161	3.12e-05	0.17081733567044832	0.1708194423769773	0.17082108679645103	1.0974617948752508e-06
62.0	613.3081698752161	3.16e-05	0.17081579177088457	0.17081812560678258	0.17082016193009508	1.357274834489143e-06
62.0	613.3081698752161	3.2e-05	0.17081405410321437	0.17081629795686024	0.1708187913031347	1.6196156144267733e-06
62.0	613.3081698752161	3.2399999999999995e-05	0.1708118807099428	0.17081224263229366	0.17081259996183817	1.6712032211348238e-07
62.0	613.3081698752161	3.2800000000000004e-05	0.1708053453640579	0.1708081389026112	0.17081095789125111	1.8156361751280295e-06
62.0	613.3081698752161	3.32e-05	0.17080412030962222	0.17080644294594402	0.1708094502262112	1.546836714122573e-06
62.0	613.3081698752161	3.36e-05	0.170803361733892	0.17080529681264317	0.17080813078870083	1.2935537368031942e-06
62.0	613.3081698752161	3.4e-05	0.17080293554442338	0.17080451160011884	0.17080701226507777	1.0675366096974246e-06
62.0	613.3081698752161	3.4399999999999996e-05	0.17080250044351875	0.17080387686650944	0.17080607526799607	9.037082134211795e-07
62.0	613.3081698752161	3.4800000000000006e-05	0.17080220673012825	0.17080342445758565	0.1708052916518712	7.535775875929453e-07
62.0	613.3081698752161	3.52e-05	0.1708019545192201	0.17080304650044495	0.17080463382331867	6.349449687361006e-07
62.0	613.3081698752161	3.56e-05	0.17080175344572446	0.17080274433830384	0.17080407742621695	5.296973607446706e-07
62.0	613.3081698752161	3.6e-05	0.17080155428077326	0.1708024704030387	0.1708036023849573	4.5087729405242075e-07
62.0	613.3081698752161	3.64e-05	0.1708014853557165	0.1708022383965466	0.17080319269985633	3.775817685995791e-07
62.0	613.3081698752161	3.68e-05	0.1708013385000644	0.170802016439074	0.17080283582341682	3.2639721489563254e-07
62.0	613.3081698752161	3.72e-05	0.17080118628796548	0.17080180727469832	0.17080252198207457	2.873983956883008e-07
62.0	613.3081698752161	3.76e-05	0.17080104177097688	0.17080161135069244	0.17080224357441054	2.554776336367338e-07
62.0	613.3081698752161	3.7999999999999995e-05	0.17080091658219132	0.1708014275017191	0.1708019946755419	2.2887970858060786e-07
62.0	613.3081698752161	3.8400000000000005e-05	0.17080081249519008	0.17080126058905387	0.17080177064054514	2.0601168924576594e-07
62.0	613.3081698752161	3.88e-05	0.17080071368277405	0.17080110537155258	0.17080156779004074	1.8617562479265102e-07
62.0	613.3081698752161	3.9200000000000004e-05	0.17080063413649071	0.17080096804438957	0.17080138316020577	1.6823583847091524e-07
62.0	613.3081698752161	3.96e-05	0.17080054502070574	0.17080084511238705	0.17080121429826445	1.5070670441045114e-07
62.0	613.3081698752161	3.9999999999999996e-05	0.17080045667488974	0.1708007354565304	0.17080105907857668	1.3692445747441522e-07
62.0	613.3081698752161	4.0400000000000006e-05	0.1708003785838299	0.17080063229104064	0.17080091550731602	1.2525099982849652e-07
62.0	613.3081698752161	4.08e-05	0.1708003173221586	0.17080053773745585	0.1708007815301853	1.165996559529758e-07
62.0	613.3081698752161	4.12e-05	0.17080024674306316	0.17080045094981022	0.1708006553312149	1.0969571926801556e-07
62.0	613.3081698752161	4.16e-05	0.17080017895349453	0.17080037371276038	0.1708005417537528	1.0520040603790096e-07
62.0	613.3081698752161	4.2e-05	0.1708001235589176	0.17080032856653632	0.17080047547225607	1.0016781704224512e-07
63.0	624.4074417629803	0.0	0.17404899964198872	0.17405205050996067	0.17405353939657342	9.98471603334076e-07
63.0	624.4074417629803	4e-07	0.17404701943099088	0.17405015278726027	0.17405170993639096	1.0366324739904266e-06
63.0	624.4074417629803	8e-07	0.17404484004679244	0.17404827448148757	0.17405020735039223	1.1601237573794615e-06
63.0	624.4074417629803	1.2000000000000002e-06	0.17404244811443537	0.1740464197834361	0.17404935753905804	1.3988401529108616e-06
63.0	624.4074417629803	1.6e-06	0.17403981073138564	0.17404446525244363	0.1740477668096112	1.6904580034243374e-06
63.0	624.4074417629803	2e-06	0.17403687763639475	0.17404246064277604	0.17404633081435872	2.1051913713560993e-06
63.0	624.4074417629803	2.4000000000000003e-06	0.17403358097691868	0.17404023642756658	0.1740447153983231	2.5959766037625496e-06
63.0	624.4074417629803	2.8000000000000003e-06	0.17402983625277813	0.1740377845918893	0.17404301574987446	3.2294613035750838e-06
63.0	624.4074417629803	3.2e-06	0.1740255428978177	0.1740346677202019	0.17404068681887974	3.9104365133542636e-06
63.0	624.4074417629803	3.6e-06	0.17402060314051937	0.17403099586003562	0.1740385692152273	4.834322690038612e-06
63.0	624.4074417629803	4e-06	0.17401498613284616	0.17402594032667698	0.17403503235123097	5.831711873967178e-06
63.0	624.4074417629803	4.4e-06	0.17400875748288946	0.174018776886735	0.17402966119524255	6.857055106144545e-06
63.0	624.4074417629803	4.800000000000001e-06	0.17400176255640254	0.17400239522742933	0.17400296903271073	2.860181746544159e-07
63.0	624.4074417629803	5.2e-06	0.17397588381181173	0.17398601794519655	0.17399565435845865	6.946564257376165e-06
63.0	624.4074417629803	5.600000000000001e-06	0.173970697561332	0.17397902181809646	0.17398951126368356	5.877918352572263e-06
63.0	624.4074417629803	6e-06	0.17396736771623011	0.17397417046008742	0.17398402331426688	4.852165638842621e-06
63.0	624.4074417629803	6.4e-06	0.17396541648353736	0.1739707240364342	0.17397924218145278	3.911547718596191e-06
63.0	624.4074417629803	6.8e-06	0.17396336889948572	0.1739678559371279	0.17397511822753042	3.209389949037409e-06
63.0	624.4074417629803	7.2e-06	0.17396188802419132	0.17396567559946752	0.17397154973731066	2.5446035913250702e-06
63.0	624.4074417629803	7.6e-06	0.1739606029435974	0.1739637486818367	0.1739684190305102	2.0098089212036257e-06
63.0	624.4074417629803	8e-06	0.17395949769533292	0.17396207149541587	0.1739656269970622	1.5198928570994299e-06
63.0	624.4074417629803	8.4e-06	0.1739583050132394	0.17396047215322397	0.17396308830207552	1.1252231198372713e-06
63.0	624.4074417629803	8.8e-06	0.1739577493887534	0.173958989789024	0.17396073060699724	7.384824508720492e-07
63.0	624.4074417629803	9.2e-06	0.17395676929811454	0.17395751129824097	0.17395849177866474	4.233434890176634e-07
63.0	624.4074417629803	9.600000000000001e-06	0.17395568628966718	0.1739560443068825	0.1739563165557083	1.4355784369220063e-07
63.0	624.4074417629803	9.999999999999999e-06	0.1739541139407752	0.17395459209909522	0.1739548722922848	1.769741403815486e-07
63.0	624.4074417629803	1.04e-05	0.17395191287318568	0.17395315829595315	0.17395421623183793	5.055051091489154e-07
63.0	624.4074417629803	1.08e-05	0.17394961922287067	0.17395166637785375	0.17395311615373021	8.416998973669181e-07
63.0	624.4074417629803	1.1200000000000001e-05	0.1739471733539295	0.17395013698194645	0.17395214382908453	1.2433577092398213e-06
63.0	624.4074417629803	1.16e-05	0.17394450770324	0.17394845279667762	0.17395099582980666	1.677979011270553e-06
63.0	624.4074417629803	1.2e-05	0.17394154617497026	0.17394660347684734	0.1739497428178085	2.210450908666124e-06
63.0	624.4074417629803	1.24e-05	0.17393820772881607	0.1739442641806902	0.17394805263154645	2.7642426151032544e-06
63.0	624.4074417629803	1.28e-05	0.17393440417685024	0.1739415058226699	0.17394648248201694	3.4902600427612712e-06
63.0	624.4074417629803	1.32e-05	0.17393011050060814	0.1739377168941621	0.17394386469243361	4.266085212333456e-06
63.0	624.4074417629803	1.36e-05	0.1739253733715298	0.17393235228093468	0.17393988362368162	5.060169244455318e-06
63.0	624.4074417629803	1.4e-05	0.17391979384325307	0.17392010751789974	0.1739204186382377	1.3965242496809737e-07
63.0	624.4074417629803	1.44e-05	0.17389994775027962	0.17390781933691274	0.17391545390245078	5.247462025101944e-06
63.0	624.4074417629803	1.48e-05	0.17389611182972864	0.1739025889218521	0.17391082331864283	4.446125633651753e-06
63.0	624.4074417629803	1.52e-05	0.17389365940463986	0.1738989723688204	0.17390669693503202	3.6771355405098394e-06
63.0	624.4074417629803	1.56e-05	0.1738922299031298	0.17389641324764285	0.17390311203427533	2.9739099260943957e-06
63.0	624.4074417629803	1.6e-05	0.17389073073179695	0.17389428986877037	0.17390003194816028	2.4502943305915386e-06
63.0	624.4074417629803	1.6400000000000002e-05	0.17388965819101987	0.17389268559062826	0.1738973750833397	1.957179384206392e-06
63.0	624.4074417629803	1.68e-05	0.1738887293827558	0.17389127539008012	0.17389505469854072	1.5606040965292287e-06
63.0	624.4074417629803	1.7199999999999998e-05	0.1738879211806097	0.17389005691324216	0.1738929961615785	1.1991703114992716e-06
63.0	624.4074417629803	1.76e-05	0.17388706906108364	0.17388889977929747	0.17389113554793134	9.100857680372152e-07
63.0	624.4074417629803	1.8e-05	0.17388667820544335	0.17388783472866162	0.17388941903889954	6.29131129207904e-07
63.0	624.4074417629803	1.84e-05	0.17388597965326902	0.1738867756448631	0.17388780083702837	4.0483534617413777e-07
63.0	624.4074417629803	1.88e-05	0.17388520590950307	0.17388572853055487	0.1738862407055075	2.122260189543555e-07
63.0	624.4074417629803	1.9200000000000003e-05	0.17388442011420935	0.17388469572307708	0.173884933991042	1.0809918622483344e-07
63.0	624.4074417629803	1.9600000000000002e-05	0.17388300251868305	0.17388367923938627	0.17388436328542678	2.7785076140187894e-07
63.0	624.4074417629803	1.9999999999999998e-05	0.17388151269520957	0.17388262985947173	0.17388357181578495	5.019679749181352e-07
63.0	624.4074417629803	2.04e-05	0.17387981426366217	0.17388155949381548	0.17388284551160638	7.735000731762114e-07
63.0	624.4074417629803	2.08e-05	0.17387797697236262	0.1738803921152318	0.1738820296137078	1.0677421278729337e-06
63.0	624.4074417629803	2.12e-05	0.1738759497168303	0.17387911994727698	0.17388115303759122	1.4287108704084444e-06
63.0	624.4074417629803	2.16e-05	0.17387367850426916	0.17387752626655575	0.17387994462522638	1.802165253671908e-06
63.0	624.4074417629803	2.2e-05	0.1738711079310633	0.17387565629085405	0.17387887150732606	2.2892503121976767e-06
63.0	624.4074417629803	2.2400000000000002e-05	0.1738682162831342	0.17387310483435553	0.17387709716046462	2.8072569774766457e-06
63.0	624.4074417629803	2.28e-05	0.1738650258580785	0.1738695107492946	0.17387442380792706	3.3358598620930063e-06
63.0	624.4074417629803	2.32e-05	0.17386099776882347	0.17386136522332127	0.17386172670150568	1.652512854436972e-07
63.0	624.4074417629803	2.36e-05	0.17384782614075345	0.17385317277219717	0.17385842205710134	3.5306471969298823e-06
63.0	624.4074417629803	2.4e-05	0.1738452993493027	0.1738497110833575	0.17385535184534096	2.99593230399893e-06
63.0	624.4074417629803	2.44e-05	0.1738436963399339	0.17384733081813697	0.17385262803376111	2.4849533539371556e-06
63.0	624.4074417629803	2.48e-05	0.17384277004568105	0.17384565946059738	0.173850274008446	2.0204549523542216e-06
63.0	624.4074417629803	2.5200000000000003e-05	0.17384180428175267	0.17384428108845643	0.1738482650121531	1.67680009985416e-06
63.0	624.4074417629803	2.56e-05	0.17384112260374174	0.17384325325383782	0.17384654433071756	1.3553645048842964e-06
63.0	624.4074417629803	2.6e-05	0.17384053228907081	0.17384235964745942	0.17384505497352798	1.0978693115931304e-06
63.0	624.4074417629803	2.64e-05	0.17384002838370627	0.17384159976873564	0.17384374745178288	8.6474145490292e-07
63.0	624.4074417629803	2.68e-05	0.17383950380350122	0.17384088467428505	0.17384257978170314	6.811259121089903e-07
63.0	624.4074417629803	2.72e-05	0.1738392740907182	0.17384023659109646	0.17384151708377438	5.047011439210333e-07
63.0	624.4074417629803	2.76e-05	0.1738388517363303	0.17383959652717382	0.17384053023251322	3.6819644136517044e-07
63.0	624.4074417629803	2.8e-05	0.17383838879921587	0.17383896886205794	0.1738395942935922	2.5297960392152904e-07
63.0	624.4074417629803	2.8400000000000003e-05	0.17383792365691608	0.1738383549909115	0.17383868701522598	1.5326078496868207e-07
63.0	624.4074417629803	2.88e-05	0.17383748232090301	0.17383775533781373	0.17383801873514582	1.1002213984837373e-07
63.0	624.4074417629803	2.92e-05	0.17383664120948605	0.17383714780735707	0.1738375666029066	1.8595667608042474e-07
63.0	624.4074417629803	2.96e-05	0.17383576075451757	0.1738365357208483	0.17383715922465726	3.181098325495597e-07
63.0	624.4074417629803	2.9999999999999997e-05	0.1738348147031834	0.17383588433400063	0.1738366932370523	4.692247824884063e-07
63.0	624.4074417629803	3.04e-05	0.17383377205883832	0.17383518808738363	0.17383621695914098	6.568744577015143e-07
63.0	624.4074417629803	3.0799999999999996e-05	0.17383259696525144	0.17383433865712228	0.17383556493040597	8.494517220262187e-07
63.0	624.4074417629803	3.12e-05	0.1738312518964582	0.17383335546553633	0.17383499758615528	1.097237094375087e-06
63.0	624.4074417629803	3.16e-05	0.17382970841278134	0.17383203898874194	0.17383407281017682	1.3570162396952864e-06
63.0	624.4074417629803	3.2e-05	0.17382797121125737	0.17383021176172847	0.17383270241982718	1.6193131666671153e-06
63.0	624.4074417629803	3.2399999999999995e-05	0.1738257987283367	0.17382615737662693	0.17382651248447978	1.6573206756528678e-07
63.0	624.4074417629803	3.2800000000000004e-05	0.17381926525463065	0.17382205494620548	0.17382487089017218	1.8147649997300295e-06
63.0	624.4074417629803	3.32e-05	0.1738180404494134	0.17382035953092356	0.17382336369986984	1.5460380997178087e-06
63.0	624.4074417629803	3.36e-05	0.17381728203753877	0.17381921377684195	0.1738220447098433	1.292819639592114e-06
63.0	624.4074417629803	3.4e-05	0.17381685588049933	0.17381842883430643	0.17382092659359216	1.0668553974397594e-06
63.0	624.4074417629803	3.4399999999999996e-05	0.17381642090399207	0.17381779433826752	0.17381998995767933	9.030514984214874e-07
63.0	624.4074417629803	3.4800000000000006e-05	0.1738161272377008	0.17381734210021973	0.17381920665889794	7.529380053788177e-07
63.0	624.4074417629803	3.52e-05	0.17381587510735397	0.1738169642702274	0.17381854910798822	6.343408017894522e-07
63.0	624.4074417629803	3.56e-05	0.17381567404358123	0.1738166622222759	0.17381799295347378	5.290944390909384e-07
63.0	624.4074417629803	3.6e-05	0.17381547493863092	0.17381638840264732	0.1738175181240882	4.502598245638103e-07
63.0	624.4074417629803	3.64e-05	0.17381540590376598	0.17381615649009335	0.17381710862393174	3.769470250964699e-07
63.0	624.4074417629803	3.68e-05	0.1738152590320503	0.17381593462520298	0.17381675190873658	3.257413184293549e-07
63.0	624.4074417629803	3.72e-05	0.173815106895562	0.17381572555487385	0.17381643820773185	2.8671249074734854e-07
63.0	624.4074417629803	3.76e-05	0.17381496237409877	0.17381552972590028	0.17381615992197563	2.5475027266458995e-07
63.0	624.4074417629803	3.7999999999999995e-05	0.17381483728846003	0.17381534596900358	0.1738159111288473	2.2810349036225867e-07
63.0	624.4074417629803	3.8400000000000005e-05	0.17381473333062658	0.17381517913638114	0.1738156871855452	2.0518441884925167e-07
63.0	624.4074417629803	3.88e-05	0.17381463453631696	0.1738150240052309	0.1738154844147104	1.8528068747427596e-07
63.0	624.4074417629803	3.9200000000000004e-05	0.17381455517143518	0.17381488677110976	0.17381529985444466	1.6724427101001462e-07
63.0	624.4074417629803	3.96e-05	0.17381446604230533	0.1738147639071108	0.1738151310538143	1.4961304793685708e-07
63.0	624.4074417629803	3.9999999999999996e-05	0.17381437779315512	0.17381465430650705	0.1738149758889902	1.3572504863117594e-07
63.0	624.4074417629803	4.0400000000000006e-05	0.17381429982076746	0.17381455120427547	0.17381483236827222	1.2394050669227917e-07
63.0	624.4074417629803	4.08e-05	0.17381423881702052	0.17381445670990497	0.1738146984410971	1.1518939769522066e-07
63.0	624.4074417629803	4.12e-05	0.1738141683638572	0.17381436998058214	0.17381457230144903	1.0819987743005064e-07
63.0	624.4074417629803	4.16e-05	0.17381410061358338	0.17381429278994387	0.17381445881423918	1.0365448359512456e-07
63.0	624.4074417629803	4.2e-05	0.17381404567761027	0.17381424749478602	0.1738143927744824	9.863726007254929e-08
64.0	635.5067136507445	0.0	0.1770931488236016	0.17709620119513889	0.17709769184414714	9.991980150794504e-07
64.0	635.5067136507445	4e-07	0.17709116861642205	0.17709430348072583	0.17709586252087384	1.037333602276227e-06
64.0	635.5067136507445	8e-07	0.1770889892464993	0.17709242519906745	0.17709436006085433	1.1607543435159899e-06
64.0	635.5067136507445	1.2000000000000002e-06	0.17708659733992604	0.17709057053374505	0.17709351041277266	1.3993644730458337e-06
64.0	635.5067136507445	1.6e-06	0.1770839599965255	0.17708861604710008	0.1770919198034795	1.6908873399288554e-06
64.0	635.5067136507445	2e-06	0.17708102695868355	0.17708661150463773	0.17709048395223892	2.1055288489553367e-06
64.0	635.5067136507445	2.4000000000000003e-06	0.17707773037893393	0.177084387400985	0.17708886856586314	2.5962718357973808e-06
64.0	635.5067136507445	2.8000000000000003e-06	0.17707398576387945	0.17708193567199146	0.17708716911341416	3.229673932243884e-06
64.0	635.5067136507445	3.2e-06	0.1770696923968016	0.17707881894526956	0.17708484032994232	3.910582054071342e-06
64.0	635.5067136507445	3.6e-06	0.1770647528443421	0.17707514727440202	0.17708272298754935	4.834398188007003e-06
64.0	635.5067136507445	4e-06	0.17705913610175728	0.17707009200874962	0.17707918642877463	5.831717781190083e-06
64.0	635.5067136507445	4.4e-06	0.17705290778258664	0.1770629289563319	0.17707381572235192	6.856991536554362e-06
64.0	635.5067136507445	4.800000000000001e-06	0.17704591282620452	0.17704654816568552	0.17704712484523988	2.8773101452386534e-07
64.0	635.5067136507445	5.2e-06	0.1770200418684711	0.17703017210562128	0.1770398055759257	6.945877253250837e-06
64.0	635.5067136507445	5.600000000000001e-06	0.17701485587031307	0.17702317649363497	0.17703366290313038	5.877301159462529e-06
64.0	635.5067136507445	6e-06	0.1770115261852645	0.17701832549843574	0.177028175358096	4.851619245462188e-06
64.0	635.5067136507445	6.4e-06	0.17700957497712722	0.17701487933396712	0.17702339459793226	3.911069628585106e-06
64.0	635.5067136507445	6.8e-06	0.17700752752487947	0.17701201146380205	0.17701927091479153	3.208950424241239e-06
64.0	635.5067136507445	7.2e-06	0.17700604668145736	0.177009831294002	0.17701570272912903	2.5442010454690606e-06
64.0	635.5067136507445	7.6e-06	0.17700476075453153	0.17700790450156254	0.177012572292643	2.009468297939071e-06
64.0	635.5067136507445	8e-06	0.17700365647015914	0.17700622743334601	0.17700978049948102	1.5195827222148214e-06
64.0	635.5067136507445	8.4e-06	0.1770024638379457	0.17700462821331472	0.17700724201898588	1.124927542277449e-06
64.0	635.5067136507445	8.8e-06	0.17700190810981198	0.17700314595318245	0.177004884516605	7.382088981880395e-07
64.0	635.5067136507445	9.2e-06	0.1770009280129452	0.1770016675668154	0.17700264586299852	4.2308102354702913e-07
64.0	635.5067136507445	9.600000000000001e-06	0.17699984502914923	0.17700020068380962	0.17700047080060433	1.4326414935025894e-07
64.0	635.5067136507445	9.999999999999999e-06	0.1769982683947129	0.1769987485881059	0.17699902745644014	1.7706295136812026e-07
64.0	635.5067136507445	1.04e-05	0.17699606747276597	0.17699731489642356	0.1769983753448594	5.056384220199905e-07
64.0	635.5067136507445	1.08e-05	0.17699377396710592	0.17699582308504974	0.17699727538704124	8.418121541558738e-07
64.0	635.5067136507445	1.1200000000000001e-05	0.17699132824772512	0.1769942938087894	0.17699630223790663	1.2434446388391938e-06
64.0	635.5067136507445	1.16e-05	0.17698866275870806	0.1769926097672384	0.17699515527849385	1.6780636202910638e-06
64.0	635.5067136507445	1.2e-05	0.17698570141307357	0.17699076058055113	0.17699390244147306	2.2104860601739133e-06
64.0	635.5067136507445	1.24e-05	0.17698236318117289	0.1769884214459221	0.17699221240510088	2.764226739659388e-06
64.0	635.5067136507445	1.28e-05	0.17697855984152255	0.17698566329514165	0.17699064249899177	3.4901918273285765e-06
64.0	635.5067136507445	1.32e-05	0.17697426648525383	0.1769818746545908	0.17698802500240873	4.265958333970261e-06
64.0	635.5067136507445	1.36e-05	0.1769695297387024	0.17697651045782012	0.17698404438118676	5.059980452555442e-06
64.0	635.5067136507445	1.4e-05	0.17696395632611583	0.176964266627289	0.1769645754692828	1.3858151392970116e-07
64.0	635.5067136507445	1.44e-05	0.1769441121530182	0.17695197974756977	0.17695961119854342	5.246664702269332e-06
64.0	635.5067136507445	1.48e-05	0.17694027649678734	0.17694674987957207	0.17695498108132401	4.4454058011163535e-06
64.0	635.5067136507445	1.52e-05	0.1769378242404498	0.1769431337111997	0.17695085514038666	3.6764897067858446e-06
64.0	635.5067136507445	1.56e-05	0.17693639476991052	0.17694057486476747	0.17694727064459403	2.973330802909885e-06
64.0	635.5067136507445	1.6e-05	0.1769348957331509	0.1769384517280376	0.17694419091556313	2.449751771736096e-06
64.0	635.5067136507445	1.6400000000000002e-05	0.1769338232298221	0.17693684762732495	0.17694153437433435	1.9566667122824556e-06
64.0	635.5067136507445	1.68e-05	0.1769328945274422	0.17693543756060282	0.1769392142760049	1.5601430072687222e-06
64.0	635.5067136507445	1.7199999999999998e-05	0.17693208633836122	0.1769342192083619	0.17693715599323845	1.1987227405454295e-06
64.0	635.5067136507445	1.76e-05	0.17693123427250335	0.17693306220220417	0.17693529560625088	9.096288792001817e-07
64.0	635.5067136507445	1.8e-05	0.17693084331383346	0.17693199726036263	0.1769335793007638	6.286464113370862e-07
64.0	635.5067136507445	1.84e-05	0.17693014475653435	0.17693093828552164	0.1769319612834881	4.042726033337023e-07
64.0	635.5067136507445	1.88e-05	0.17692937103733453	0.1769298912837801	0.1769304013217292	2.114226758403027e-07
64.0	635.5067136507445	1.9200000000000003e-05	0.17692858534211187	0.17692885859229604	0.1769290953420688	1.0694677261168903e-07
64.0	635.5067136507445	1.9600000000000002e-05	0.17692716794914265	0.1769278422238377	0.17692852465939968	2.775457512149803e-07
64.0	635.5067136507445	1.9999999999999998e-05	0.1769256738001772	0.17692679295440358	0.17692773310531962	5.018398872276035e-07
64.0	635.5067136507445	2.04e-05	0.17692397552868133	0.17692572271210805	0.17692700684939844	7.734276235052913e-07
64.0	635.5067136507445	2.08e-05	0.1769221384102755	0.17692455548090802	0.17692619114974928	1.0677054037285258e-06
64.0	635.5067136507445	2.12e-05	0.17692011134967345	0.1769232834510958	0.17692531449418514	1.4286488922412687e-06
64.0	635.5067136507445	2.16e-05	0.17691784036504643	0.17692168993915733	0.17692410611623188	1.802065922965817e-06
64.0	635.5067136507445	2.2e-05	0.17691527005001184	0.17691982018010677	0.17692303305994983	2.2891096746721176e-06
64.0	635.5067136507445	2.2400000000000002e-05	0.17691237873727328	0.1769172690257924	0.1769212588038327	2.807065213468002e-06
64.0	635.5067136507445	2.28e-05	0.1769091936417304	0.17691367537777167	0.17691858568968932	3.3356120011142695e-06
64.0	635.5067136507445	2.32e-05	0.1769051667367867	0.1769055308257686	0.17690589000877033	1.6385502863137153e-07
64.0	635.5067136507445	2.36e-05	0.17689199706585867	0.1768973397067019	0.17690258584609797	3.5298094992834396e-06
64.0	635.5067136507445	2.4e-05	0.17688947054150805	0.1768938785747015	0.17689951611539811	2.995173666266386e-06
64.0	635.5067136507445	2.44e-05	0.1768878677050587	0.1768914987006367	0.17689679275844128	2.4842679135743625e-06
64.0	635.5067136507445	2.48e-05	0.17688694144736328	0.17688982762279667	0.17689443914769765	2.019832886382691e-06
64.0	635.5067136507445	2.5200000000000003e-05	0.17688597581629306	0.1768884494971068	0.17689243053384907	1.6762112000568477e-06
64.0	635.5067136507445	2.56e-05	0.17688529418322396	0.17688742184272283	0.17689071018107239	1.354800909755901e-06
64.0	635.5067136507445	2.6e-05	0.17688470396520728	0.17688652837316224	0.17688922111428873	1.0973501656570924e-06
64.0	635.5067136507445	2.64e-05	0.1768842000748716	0.17688576861987879	0.17688791384976454	8.642288876074522e-07
64.0	635.5067136507445	2.68e-05	0.17688367555344797	0.1768850536532825	0.17688674640862612	6.805975636238251e-07
64.0	635.5067136507445	2.72e-05	0.17688344573705717	0.1768844056781576	0.17688568391590653	5.041396829956967e-07
64.0	635.5067136507445	2.76e-05	0.17688302337593242	0.1768837657221394	0.17688469725038836	3.67569933345946e-07
64.0	635.5067136507445	2.8e-05	0.17688256045525996	0.176883138167995	0.17688376148193274	2.522190371752244e-07
64.0	635.5067136507445	2.8400000000000003e-05	0.1768820954082102	0.17688252441073343	0.17688285436310647	1.5219766338517645e-07
64.0	635.5067136507445	2.88e-05	0.17688165425612112	0.17688192487052107	0.17688218667124378	1.0876315785028586e-07
64.0	635.5067136507445	2.92e-05	0.17688081333827554	0.17688131744750535	0.17688173444725575	1.8529277177821685e-07
64.0	635.5067136507445	2.96e-05	0.17687993309865568	0.17688070548072915	0.17688132739559137	3.177436387526352e-07
64.0	635.5067136507445	2.9999999999999997e-05	0.17687898728921958	0.17688005423584277	0.1768808613306545	4.689929607378889e-07
64.0	635.5067136507445	3.04e-05	0.17687794491921682	0.17687935812243363	0.1768803849662266	6.566731294858046e-07
64.0	635.5067136507445	3.0799999999999996e-05	0.17687677013950243	0.1768785088548402	0.1768797329729903	8.492426972992716e-07
64.0	635.5067136507445	3.12e-05	0.1768754254316347	0.17687752587343344	0.17687916568622164	1.0970112262160816e-06
64.0	635.5067136507445	3.16e-05	0.1768738823612681	0.17687620969087783	0.1768782409984242	1.35675667461454e-06
64.0	635.5067136507445	3.2e-05	0.1768721456225224	0.17687438288939597	0.17687687085009784	1.6190118612878845e-06
64.0	635.5067136507445	3.2399999999999995e-05	0.17686997405212246	0.1768703294414867	0.1768706823194739	1.6435616699892188e-07
64.0	635.5067136507445	3.2800000000000004e-05	0.17686344241110064	0.17686622829047732	0.17686904119550562	1.8139063632959453e-06
64.0	635.5067136507445	3.32e-05	0.17686221784524303	0.17686453340435318	0.176867534473379	1.5452530656505475e-06
64.0	635.5067136507445	3.36e-05	0.17686145959610577	0.17686338802188675	0.17686621592427088	1.2920984932065302e-06
64.0	635.5067136507445	3.4e-05	0.1768610334734353	0.17686260334535975	0.17686509823457186	1.0661855708453444e-06
64.0	635.5067136507445	3.4399999999999996e-05	0.17686059862229975	0.1768619690848313	0.17686416195564636	9.024043235358115e-07
64.0	635.5067136507445	3.4800000000000006e-05	0.1768603050075095	0.1768615170168411	0.176863378970622	7.523066503423231e-07
64.0	635.5067136507445	3.52e-05	0.17686005297224394	0.176861139314757	0.1768627216942944	6.337423659754698e-07
64.0	635.5067136507445	3.56e-05	0.17685985191341835	0.176860837380423	0.17686216577971958	5.284968985650254e-07
64.0	635.5067136507445	3.6e-05	0.17685965287576533	0.17686056367567787	0.1768616911598473	4.496473353100231e-07
64.0	635.5067136507445	3.64e-05	0.17685958371659094	0.17686033185593755	0.17686128184243533	3.763173690499614e-07
64.0	635.5067136507445	3.68e-05	0.17685943682600413	0.1768601100825125	0.176860925286344	3.2509030092663794e-07
64.0	635.5067136507445	3.72e-05	0.17685928476088808	0.17685990110479688	0.1768606117234981	2.860313888047948e-07
64.0	635.5067136507445	3.76e-05	0.1768591402349431	0.1768597053691448	0.17686033355735198	2.540276979779808e-07
64.0	635.5067136507445	3.7999999999999995e-05	0.17685901525304182	0.17685952170275906	0.17686008486748683	2.273314947945133e-07
64.0	635.5067136507445	3.8400000000000005e-05	0.17685891143546417	0.1768593549479783	0.17685986101316686	2.0436106266649709e-07
64.0	635.5067136507445	3.88e-05	0.1768588126561932	0.1768591999009072	0.1768596583190174	1.8438876642283683e-07
64.0	635.5067136507445	3.9200000000000004e-05	0.176858733503364	0.17685906275565227	0.17685947382504974	1.662554854930216e-07
64.0	635.5067136507445	3.96e-05	0.17685864431136356	0.1768589399549123	0.1768593050821874	1.4852240902306551e-07
64.0	635.5067136507445	3.9999999999999996e-05	0.17685855615676793	0.17685883040317232	0.17685914996850727	1.3452916356736338e-07
64.0	635.5067136507445	4.0400000000000006e-05	0.17685847830767365	0.17685872735971778	0.17685900649465314	1.2263222570475992e-07
64.0	635.5067136507445	4.08e-05	0.17685841761132526	0.17685863291765982	0.1768588726143543	1.1378114925721716e-07
64.0	635.5067136507445	4.12e-05	0.17685834727662364	0.17685854623977051	0.1768587465329743	1.0670572690814812e-07
64.0	635.5067136507445	4.16e-05	0.17685827951394195	0.17685846908896957	0.17685863312161754	1.0211028352266979e-07
64.0	635.5067136507445	4.2e-05	0.17685822519423766	0.17685842374611663	0.17685856736976557	9.706066546282424e-08
65.0	646.6059855385087	0.0	0.180167527415799	0.18017058128275792	0.1801720736883441	9.999229492277344e-07
65.0	646.6059855385087	4e-07	0.18016554721267486	0.18016868357632784	0.18017024449379893	1.0380330205331356e-06
65.0	646.6059855385087	8e-07	0.1801633678579142	0.1801668053180284	0.18016874215687828	1.1613825259324012e-06
65.0	646.6059855385087	1.2000000000000002e-06	0.18016097597871994	0.1801649506846925	0.18016789266941835	1.3998854558714614e-06
65.0	646.6059855385087	1.6e-06	0.18015833867740927	0.18016299624156026	0.1801663021697939	1.6913119170894767e-06
65.0	646.6059855385087	2e-06	0.1801554057001944	0.18016099176543746	0.1801648664558595	2.105859896035623e-06
65.0	646.6059855385087	2.4000000000000003e-06	0.18015210920493807	0.18015876777150283	0.18016325111177522	2.5965563877629337e-06
65.0	646.6059855385087	2.8000000000000003e-06	0.18014836470529794	0.18015631614997535	0.1801615518452806	3.2298733850076857e-06
65.0	646.6059855385087	3.2e-06	0.18014407133733812	0.1801531995716197	0.18015922321477884	3.910711310318049e-06
65.0	646.6059855385087	3.6e-06	0.18013913199980358	0.18014952809642054	0.18015710612936697	4.8344539234220925e-06
65.0	646.6059855385087	4e-06	0.18013351553421764	0.1801444731112698	0.18015356988139342	5.831701664811029e-06
65.0	646.6059855385087	4.4e-06	0.18012728755905805	0.18013731046757472	0.18014819964079454	6.856905557399245e-06
65.0	646.6059855385087	4.800000000000001e-06	0.18012029260657858	0.18012093058891362	0.1801215101216478	2.894357991462304e-07
65.0	646.6059855385087	5.2e-06	0.1800944294176947	0.1801045557725829	0.18011418629442222	6.945185594250175e-06
65.0	646.6059855385087	5.600000000000001e-06	0.1800892436746615	0.18009756068211308	0.18010804405559	5.876683415695164e-06
65.0	646.6059855385087	6e-06	0.18008591415582664	0.18009271005591154	0.1801025569256014	4.851074427165067e-06
65.0	646.6059855385087	6.4e-06	0.18008396298297846	0.18008926415758583	0.18009777654771408	3.910593737676682e-06
65.0	646.6059855385087	6.8e-06	0.18008191566363863	0.1800863965240455	0.18009365314622716	3.208513238061733e-06
65.0	646.6059855385087	7.2e-06	0.18008043486581204	0.1800842165294504	0.18009008527367332	2.5438015846245296e-06
65.0	646.6059855385087	7.6e-06	0.1800791481256585	0.1800822898711402	0.18008695511591188	2.0091292731653893e-06
65.0	646.6059855385087	8e-06	0.1800780447742829	0.1800806129282846	0.18008416357147006	1.519275349166117e-06
65.0	646.6059855385087	8.4e-06	0.18007685220472514	0.18007901383729782	0.1800816253140578	1.124635967550935e-06
65.0	646.6059855385087	8.8e-06	0.18007629637749112	0.18007753168787413	0.18007926801326146	7.379413789507335e-07
65.0	646.6059855385087	9.2e-06	0.18007531628055418	0.18007605341269087	0.18007702954371574	4.228277494248161e-07
65.0	646.6059855385087	9.600000000000001e-06	0.18007423332091754	0.18007458664459083	0.18007485465185802	1.4299109712794482e-07
65.0	646.6059855385087	9.999999999999999e-06	0.1800726524630587	0.18007313466729577	0.18007341222601703	1.771588516485207e-07
65.0	646.6059855385087	1.04e-05	0.18007045169857072	0.18007170109346196	0.18007276401876027	5.057673598873093e-07
65.0	646.6059855385087	1.08e-05	0.18006815835090606	0.18007020939574836	0.18007166417845344	8.419155568659358e-07
65.0	646.6059855385087	1.1200000000000001e-05	0.1800657127964147	0.18006868024632658	0.18007069024502886	1.2435186025633686e-06
65.0	646.6059855385087	1.16e-05	0.18006304748694646	0.18006699635574197	0.18006954430269495	1.6781286196527323e-06
65.0	646.6059855385087	1.2e-05	0.18006008634499793	0.18006514731290235	0.18006829163887428	2.210496553696875e-06
65.0	646.6059855385087	1.24e-05	0.18005674835222152	0.18006280835561791	0.1800666017675887	2.764180400439623e-06
65.0	646.6059855385087	1.28e-05	0.18005294525895277	0.1800600504328914	0.1800650321095949	3.4900860090882767e-06
65.0	646.6059855385087	1.32e-05	0.1800486522566942	0.1800562621127632	0.18006241492580877	4.265787660468692e-06
65.0	646.6059855385087	1.36e-05	0.18004391593041102	0.18005089838137545	0.18005843478934835	5.059743447856434e-06
65.0	646.6059855385087	1.4e-05	0.18003834863976387	0.1800386555900672	0.1800389621586067	1.3753260036413557e-07
65.0	646.6059855385087	1.44e-05	0.18001850651764872	0.18002637009708586	0.18003399839164835	5.245836466472092e-06
65.0	646.6059855385087	1.48e-05	0.18001467114936354	0.18002114081017476	0.1800293687769292	4.444663358211332e-06
65.0	646.6059855385087	1.52e-05	0.18001221908134202	0.18001752505194224	0.18002524331082448	3.675827462795029e-06
65.0	646.6059855385087	1.56e-05	0.18001078966020945	0.18001496650101478	0.1800216592484798	2.9727397502261916e-06
65.0	646.6059855385087	1.6e-05	0.18000929076804173	0.18001284362548364	0.18001857990882986	2.449200339108973e-06
65.0	646.6059855385087	1.6400000000000002e-05	0.18000821832157587	0.18001123971848737	0.1800159237143859	1.956148728609004e-06
65.0	646.6059855385087	1.68e-05	0.1800072897282936	0.18000982980250405	0.18001360392396037	1.5596775667817725e-06
65.0	646.6059855385087	1.7199999999999998e-05	0.18000648156439425	0.1800086115891774	0.18001154591561797	1.1982741669270347e-06
65.0	646.6059855385087	1.76e-05	0.180005629570692	0.18000745472463725	0.18000968577480236	9.091740618137017e-07
65.0	646.6059855385087	1.8e-05	0.1800052385133002	0.18000638990480608	0.18000796969208643	6.281677107916251e-07
65.0	646.6059855385087	1.84e-05	0.18000453996066668	0.18000533105232844	0.18000635187877023	4.0372033077385406e-07
65.0	646.6059855385087	1.88e-05	0.18000376627081938	0.18000428417639547	0.18000479210670228	2.1063652015636664e-07
65.0	646.6059855385087	1.9200000000000003e-05	0.1800029806841188	0.18000325161396002	0.18000348686305845	1.0580955631974595e-07
65.0	646.6059855385087	1.9600000000000002e-05	0.18000156355025254	0.18000223537386703	0.18000291618191877	2.7723977115775293e-07
65.0	646.6059855385087	1.9999999999999998e-05	0.18000006513034528	0.18000118622900832	0.18000212454720188	5.017014047273632e-07
65.0	646.6059855385087	2.04e-05	0.17999836704569727	0.18000011612477312	0.18000139835382978	7.733374691383821e-07
65.0	646.6059855385087	2.08e-05	0.17999653013072692	0.17999894905670472	0.18000058286587084	1.0676417575133705e-06
65.0	646.6059855385087	2.12e-05	0.17999450330035316	0.17999767718500945	0.1799997061372416	1.4285519658479995e-06
65.0	646.6059855385087	2.16e-05	0.17999223258477137	0.1799960838694248	0.1799984993369197	1.8019227944641969e-06
65.0	646.6059855385087	2.2e-05	0.1799896625939601	0.17999421436207366	0.1799974256935455	2.2889146432143973e-06
65.0	646.6059855385087	2.2400000000000002e-05	0.17998677167312227	0.1799916635617526	0.1799956506998912	2.8068088931346765e-06
65.0	646.6059855385087	2.28e-05	0.17998358953189175	0.17998807042705217	0.1799929778816738	3.3352908623690655e-06
65.0	646.6059855385087	2.32e-05	0.1799795662741115	0.17997992701879986	0.17998028390334841	1.6247485167994442e-07
65.0	646.6059855385087	2.36e-05	0.17996639879906606	0.17997173738327743	0.1799769802864386	3.5289126498047663e-06
65.0	646.6059855385087	2.4e-05	0.17996387259038915	0.1799682768706165	0.1799739110964822	2.994368148147003e-06
65.0	646.6059855385087	2.44e-05	0.17996226996618958	0.17996589743291488	0.17997118824763092	2.483545879272465e-06
65.0	646.6059855385087	2.48e-05	0.17996134376659878	0.1799642266692504	0.179968835098558	2.0191829281337562e-06
65.0	646.6059855385087	2.5200000000000003e-05	0.17996037829789735	0.17996284882090674	0.17996682694042576	1.6756000830995334e-06
65.0	646.6059855385087	2.56e-05	0.17995969672993262	0.17996182137206693	0.17996510695449075	1.354221112655786e-06
65.0	646.6059855385087	2.6e-05	0.17995910664683912	0.17996092806384428	0.17996361821271556	1.0968183327029129e-06
65.0	646.6059855385087	2.64e-05	0.1799586027796929	0.17996016845700083	0.1799623112373805	8.637091192415499e-07
65.0	646.6059855385087	2.68e-05	0.17995807834040978	0.179959453638659	0.1799611440553317	6.800665534813958e-07
65.0	646.6059855385087	2.72e-05	0.17995784840447548	0.17995880579077986	0.17996008179684964	5.035810351195564e-07
65.0	646.6059855385087	2.76e-05	0.17995742604521858	0.179958165962229	0.17995909534561694	3.669510286720102e-07
65.0	646.6059855385087	2.8e-05	0.17995696315277865	0.17995753853858173	0.17995815977628027	2.514712075329241e-07
65.0	646.6059855385087	2.8400000000000003e-05	0.17995649821736137	0.179956924914687	0.17995725284636777	1.5115121513311098e-07
65.0	646.6059855385087	2.88e-05	0.17995605730583897	0.179956325507166	0.1799565857225085	1.0751344707134688e-07
65.0	646.6059855385087	2.92e-05	0.1799552166112175	0.1799557182123915	0.17995613342265315	1.8462922139728928e-07
65.0	646.6059855385087	2.96e-05	0.17995433661945004	0.17995510638723386	0.17995572673220384	3.17367398430637e-07
65.0	646.6059855385087	2.9999999999999997e-05	0.17995339108840458	0.1799544553077962	0.17995526058186417	4.6874163609168195e-07
65.0	646.6059855385087	3.04e-05	0.17995234903463242	0.17995375935384408	0.17995478416449906	6.564424323593775e-07
65.0	646.6059855385087	3.0799999999999996e-05	0.1799511746177398	0.17995291028273663	0.1799541322081204	8.489939092901396e-07
65.0	646.6059855385087	3.12e-05	0.17994983032857537	0.17995192755471912	0.17995356504175142	1.0967360588146887e-06
65.0	646.6059855385087	3.16e-05	0.17994828773946558	0.17995061172512183	0.17995264046026804	1.356436005122994e-06
65.0	646.6059855385087	3.2e-05	0.17994655154139672	0.17994878543362436	0.1799512705706059	1.6186378251617076e-06
65.0	646.6059855385087	3.2399999999999995e-05	0.17994438097249255	0.1799447331082514	0.17994508372695783	1.6298803125326768e-07
65.0	646.6059855385087	3.2800000000000004e-05	0.1799378514733938	0.1799406334193023	0.17994344314536814	1.812969232282879e-06
65.0	646.6059855385087	3.32e-05	0.17993662725660897	0.1799389391373184	0.1799419369579116	1.5444010364239128e-06
65.0	646.6059855385087	3.36e-05	0.17993586923364724	0.17993779417954878	0.17994061890835944	1.2913208640191998e-06
65.0	646.6059855385087	3.4e-05	0.17993544312065168	0.17993700980565133	0.1799395017802281	1.0654710942404417e-06
65.0	646.6059855385087	3.4399999999999996e-05	0.1799350084618716	0.17993637581421812	0.17993856590474167	9.017177966768211e-07
65.0	646.6059855385087	3.4800000000000006e-05	0.17993471489068025	0.1799359239420265	0.17993778327376297	7.516412792822851e-07
65.0	646.6059855385087	3.52e-05	0.17993446302420768	0.17993554638900902	0.17993712630729242	6.331162711254989e-07
65.0	646.6059855385087	3.56e-05	0.17993426195360573	0.17993524458565557	0.179936570663914	5.27877993827824e-07
65.0	646.6059855385087	3.6e-05	0.1799340629962085	0.17993497101254105	0.17993609628159923	4.4901782208757984e-07
65.0	646.6059855385087	3.64e-05	0.1799339936552462	0.1799347392998313	0.17993568717238784	3.75676398538065e-07
65.0	646.6059855385087	3.68e-05	0.17993384673760282	0.17993451763304338	0.17993533079872748	3.244307903585888e-07
65.0	646.6059855385087	3.72e-05	0.17993369475061982	0.1799343087634226	0.17993501739556894	2.8534294617388414e-07
65.0	646.6059855385087	3.76e-05	0.17993355025600177	0.1799341131370087	0.17993473936897608	2.532971771963403e-07
65.0	646.6059855385087	3.7999999999999995e-05	0.17993342541530755	0.17993392957824345	0.17993449080084378	2.265483918472289e-07
65.0	646.6059855385087	3.8400000000000005e-05	0.17993332182437527	0.17993376291710317	0.17993426705254745	2.0352427442966832e-07
65.0	646.6059855385087	3.88e-05	0.17993322306090942	0.17993360797007515	0.17993406445067706	1.8348033016221616e-07
65.0	646.6059855385087	3.9200000000000004e-05	0.17993314425855722	0.17993347092953227	0.17993388003711885	1.6524587177348654e-07
65.0	646.6059855385087	3.96e-05	0.1799330549609568	0.17993334820238083	0.17993371136464642	1.4741029772319296e-07
65.0	646.6059855385087	3.9999999999999996e-05	0.17993296691909855	0.17993323870616812	0.17993355631334573	1.3331184313560882e-07
65.0	646.6059855385087	4.0400000000000006e-05	0.17993288922012685	0.17993313573002756	0.17993341289667875	1.2130136374034595e-07
65.0	646.6059855385087	4.08e-05	0.1799328287852866	0.17993304134340604	0.17993327907409018	1.1235103648461297e-07
65.0	646.6059855385087	4.12e-05	0.1799327585758066	0.17993295472106874	0.17993315306635882	1.0518954783159514e-07
65.0	646.6059855385087	4.16e-05	0.17993269077200313	0.1799328776080193	0.1799330397145047	1.0054659424911217e-07
65.0	646.6059855385087	4.2e-05	0.1799326371456793	0.1799328323833046	0.17993297437481726	9.546430709598638e-08
66.0	657.7052574262729	0.0	0.18327362996679675	0.1832766852811756	0.18327817940700797	1.0006308550128906e-06
66.0	657.7052574262729	4e-07	0.18327164976866595	0.18327478758276503	0.1832763503295265	1.0387149472372633e-06
66.0	657.7052574262729	8e-07	0.1832694704325375	0.183272909348113	0.18327484811993866	1.1619918811327584e-06
66.0	657.7052574262729	1.2000000000000002e-06	0.18326707858684976	0.18327105474776367	0.1832739988146619	1.4003857508486425e-06
66.0	657.7052574262729	1.6e-06	0.18326444133675768	0.18326910035032418	0.1832724084165216	1.6917131731425112e-06
66.0	657.7052574262729	2e-06	0.1832615084328273	0.1832670959438675	0.18327097284792693	2.1061644094353663e-06
66.0	657.7052574262729	2.4000000000000003e-06	0.18325821203895032	0.18326487206418104	0.18326935753408868	2.596808182341048e-06
66.0	657.7052574262729	2.8000000000000003e-06	0.1832544676766954	0.18326242055914965	0.18326765845416215	3.230034497173869e-06
66.0	657.7052574262729	3.2e-06	0.18325017434222168	0.18325930414534716	0.18326532997730016	3.910795215910722e-06
66.0	657.7052574262729	3.6e-06	0.18324523525495895	0.18325563288964905	0.18326321316262817	4.8344564126321025e-06
66.0	657.7052574262729	4e-06	0.18323961910896092	0.1832505782240911	0.18325967723764958	5.831624315226265e-06
66.0	657.7052574262729	4.4e-06	0.18323339152698992	0.18324341605051256	0.18325430749569893	6.856751729723197e-06
66.0	657.7052574262729	4.800000000000001e-06	0.18322639663879947	0.18322703722673692	0.18322761958179168	2.9112392173373907e-07
66.0	657.7052574262729	5.2e-06	0.18320054132941266	0.18321066377559486	0.18322029130480466	6.944450271270417e-06
66.0	657.7052574262729	5.600000000000001e-06	0.1831953558907813	0.18320366925901715	0.18321414955235937	5.876032763861602e-06
66.0	657.7052574262729	6e-06	0.18319202657904476	0.18319881904195726	0.18320866288606208	4.850505520236019e-06
66.0	657.7052574262729	6.4e-06	0.18319007545874832	0.18319537344254155	0.18320388293507062	3.910101406599083e-06
66.0	657.7052574262729	6.8e-06	0.18318802830557512	0.18319250607665	0.18319975986489556	3.208064435747607e-06
66.0	657.7052574262729	7.2e-06	0.18318654757496944	0.18319032628452786	0.18319619234426376	2.5433962162908206e-06
66.0	657.7052574262729	7.6e-06	0.18318526005382463	0.18318839978808846	0.18319306250230305	2.008787482060119e-06
66.0	657.7052574262729	8e-06	0.18318415765162221	0.1831867229959553	0.18319027124272758	1.5189708543220006e-06
66.0	657.7052574262729	8.4e-06	0.18318296517207333	0.18318512405950357	0.18318773324437476	1.1243522535124402e-06
66.0	657.7052574262729	8.8e-06	0.18318240922898088	0.1831836420460477	0.18318537618170083	7.376880825048591e-07
66.0	657.7052574262729	9.2e-06	0.1831814291435263	0.18318216390829145	0.1831831379340665	4.2259575606750905e-07
66.0	657.7052574262729	9.600000000000001e-06	0.1831803462221604	0.18318069728189515	0.18318096325271593	1.427541467490564e-07
66.0	657.7052574262729	9.999999999999999e-06	0.18317876131121658	0.18317924545031541	0.18317952171470964	1.77243847046633e-07
66.0	657.7052574262729	1.04e-05	0.18317656075057442	0.18317781202240738	0.18317887737780048	5.05867042923157e-07
66.0	657.7052574262729	1.08e-05	0.18317426761270728	0.18317632046936133	0.1831777776730803	8.419791615852291e-07
66.0	657.7052574262729	1.1200000000000001e-05	0.18317182228195605	0.1831747914800855	0.18317680296739702	1.2435415194305913e-06
66.0	657.7052574262729	1.16e-05	0.1831691572199201	0.18317310777872292	0.18317565806699054	1.6781282863325366e-06
66.0	657.7052574262729	1.2e-05	0.1831661963609097	0.18317125892544311	0.18317440561111642	2.2104257361610724e-06
66.0	657.7052574262729	1.24e-05	0.18316285870042837	0.1831689202081532	0.183172715931609	2.7640348260834082e-06
66.0	657.7052574262729	1.28e-05	0.18315905598273918	0.18316616259260166	0.18317114658214262	3.489859448175728e-06
66.0	657.7052574262729	1.32e-05	0.1831547634624453	0.1831623747071706	0.1831685297703114	4.2654727055423235e-06
66.0	657.7052574262729	1.36e-05	0.18315002770026556	0.18315701160914713	0.1831645502142507	5.059339119992528e-06
66.0	657.7052574262729	1.4e-05	0.18314446660631667	0.183144770244621	0.18314507455790086	1.365123526182048e-07
66.0	657.7052574262729	1.44e-05	0.18312462713568411	0.18313248650944572	0.18314011144922215	5.244858497302478e-06
66.0	657.7052574262729	1.48e-05	0.1831207922033462	0.1831272579634326	0.18313548248313882	4.443797323428319e-06
66.0	657.7052574262729	1.52e-05	0.18311834042406705	0.18312364273030735	0.18313135762445487	3.6750657168739723e-06
66.0	657.7052574262729	1.56e-05	0.18311691108368056	0.18312108456026432	0.18312777411348957	2.9720720215405882e-06
66.0	657.7052574262729	1.6e-05	0.18311541241584717	0.18311896202151542	0.1831246952918173	2.448587533757968e-06
66.0	657.7052574262729	1.6400000000000002e-05	0.18311434006167193	0.18311735836954368	0.18312203953855377	1.955585006013572e-06
66.0	657.7052574262729	1.68e-05	0.18311341165302153	0.18311594866139047	0.1831197201420851	1.5591788238462005e-06
66.0	657.7052574262729	1.7199999999999998e-05	0.18311260353540515	0.18311473063820274	0.18311766248817474	1.197806044702443e-06
66.0	657.7052574262729	1.76e-05	0.18311175165781535	0.18311357396575317	0.18311580266951832	9.087111042089455e-07
66.0	657.7052574262729	1.8e-05	0.18311136047306764	0.18311250931630507	0.18311408688335185	6.276939862259224e-07
66.0	657.7052574262729	1.84e-05	0.18311066194689118	0.1831114506359206	0.18311246934721392	4.031847958218082e-07
66.0	657.7052574262729	1.88e-05	0.1831098883217086	0.18311040393625613	0.18311090983910017	2.098796493213548e-07
66.0	657.7052574262729	1.9200000000000003e-05	0.18310910288671156	0.18310937155399926	0.18310960532571574	1.0468453017041402e-07
66.0	657.7052574262729	1.9600000000000002e-05	0.1831076861745693	0.18310835549443286	0.18310903467345518	2.769080181707653e-07
66.0	657.7052574262729	1.9999999999999998e-05	0.18310618361891162	0.18310730653005322	0.18310824300173056	5.015181962593144e-07
66.0	657.7052574262729	2.04e-05	0.18310448581718042	0.18310623662304104	0.18310751694065797	7.731854116821517e-07
66.0	657.7052574262729	2.08e-05	0.18310264921382835	0.18310506978513003	0.18310670167972365	1.0674981434001128e-06
66.0	657.7052574262729	2.12e-05	0.18310062273741146	0.1831037981462529	0.18310582495513295	1.4283513259424437e-06
66.0	657.7052574262729	2.16e-05	0.18309835243389028	0.18310220512471484	0.18310462090084378	1.801650022754158e-06
66.0	657.7052574262729	2.2e-05	0.18309578296851559	0.18310033598994468	0.18310354739017232	2.2885602924623203e-06
66.0	657.7052574262729	2.2400000000000002e-05	0.18309289262793715	0.18309778571138205	0.1831017700301798	2.806358179685022e-06
66.0	657.7052574262729	2.28e-05	0.18308971360701243	0.1830941933328599	0.18309909762900922	3.334739330486459e-06
66.0	657.7052574262729	2.32e-05	0.1830856942070458	0.18308605162487823	0.18308640622353778	1.6110956857708187e-07
66.0	657.7052574262729	2.36e-05	0.1830725298810787	0.1830778640308394	0.18308310338008127	3.527779858681602e-06
66.0	657.7052574262729	2.4e-05	0.1830700042310882	0.1830744043764922	0.18308003494490865	2.993362219108679e-06
66.0	657.7052574262729	2.44e-05	0.1830684019609663	0.18307202554455168	0.1830773127966312	2.4826575361812884e-06
66.0	657.7052574262729	2.48e-05	0.18306747583271576	0.1830703552160616	0.1830749602782964	2.018401372645184e-06
66.0	657.7052574262729	2.5200000000000003e-05	0.18306651064840196	0.18306897775066203	0.18307295273658486	1.6748795451628157e-06
66.0	657.7052574262729	2.56e-05	0.18306582917301295	0.18306795058985237	0.18307123324681118	1.353553838693937e-06
66.0	657.7052574262729	2.6e-05	0.18306523932972496	0.18306705751513824	0.18306974494570571	1.0962202271460776e-06
66.0	657.7052574262729	2.64e-05	0.18306473549184954	0.18306629811899175	0.18306843836481157	8.63142515798804e-07
66.0	657.7052574262729	2.68e-05	0.18306421118076344	0.1830655835116084	0.18306727153951208	6.79504181189661e-07
66.0	657.7052574262729	2.72e-05	0.18306398107778943	0.18306493584936068	0.18306620960773845	5.030085234360734e-07
66.0	657.7052574262729	2.76e-05	0.18306355873542834	0.18306429620866393	0.18306522346015797	3.663312063073769e-07
66.0	657.7052574262729	2.8e-05	0.18306309592064096	0.1830636689770882	0.18306428817808484	2.5073271391618823e-07
66.0	657.7052574262729	2.8400000000000003e-05	0.1830626311588821	0.18306305554932217	0.18306338152579293	1.501178161222264e-07
66.0	657.7052574262729	2.88e-05	0.18306219061285312	0.18306245633894658	0.18306271501450855	1.0625618703508678e-07
66.0	657.7052574262729	2.92e-05	0.18306135023178705	0.1830618492392271	0.18306226270404835	1.839413211380119e-07
66.0	657.7052574262729	2.96e-05	0.18306047058547303	0.18306123762536125	0.1830618563282096	3.16950521395464e-07
66.0	657.7052574262729	2.9999999999999997e-05	0.18305952544073367	0.18306058678940898	0.18306139025985768	4.6843809433384787e-07
66.0	657.7052574262729	3.04e-05	0.18305848382521273	0.18305989107571108	0.1830609138843622	6.561372383861571e-07
66.0	657.7052574262729	3.0799999999999996e-05	0.18305730991185065	0.18305904230021816	0.18306026200728276	8.486460787458624e-07
66.0	657.7052574262729	3.12e-05	0.1830559662058091	0.1830580599455068	0.1830596950911998	1.096336129098982e-06
66.0	657.7052574262729	3.16e-05	0.183054424290245	0.18305674462856106	0.18305877072088084	1.3559579626613936e-06
66.0	657.7052574262729	3.2e-05	0.18305268885318604	0.18305491907498553	0.1830574012291315	1.6180730879572998e-06
66.0	657.7052574262729	3.2399999999999995e-05	0.18305051952438856	0.18305086837595447	0.1830512167447509	1.616122939407474e-07
66.0	657.7052574262729	3.2800000000000004e-05	0.1830439932241701	0.18304677069629915	0.18304957692107315	1.8117817942713334e-06
66.0	657.7052574262729	3.32e-05	0.18304276955953913	0.18304507724516414	0.1830480714688978	1.5433317146604567e-06
66.0	657.7052574262729	3.36e-05	0.18304201188199354	0.18304393287073295	0.18304675409681703	1.2903571495650271e-06
66.0	657.7052574262729	3.4e-05	0.183041585783684	0.18304314890797516	0.18304563761773807	1.0646035899324805e-06
66.0	657.7052574262729	3.4399999999999996e-05	0.1830411514267558	0.18304251527851362	0.18304470227010672	9.008976501647091e-07
66.0	657.7052574262729	3.4800000000000006e-05	0.18304085790833913	0.183042063669221	0.1830439200997347	7.508620342150232e-07
66.0	657.7052574262729	3.52e-05	0.1830406063172889	0.18304168631790227	0.1830432635349588	6.323993855205693e-07
66.0	657.7052574262729	3.56e-05	0.1830404052211838	0.18304138469143286	0.18304270824271196	5.271847612076869e-07
66.0	657.7052574262729	3.6e-05	0.1830402063666723	0.1830411112940703	0.18304223416832777	4.483255427051886e-07
66.0	657.7052574262729	3.64e-05	0.18304013677573838	0.1830408797256995	0.18304182532999924	3.749870471202921e-07
66.0	657.7052574262729	3.68e-05	0.1830399898148043	0.18304065820442478	0.18304146919521003	3.2373126644650875e-07
66.0	657.7052574262729	3.72e-05	0.183039837901406	0.1830404494830821	0.1830411560030365	2.846178716619656e-07
66.0	657.7052574262729	3.76e-05	0.1830396935031633	0.18304025400717297	0.18304087816296288	2.5252911182510406e-07
66.0	657.7052574262729	3.7999999999999995e-05	0.18303956889545958	0.18304007059784944	0.18304062975976532	2.2572424705425893e-07
66.0	657.7052574262729	3.8400000000000005e-05	0.18303946564021167	0.18303990406889023	0.1830404061572919	2.0264536733779386e-07
66.0	657.7052574262729	3.88e-05	0.1830393668705783	0.18303974926139222	0.18304020368428997	1.8252653475578514e-07
66.0	657.7052574262729	3.9200000000000004e-05	0.18303928854182594	0.18303961236763466	0.1830400193845545	1.6418288467287258e-07
66.0	657.7052574262729	3.96e-05	0.18303919914174394	0.18303948974962111	0.18303985081262386	1.4623940351739186e-07
66.0	657.7052574262729	3.9999999999999996e-05	0.18303911123782335	0.18303938033575437	0.1830396958504732	1.3203338721688814e-07
66.0	657.7052574262729	4.0400000000000006e-05	0.18303903371575547	0.18303927745457887	0.18303955251445903	1.1990610566778868e-07
66.0	657.7052574262729	4.08e-05	0.18303897359489785	0.18303918314286097	0.18303941877084728	1.1085559281994168e-07
66.0	657.7052574262729	4.12e-05	0.1830389035214539	0.18303909659194567	0.18303929286064236	1.0360911803493623e-07
66.0	657.7052574262729	4.16e-05	0.18303883565709977	0.1830390195167697	0.1830391795952515	9.892251082682641e-08
66.0	657.7052574262729	4.2e-05	0.18303878266052376	0.18303897451045856	0.1830391148135071	9.384340977472872e-08
67.0	668.804529314037	0.0	0.18641579556971166	0.18641885227935456	0.1864203480636233	1.0013064616291887e-06
67.0	668.804529314037	4e-07	0.186413815378474	0.1864169545897755	0.18641851908099483	1.0393637720561782e-06
67.0	668.804529314037	8e-07	0.18641163606799438	0.18641507638169685	0.1864170170300632	1.1625662297656027e-06
67.0	668.804529314037	1.2000000000000002e-06	0.18640924426814554	0.18641322182010286	0.18641616798189808	1.4008495187914505e-06
67.0	668.804529314037	1.6e-06	0.18640660708751344	0.18641126747668346	0.18641457769063852	1.6920750901259347e-06
67.0	668.804529314037	2e-06	0.18640367428195947	0.18640926315128967	0.18641314231581063	2.106426359492405e-06
67.0	668.804529314037	2.4000000000000003e-06	0.18640037802269216	0.18640703940259942	0.18641152701049535	2.597013728242602e-06
67.0	668.804529314037	2.8000000000000003e-06	0.18639663384082983	0.18640458803413718	0.18640982815532414	3.230140342273811e-06
67.0	668.804529314037	3.2e-06	0.18639234071449895	0.18640147181627265	0.18640749981583848	3.910812112624316e-06
67.0	668.804529314037	3.6e-06	0.18638740193940428	0.18639780082554014	0.1864053833528665	4.834381302829712e-06
67.0	668.804529314037	4e-06	0.18638178618779566	0.18639274654719004	0.18640184777439917	5.831453475883662e-06
67.0	668.804529314037	4.4e-06	0.18637555908616754	0.18638558494984717	0.18639647854608388	6.856488116139289e-06
67.0	668.804529314037	4.800000000000001e-06	0.18636856434080595	0.18636920743413718	0.18636979259451003	2.9279506680608867e-07
67.0	668.804529314037	5.2e-06	0.18634271725847196	0.18635283560393134	0.18636246002861157	6.9436107208140705e-06
67.0	668.804529314037	5.600000000000001e-06	0.18633753227103966	0.1863458417747086	0.18635631886999438	5.875294676126431e-06
67.0	668.804529314037	6e-06	0.18633420324716887	0.1863409920524749	0.18635083276732356	4.849865241157303e-06
67.0	668.804529314037	6.4e-06	0.1863322521589641	0.18633754681633202	0.1863460533344412	3.909556633708505e-06
67.0	668.804529314037	6.8e-06	0.1863302052567688	0.1863346797786895	0.1863419307230707	3.2075737067793712e-06
67.0	668.804529314037	7.2e-06	0.18632872459996808	0.18633250023995285	0.1863383636280096	2.5429609038679943e-06
67.0	668.804529314037	7.6e-06	0.1863274362258842	0.18633057395172273	0.18633523417212317	2.008429675874233e-06
67.0	668.804529314037	8e-06	0.18632633490729766	0.1863288973550165	0.18633244326581888	1.5186633399490075e-06
67.0	668.804529314037	8.4e-06	0.1863251425506105	0.18632729861879285	0.18632990559448093	1.1240765231676084e-06
67.0	668.804529314037	8.8e-06	0.1863245864348384	0.18632581678629487	0.18632754883880676	7.374569543768787e-07
67.0	668.804529314037	9.2e-06	0.18632360636283973	0.1863243388342488	0.18632531088423843	4.223986014797147e-07
67.0	668.804529314037	9.600000000000001e-06	0.1863225235158339	0.1863228724004005	0.18632313648826226	1.425705151426886e-07
67.0	668.804529314037	9.999999999999999e-06	0.1863209348289976	0.18632142076788127	0.18632169576312485	1.7729829137872228e-07
67.0	668.804529314037	1.04e-05	0.18631873455807746	0.18631998754215032	0.18632105530621512	5.059134772926544e-07
67.0	668.804529314037	1.08e-05	0.18631644172563888	0.18631849619512977	0.18631995578894678	8.419742650043978e-07
67.0	668.804529314037	1.1200000000000001e-05	0.18631399672695448	0.18631696743219342	0.18631898024156524	1.2434791002340691e-06
67.0	668.804529314037	1.16e-05	0.18631133203695072	0.1863152839983647	0.18631783656206036	1.6780260731757844e-06
67.0	668.804529314037	1.2e-05	0.18630837160598457	0.1863134354211399	0.18631658440488774	2.2102259736383733e-06
67.0	668.804529314037	1.24e-05	0.18630503444808966	0.18631109705831297	0.18631489496346543	2.7637295102076315e-06
67.0	668.804529314037	1.28e-05	0.18630123234489027	0.18630833989309062	0.18631332606316509	3.489437936960018e-06
67.0	668.804529314037	1.32e-05	0.18629694053242396	0.18630455264315912	0.18631070974582986	4.264919780681724e-06
67.0	668.804529314037	1.36e-05	0.1862922055885603	0.1862991904734266	0.1863067309409674	5.058652661219715e-06
67.0	668.804529314037	1.4e-05	0.1862866508552301	0.18628695121773362	0.18628725333367857	1.355225030015271e-07
67.0	668.804529314037	1.44e-05	0.1862668153150313	0.18627466994077668	0.18628229116898787	5.243583097429163e-06
67.0	668.804529314037	1.48e-05	0.18626298109295902	0.18626944243828372	0.18627766312254757	4.442678751942622e-06
67.0	668.804529314037	1.52e-05	0.18626052976908802	0.1862658279474461	0.18627353911724587	3.674094570452436e-06
67.0	668.804529314037	1.56e-05	0.18625910053967942	0.18626327031527212	0.18626995637583033	2.9712394231376204e-06
67.0	668.804529314037	1.6e-05	0.18625760223803045	0.186261148250937	0.18626687824289512	2.4478388955319586e-06
67.0	668.804529314037	1.6400000000000002e-05	0.18625653001720455	0.18625954496247277	0.18626422309940072	1.954915204009281e-06
67.0	668.804529314037	1.68e-05	0.1862556019120447	0.18625813555756582	0.18626190424995226	1.558604375659722e-06
67.0	668.804529314037	1.7199999999999998e-05	0.18625479385000432	0.1862569178124927	0.18625984709210286	1.1972883162191606e-06
67.0	668.804529314037	1.76e-05	0.18625394214860336	0.18625576141912784	0.18625798772944435	9.082198309673564e-07
67.0	668.804529314037	1.8e-05	0.18625355078718098	0.1862546970224471	0.1862562723690795	6.272167851731161e-07
67.0	668.804529314037	1.84e-05	0.18625285230418154	0.1862536386001406	0.18625465523769602	4.026653691572519e-07
67.0	668.804529314037	1.88e-05	0.18625207879653516	0.18625259216562462	0.18625309612218643	2.091542612779655e-07
67.0	668.804529314037	1.9200000000000003e-05	0.18625129360301784	0.18625156005519664	0.1862517923359599	1.0355398319128262e-07
67.0	668.804529314037	1.9600000000000002e-05	0.18624987757436795	0.18625054427052054	0.1862512218666712	2.765262476109394e-07
67.0	668.804529314037	1.9999999999999998e-05	0.18624837109020032	0.18624949558629583	0.1862504302499648	5.012606505907959e-07
67.0	668.804529314037	2.04e-05	0.18624667373408688	0.1862484259818085	0.18624970444806266	7.729341246969753e-07
67.0	668.804529314037	2.08e-05	0.18624483762464905	0.18624725949557386	0.18624888945282425	1.067233740295074e-06
67.0	668.804529314037	2.12e-05	0.186242811709735	0.18624598822057215	0.18624801285479453	1.4279938012680952e-06
67.0	668.804529314037	2.16e-05	0.18624054205725482	0.18624439565862982	0.18624681160917422	1.8011787899567902e-06
67.0	668.804529314037	2.2e-05	0.18623797337605108	0.1862425270979738	0.18624573839676994	2.2879591199576504e-06
67.0	668.804529314037	2.2400000000000002e-05	0.18623508392691512	0.18623997761835928	0.18624395888461454	2.8056033853335817e-06
67.0	668.804529314037	2.28e-05	0.18623190835325332	0.18623638639722134	0.1862412871768031	3.333826753465331e-06
67.0	668.804529314037	2.32e-05	0.18622789321766042	0.18622824729604096	0.18622859964501703	1.59747951452987e-07
67.0	668.804529314037	2.36e-05	0.1862147338026796	0.18622006270647662	0.18622529795600062	3.5262229431849498e-06
67.0	668.804529314037	2.4e-05	0.18621220903743474	0.1862166043173623	0.1862222306345478	2.9919949379880157e-06
67.0	668.804529314037	2.44e-05	0.18621060733014438	0.18621422637933555	0.18621950950990307	2.4814663555071677e-06
67.0	668.804529314037	2.48e-05	0.18620968134039906	0.18621255669034684	0.18621715790583604	2.0173756037982515e-06
67.0	668.804529314037	2.5200000000000003e-05	0.18620871660340566	0.18621117978324128	0.18621515114947051	1.6739533863474934e-06
67.0	668.804529314037	2.56e-05	0.18620803527863838	0.1862101530427079	0.1862134323679996	1.3527210309677515e-06
67.0	668.804529314037	2.6e-05	0.18620744581563553	0.18620926031474194	0.1862119446958168	1.0954967857249916e-06
67.0	668.804529314037	2.64e-05	0.18620694203835342	0.18620850123212168	0.18621063867916465	8.624819984220108e-07
67.0	668.804529314037	2.68e-05	0.18620641792007486	0.18620778693660328	0.18620947236667718	6.788716454812223e-07
67.0	668.804529314037	2.72e-05	0.18620618760732377	0.18620713955276144	0.18620841090797757	5.023927759028968e-07
67.0	668.804529314037	2.76e-05	0.18620576530405852	0.1862065001952399	0.18620742520419853	3.656875163614017e-07
67.0	668.804529314037	2.8e-05	0.18620530259459045	0.18620587325327045	0.18620649034644465	2.4998322364891e-07
67.0	668.804529314037	2.8400000000000003e-05	0.18620483811556277	0.186205260120978	0.18620558410867272	1.4907424781394614e-07
67.0	668.804529314037	2.88e-05	0.18620439807235645	0.18620466120800558	0.18620491846842846	1.0496270194399972e-07
67.0	668.804529314037	2.92e-05	0.18620355814401623	0.18620405440618723	0.1862044662405511	1.8320520384303477e-07
67.0	668.804529314037	2.96e-05	0.1862026789922826	0.1862034431117803	0.18620405995172096	3.1646755712585084e-07
67.0	668.804529314037	2.9999999999999997e-05	0.18620173439729903	0.18620279264249273	0.1862035943291369	4.680572817665894e-07
67.0	668.804529314037	3.04e-05	0.18620069340319656	0.18620209729809475	0.18620311811045998	6.557293184202156e-07
67.0	668.804529314037	3.0799999999999996e-05	0.186199518724659	0.1862012489696113	0.1862024663965407	8.481627280892334e-07
67.0	668.804529314037	3.12e-05	0.18619817732289956	0.18620026716688648	0.1862018998709356	1.0957635176702733e-06
67.0	668.804529314037	3.16e-05	0.18619663636370287	0.18619895259768882	0.18620097587084583	1.3552619637343477e-06
67.0	668.804529314037	3.2e-05	0.1861949020110618	0.1861971281142308	0.18619960699336602	1.6172471233734885e-06
67.0	668.804529314037	3.2399999999999995e-05	0.1861927342668146	0.18619307975955723	0.18619342584339904	1.602111799851598e-07
67.0	668.804529314037	3.2800000000000004e-05	0.1861862126923075	0.18618898492104324	0.1861917870859564	1.8102023782845895e-06
67.0	668.804529314037	3.32e-05	0.18618498986121956	0.18618729263884515	0.18619028265682402	1.5419246538175335e-06
67.0	668.804529314037	3.36e-05	0.18618423268826678	0.1861861490816641	0.18618896621804115	1.2891046636566809e-06
67.0	668.804529314037	3.4e-05	0.18618380664955136	0.18618536568777608	0.18618785055052722	1.0634968283568533e-06
67.0	668.804529314037	3.4399999999999996e-05	0.18618337272079266	0.1861847325510101	0.18618691591849412	8.998706766617812e-07
67.0	668.804529314037	3.4800000000000006e-05	0.18618307927606814	0.18618428129297404	0.18618613436785214	7.499117252986547e-07
67.0	668.804529314037	3.52e-05	0.1861828280831892	0.1861839042134086	0.1861854783401835	6.31547233073978e-07
67.0	668.804529314037	3.56e-05	0.1861826269821254	0.18618360282654256	0.1861849235152233	5.263792782116287e-07
67.0	668.804529314037	3.6e-05	0.18618242825154585	0.1861833296665662	0.18618444984940297	4.475353040018584e-07
67.0	668.804529314037	3.64e-05	0.1861823583905906	0.1861830982962742	0.18618404137005395	3.742144436506381e-07
67.0	668.804529314037	3.68e-05	0.18618221140247826	0.1861828769740701	0.1861836855520167	3.2295758680562887e-07
67.0	668.804529314037	3.72e-05	0.18618205958272327	0.18618266845393777	0.1861833726402562	2.838238356112792e-07
67.0	668.804529314037	3.76e-05	0.18618191534896944	0.18618247318056658	0.1861830950489729	2.5169454153090565e-07
67.0	668.804529314037	3.7999999999999995e-05	0.18618179103621912	0.18618228997156497	0.18618284686673015	2.2483492770028707e-07
67.0	668.804529314037	3.8400000000000005e-05	0.1861816881774665	0.18618212362350062	0.1861826234604198	2.017021434552885e-07
67.0	668.804529314037	3.88e-05	0.1861815894036063	0.1861819690062904	0.18618242116120953	1.815053691967018e-07
67.0	668.804529314037	3.9200000000000004e-05	0.1861815116300951	0.18618183231491356	0.18618223701478698	1.6304174430985356e-07
67.0	668.804529314037	3.96e-05	0.18618142213797118	0.18618170985248517	0.18618206857716135	1.4498257618632392e-07
67.0	668.804529314037	3.9999999999999996e-05	0.18618133440525586	0.18618160055749128	0.18618191373165782	1.306628628175929e-07
67.0	668.804529314037	4.0400000000000006e-05	0.18618125709739175	0.18618149780259238	0.1861817704968658	1.1841411003452815e-07
67.0	668.804529314037	4.08e-05	0.18618119732066862	0.18618140358273944	0.186181636845677	1.0926213077240013e-07
67.0	668.804529314037	4.12e-05	0.1861811273860896	0.18618131710950228	0.18618151104196468	1.0193204949311817e-07
67.0	668.804529314037	4.16e-05	0.1861810594418829	0.18618124006068443	0.18618139792753752	9.720454722950387e-08
67.0	668.804529314037	4.2e-05	0.1861810069865859	0.18618119528782762	0.18618133376193935	9.215055602950404e-08
68.0	679.9038012018012	0.0	0.18960135090017616	0.18960440894741315	0.1896059063497253	1.0019556045437528e-06
68.0	679.9038012018012	4e-07	0.18959937071796684	0.18960251126846825	0.18960407748195607	1.039985285513946e-06
68.0	679.9038012018012	8e-07	0.18959719144101062	0.18960063309272454	0.18960257565179273	1.1631115259278728e-06
68.0	679.9038012018012	1.2000000000000002e-06	0.18959479970078785	0.18959877857944918	0.18960172695309652	1.4012832907871147e-06
68.0	679.9038012018012	1.6e-06	0.18959216260992395	0.18959682430168034	0.1896001367898652	1.6924034586522015e-06
68.0	679.9038012018012	2e-06	0.1895892299305384	0.18959482007394782	0.18959870165999781	2.1066516804538556e-06
68.0	679.9038012018012	2.4000000000000003e-06	0.189585933842511	0.1895925964826716	0.18959708633573147	2.597184902759625e-06
68.0	679.9038012018012	2.8000000000000003e-06	0.18958218988826836	0.18959014527946394	0.18959538774867557	3.230205815796895e-06
68.0	679.9038012018012	3.2e-06	0.1895778970929083	0.18958702929400328	0.18959305954430494	3.910776020614885e-06
68.0	679.9038012018012	3.6e-06	0.18957295869912194	0.18958335861972755	0.1895909435020915	4.8342429042097355e-06
68.0	679.9038012018012	4e-06	0.18956734342625925	0.18957830480287577	0.18958740831004395	5.831203083493491e-06
68.0	679.9038012018012	4.4e-06	0.1895611169044633	0.1895711438999332	0.18958203965959974	6.8561319166007e-06
68.0	679.9038012018012	4.800000000000001e-06	0.18955412236806168	0.1895547679520664	0.18955535595536066	2.9447803324374213e-07
68.0	679.9038012018012	5.2e-06	0.18952828421221124	0.18953839807264364	0.18954801921705577	6.942617981469154e-06
68.0	679.9038012018012	5.600000000000001e-06	0.18952309980032567	0.1895314050672618	0.18954187877627238	5.874428593804874e-06
68.0	679.9038012018012	6e-06	0.18951977114599927	0.1895265559435041	0.1895363933535208	4.84911775050818e-06
68.0	679.9038012018012	6.4e-06	0.18951782009130813	0.18952311114668022	0.18953161454535472	3.908928684598879e-06
68.0	679.9038012018012	6.8e-06	0.18951577352228188	0.18952024450770374	0.1895274924849586	3.2070129932690795e-06
68.0	679.9038012018012	7.2e-06	0.189514292948604	0.18951806527600717	0.18952392590111167	2.5424743407021504e-06
68.0	679.9038012018012	7.6e-06	0.18951300351391165	0.18951613924277327	0.1895207969120447	2.008043565286117e-06
68.0	679.9038012018012	8e-06	0.1895119035721331	0.18951446289003612	0.18951800643662597	1.5183430558867896e-06
68.0	679.9038012018012	8.4e-06	0.1895107113651946	0.18951286440529783	0.1895154691684935	1.1237996505727532e-06
68.0	679.9038012018012	8.8e-06	0.18951015501908053	0.18951138280323615	0.18951311279619443	7.372411656185826e-07
68.0	679.9038012018012	9.2e-06	0.18950917495156183	0.18950990509016444	0.18951087521284915	4.2223079081168324e-07
68.0	679.9038012018012	9.600000000000001e-06	0.18950809189223605	0.1895084389059608	0.18950870118382301	1.4243178356297695e-07
68.0	679.9038012018012	9.999999999999999e-06	0.18950649990957302	0.18950698753322487	0.18950726121394634	1.77319678774244e-07
68.0	679.9038012018012	1.04e-05	0.1895043000224046	0.1895055545733476	0.189506624841405	5.059080192834555e-07
68.0	679.9038012018012	1.08e-05	0.18950200759912228	0.18950406350071092	0.1895055255781255	8.419013399194743e-07
68.0	679.9038012018012	1.1200000000000001e-05	0.18949956304895288	0.18950253503949177	0.18950454896586066	1.243331795853124e-06
68.0	679.9038012018012	1.16e-05	0.18949689886381194	0.18950085196549182	0.1895034068206094	1.6778284956789075e-06
68.0	679.9038012018012	1.2e-05	0.18949393901447564	0.18949900376488066	0.1895021550587348	2.2099081526876833e-06
68.0	679.9038012018012	1.24e-05	0.18949060253842465	0.18949666588105335	0.1895004659173356	2.763275050370985e-06
68.0	679.9038012018012	1.28e-05	0.18948680124185469	0.18949390931982335	0.18949889759276672	3.4888320913292557e-06
68.0	679.9038012018012	1.32e-05	0.1894825103794071	0.18949012291747155	0.18949628191006518	4.264139224889741e-06
68.0	679.9038012018012	1.36e-05	0.1894777765275153	0.1894847619873589	0.18949230405934347	5.0576979828504655e-06
68.0	679.9038012018012	1.4e-05	0.18947222844479494	0.18947252553611035	0.1894728254781084	1.3455847848682239e-07
68.0	679.9038012018012	1.44e-05	0.18945239831016725	0.18946024750438487	0.1894678645597816	5.241953812919446e-06
68.0	679.9038012018012	1.48e-05	0.18944856507191066	0.1894550213749682	0.1894632377211556	4.4412609307381855e-06
68.0	679.9038012018012	1.52e-05	0.1894461143720907	0.18945140786270825	0.18945911483172395	3.672873020865009e-06
68.0	679.9038012018012	1.56e-05	0.1894446853094367	0.18944885093670172	0.18945553309320928	2.9702064036385125e-06
68.0	679.9038012018012	1.6e-05	0.1894431875109328	0.1894467294926003	0.1894524558186248	2.4469227171796302e-06
68.0	679.9038012018012	1.6400000000000002e-05	0.1894421154676209	0.18944512667605248	0.18944980146571577	1.954115859187528e-06
68.0	679.9038012018012	1.68e-05	0.18944118779179675	0.1894437176687024	0.1894474833259263	1.5579386992504126e-06
68.0	679.9038012018012	1.7199999999999998e-05	0.1894403798216837	0.1894425002918314	0.18944542681306942	1.1967069177283553e-06
68.0	679.9038012018012	1.76e-05	0.18943952834888567	0.18944134426869721	0.18944356804560947	9.0768492253382e-07
68.0	679.9038012018012	1.8e-05	0.18943913678642677	0.1894402802108903	0.18944185324401364	6.267189865629092e-07
68.0	679.9038012018012	1.84e-05	0.18943843837465213	0.18943922213544853	0.18944023664724696	4.021428734260898e-07
68.0	679.9038012018012	1.88e-05	0.18943766501019255	0.18943817605736413	0.18943867805401382	2.0843654858316967e-07
68.0	679.9038012018012	1.9200000000000003e-05	0.1894368801569435	0.18943714431213632	0.18943737501847124	1.0239616152866665e-07
68.0	679.9038012018012	1.9600000000000002e-05	0.18943546495929642	0.189436128897031	0.1894368049934556	2.76096696872688e-07
68.0	679.9038012018012	1.9999999999999998e-05	0.18943395467392055	0.18943508059303793	0.18943601352249306	5.009345264536964e-07
68.0	679.9038012018012	2.04e-05	0.18943225792353857	0.18943401139894517	0.18943528807508603	7.725923181444826e-07
68.0	679.9038012018012	2.08e-05	0.18943042248523767	0.189432845391849	0.18943447337505503	1.0668656169911589e-06
68.0	679.9038012018012	2.12e-05	0.18942839733136196	0.189431574617385	0.18943359702437235	1.4275056262411312e-06
68.0	679.9038012018012	2.16e-05	0.1894261285575416	0.1894299826794809	0.18943239870245865	1.8005419506462816e-06
68.0	679.9038012018012	2.2e-05	0.18942356087905043	0.1894281148879707	0.18943132593797696	2.2871496147401953e-06
68.0	679.9038012018012	2.2400000000000002e-05	0.18942067262172557	0.18942556646820297	0.1894295444286236	2.804588033330763e-06
68.0	679.9038012018012	2.28e-05	0.18941749947323583	0.18942197677757533	0.1894268740566556	3.332602240822385e-06
68.0	679.9038012018012	2.32e-05	0.18941349041301425	0.18941384111233	0.1894141911944036	1.583851593329226e-07
68.0	679.9038012018012	2.36e-05	0.18940033762704012	0.18940566048137852	0.18941089101986108	3.524228813017607e-06
68.0	679.9038012018012	2.4e-05	0.1893978140709125	0.18940220375518813	0.189407825152208	2.99025308441152e-06
68.0	679.9038012018012	2.44e-05	0.18939621311361776	0.18939982698936073	0.18940510535770372	2.4799587825088493e-06
68.0	679.9038012018012	2.48e-05	0.18939528732866684	0.18939815813184002	0.189402754936844	2.016092734683621e-06
68.0	679.9038012018012	2.5200000000000003e-05	0.1893943231866979	0.18939678194324855	0.18940074916110827	1.672811923551116e-06
68.0	679.9038012018012	2.56e-05	0.18939364205171394	0.18939575573717668	0.1893990312900966	1.3517183659980087e-06
68.0	679.9038012018012	2.6e-05	0.18939305310513177	0.18939486345201673	0.18939754442429724	1.0946480419333335e-06
68.0	679.9038012018012	2.64e-05	0.18939254943076111	0.18939410477292407	0.1893962391300441	8.617267352825725e-07
68.0	679.9038012018012	2.68e-05	0.18939202554605394	0.1893933908795543	0.1893950734739276	6.781654914532005e-07
68.0	679.9038012018012	2.72e-05	0.18939179502206738	0.18939274385829966	0.18939401262122857	5.017250434460357e-07
68.0	679.9038012018012	2.76e-05	0.18939137279675755	0.18939210486947622	0.18939302748693088	3.650071973727823e-07
68.0	679.9038012018012	2.8e-05	0.189390910258334	0.1893914783035538	0.18939209317486672	2.4920724770579863e-07
68.0	679.9038012018012	2.8400000000000003e-05	0.1893904461395488	0.18939086555383744	0.18939118747135897	1.4800403058792124e-07
68.0	679.9038012018012	2.88e-05	0.18939000658473049	0.18939026702565168	0.18939052296352088	1.0362581706518701e-07
68.0	679.9038012018012	2.92e-05	0.18938916722896515	0.18938966061270954	0.18939007090805582	1.824284782455672e-07
68.0	679.9038012018012	2.96e-05	0.18938828869893953	0.1893890497349315	0.18938966445575467	3.1593474077554044e-07
68.0	679.9038012018012	2.9999999999999997e-05	0.18938734479155261	0.18938839974494143	0.18938919962483247	4.6762639563631107e-07
68.0	679.9038012018012	3.04e-05	0.1893863045716886	0.18938770488402407	0.1893887236730052	6.552543541922861e-07
68.0	679.9038012018012	3.0799999999999996e-05	0.18938512595870804	0.18938685713333275	0.1893880721913277	8.475910352860466e-07
68.0	679.9038012018012	3.12e-05	0.18938379040303666	0.1893858760304168	0.1893875061821655	1.0950748445420358e-06
68.0	679.9038012018012	3.16e-05	0.18938225063164715	0.18938456239616255	0.18938658269074438	1.3544131719926933e-06
68.0	679.9038012018012	3.2e-05	0.1893805176284955	0.18938273924237595	0.1893852146069248	1.6162298664694077e-06
68.0	679.9038012018012	3.2399999999999995e-05	0.189378351793275	0.18937869379927763	0.18937903754470398	1.5878640504438955e-07
68.0	679.9038012018012	3.2800000000000004e-05	0.18937183622844245	0.1893746025146985	0.1893774001112627	1.8082752905597031e-06
68.0	679.9038012018012	3.32e-05	0.18937061446034686	0.18937291169506085	0.18937589694685641	1.54021226211383e-06
68.0	679.9038012018012	3.36e-05	0.18936985791507777	0.18937176915474122	0.18937458165677423	1.2875884829156808e-06
68.0	679.9038012018012	3.4e-05	0.18936943196564027	0.1893709864596805	0.18937346689575918	1.0621703898625601e-06
68.0	679.9038012018012	3.4399999999999996e-05	0.18936899856128875	0.18937035391769355	0.1893725331328584	8.98656748850839e-07
68.0	679.9038012018012	3.4800000000000006e-05	0.18936870519587679	0.18936990307654844	0.18937175233086023	7.48807885106063e-07
68.0	679.9038012018012	3.52e-05	0.18936845448584094	0.18936952631599774	0.18937109694868592	6.305777601513497e-07
68.0	679.9038012018012	3.56e-05	0.189368253395525	0.18936922521284585	0.18937054268271325	5.25477713492174e-07
68.0	679.9038012018012	3.6e-05	0.18936805479271346	0.18936895233456494	0.18937006950373547	4.466622611389365e-07
68.0	679.9038012018012	3.64e-05	0.18936798464748872	0.18936872120095502	0.18936966145086753	3.733725529836906e-07
68.0	679.9038012018012	3.68e-05	0.18936783764372933	0.1893685001174063	0.18936930600839208	3.22122746684631e-07
68.0	679.9038012018012	3.72e-05	0.1893676859643172	0.1893682918388095	0.18936899342875524	2.8297277297794453e-07
68.0	679.9038012018012	3.76e-05	0.18936754192538174	0.18936809680897207	0.1893687161320612	2.508038113092081e-07
68.0	679.9038012018012	3.7999999999999995e-05	0.18936741793882117	0.18936791384199314	0.1893684682115122	2.2388792781160622e-07
68.0	679.9038012018012	3.8400000000000005e-05	0.1893673155186617	0.18936774771452355	0.18936824503759464	2.0070051846506144e-07
68.0	679.9038012018012	3.88e-05	0.18936721675020785	0.1893675933294601	0.18936804294417797	1.804223170930688e-07
68.0	679.9038012018012	3.9200000000000004e-05	0.18936713958015616	0.18936745688855344	0.18936785897884967	1.61826936671724e-07
68.0	679.9038012018012	3.96e-05	0.18936705001931564	0.18936733461984884	0.18936769069881	1.4364399296405233e-07
68.0	679.9038012018012	3.9999999999999996e-05	0.1893669624823655	0.18936722547469284	0.18936753598814082	1.292033724768187e-07
68.0	679.9038012018012	4.0400000000000006e-05	0.18936688541104374	0.189367122873851	0.18936739286683224	1.1682631379503579e-07
68.0	679.9038012018012	4.08e-05	0.18936682602019772	0.18936702876791206	0.18936725931387244	1.0756496064985224e-07
68.0	679.9038012018012	4.12e-05	0.18936675623933485	0.18936694238745574	0.18936713361830115	1.0014558681088847e-07
68.0	679.9038012018012	4.16e-05	0.18936668820678548	0.18936686536549524	0.18936702076980705	9.537397312182811e-08
68.0	679.9038012018012	4.2e-05	0.1893666362695905	0.18936682080685385	0.18936695719380126	9.034901557929954e-08
69.0	691.0030730895654	0.0	0.19283919890625523	0.19284225823427556	0.19284375723860858	1.0025949613526513e-06
69.0	691.0030730895654	4e-07	0.19283721873431592	0.1928403605670464	0.19284192862017058	1.0405962460168811e-06
69.0	691.0030730895654	8e-07	0.1928350394954501	0.192838482427303	0.19284042703713133	1.163644604895091e-06
69.0	691.0030730895654	1.2000000000000002e-06	0.1928326478227964	0.1928366279685347	0.19283957872627777	1.4017033713645038e-06
69.0	691.0030730895654	1.6e-06	0.19283001083327456	0.1928346737655874	0.19283798872028157	1.6927154253707131e-06
69.0	691.0030730895654	2e-06	0.1928270782957071	0.19283266965131476	0.19283655386170917	2.1068607495908067e-06
69.0	691.0030730895654	2.4000000000000003e-06	0.19282378239931663	0.19283044624513657	0.19283493846964905	2.5973509369068384e-06
69.0	691.0030730895654	2.8000000000000003e-06	0.19282003869879372	0.19282799523463107	0.19283324020454806	3.230269657192709e-06
69.0	691.0030730895654	3.2e-06	0.19281574620344522	0.19282487950938973	0.19283091212236858	3.910736041660095e-06
69.0	691.0030730895654	3.6e-06	0.19281080823563723	0.1928212091852865	0.19282879656181873	4.834099289444252e-06
69.0	691.0030730895654	4e-06	0.19280519349703784	0.192816155869794	0.19282526178796822	5.830938716797702e-06
69.0	691.0030730895654	4.4e-06	0.19279896762225768	0.19280899572303092	0.19281989373551411	6.855753908504584e-06
69.0	691.0030730895654	4.800000000000001e-06	0.19279197330584807	0.1927926214724304	0.19279321237688674	2.961863637661514e-07
69.0	691.0030730895654	5.2e-06	0.19276614476964227	0.1927762538053538	0.19278587151140414	6.941485068822633e-06
69.0	691.0030730895654	5.600000000000001e-06	0.19276096103885898	0.19276926173064335	0.19277973186885955	5.87343978126462e-06
69.0	691.0030730895654	6e-06	0.19275763280335134	0.19276441328322652	0.19277424720295322	4.848263379212106e-06
69.0	691.0030730895654	6.4e-06	0.19275568176830848	0.19276096897620743	0.19276946909076287	3.908215472793438e-06
69.0	691.0030730895654	6.8e-06	0.19275363559663905	0.19275810277841746	0.19276534761198683	3.2063821852353964e-06
69.0	691.0030730895654	7.2e-06	0.19275215508728394	0.19275592388041415	0.1927617816003382	2.541938120232444e-06
69.0	691.0030730895654	7.6e-06	0.19275086437230637	0.19275399812218086	0.1927586531343719	2.0076334200566946e-06
69.0	691.0030730895654	8e-06	0.19274976611121009	0.19275232203978834	0.19275586314279813	1.5180118491706088e-06
69.0	691.0030730895654	8.4e-06	0.19274857405183976	0.1927507238378713	0.19275332632884634	1.123519572616688e-06
69.0	691.0030730895654	8.8e-06	0.19274801745486148	0.19274924249800532	0.1927509703901844	7.370321540185362e-07
69.0	691.0030730895654	9.2e-06	0.1927470373958835	0.1927477650583324	0.19274873322879493	4.2207784307997213e-07
69.0	691.0030730895654	9.600000000000001e-06	0.19274595233574665	0.19274629916082608	0.1927465596190867	1.423158269345436e-07
69.0	691.0030730895654	9.999999999999999e-06	0.19274435881985674	0.19274484808745493	0.1927451203680235	1.773207626954919e-07
69.0	691.0030730895654	1.04e-05	0.1927421593764942	0.19274341543524737	0.19274448835002556	5.058725043202445e-07
69.0	691.0030730895654	1.08e-05	0.19273986742795124	0.19274192468335802	0.19274338940247482	8.417890086375822e-07
69.0	691.0030730895654	1.1200000000000001e-05	0.1927374233991026	0.1927403965777349	0.19274241148600701	1.2431378743875097e-06
69.0	691.0030730895654	1.16e-05	0.19273475980094723	0.19273871393302225	0.19274127114474826	1.6775888512891306e-06
69.0	691.0030730895654	1.2e-05	0.19273180062725093	0.19273686618034863	0.19274001986496803	2.209540689264931e-06
69.0	691.0030730895654	1.24e-05	0.19272846494197982	0.19273452885815368	0.19273833105276417	2.762758102886336e-06
69.0	691.0030730895654	1.28e-05	0.19272466454435389	0.19273177299690805	0.19273676340297374	3.488147103634667e-06
69.0	691.0030730895654	1.32e-05	0.19272037478120563	0.19272798756551188	0.19273414844837244	4.263253912519498e-06
69.0	691.0030730895654	1.36e-05	0.19271564219156456	0.19272262805291232	0.19273017166574657	5.0566121812659565e-06
69.0	691.0030730895654	1.4e-05	0.19271010104152442	0.19271039480394944	0.19271069256379825	1.33620893430631e-07
69.0	691.0030730895654	1.44e-05	0.19269027732121025	0.19269812055347207	0.19270573308182737	5.240064285557535e-06
69.0	691.0030730895654	1.48e-05	0.1926864452525301	0.19269289602280373	0.19270110763424864	4.439616369631528e-06
69.0	691.0030730895654	1.52e-05	0.19268399527764757	0.1926892836480398	0.1926969860289489	3.671457164804285e-06
69.0	691.0030730895654	1.56e-05	0.19268256639810843	0.19268672753496405	0.19269340544346658	2.9690160205564074e-06
69.0	691.0030730895654	1.6e-05	0.19268106919515215	0.19268460679857405	0.19269032913138506	2.4458767450569706e-06
69.0	691.0030730895654	1.6400000000000002e-05	0.19267999733236962	0.19268300451412443	0.1926876756853817	1.9532174235278968e-06
69.0	691.0030730895654	1.68e-05	0.1926790701797687	0.19268159595207768	0.1926853583589434	1.5572087396434184e-06
69.0	691.0030730895654	1.7199999999999998e-05	0.1926782623196086	0.19268037899322601	0.19268330258513622	1.1960820572367988e-06
69.0	691.0030730895654	1.76e-05	0.1926774110871845	0.19267922339350654	0.192681444500014	9.071202235473675e-07
69.0	691.0030730895654	1.8e-05	0.19267701931328318	0.1926781597259386	0.19267973033980645	6.262064985163007e-07
69.0	691.0030730895654	1.84e-05	0.19267632099162668	0.1926771020514028	0.19267811435787152	4.016160984252728e-07
69.0	691.0030730895654	1.88e-05	0.19267554782887597	0.1926760563863362	0.19267655636666436	2.0771828149829383e-07
69.0	691.0030730895654	1.9200000000000003e-05	0.19267476336070466	0.19267502506532988	0.1926752540888188	1.0120638459987733e-07
69.0	691.0030730895654	1.9600000000000002e-05	0.19267334900598154	0.19267401008095575	0.19267468474538063	2.756362897436017e-07
69.0	691.0030730895654	1.9999999999999998e-05	0.19267183493587314	0.19267296222260938	0.19267389348938924	5.005675993869811e-07
69.0	691.0030730895654	2.04e-05	0.19267013888893825	0.19267189351137812	0.19267316845323545	7.722001527720739e-07
69.0	691.0030730895654	2.08e-05	0.19266830422915504	0.19267072807212926	0.19267235406214045	1.0664495541808884e-06
69.0	691.0030730895654	2.12e-05	0.1926662799564527	0.1926694578875467	0.1926714780457237	1.4269565740809707e-06
69.0	691.0030730895654	2.16e-05	0.19266401219775808	0.19266786667775615	0.1926702827613438	1.7998272723313863e-06
69.0	691.0030730895654	2.2e-05	0.19266144564610688	0.19266599977420365	0.19266921054539843	2.2862391618346865e-06
69.0	691.0030730895654	2.2400000000000002e-05	0.19265855876588223	0.19266345256839087	0.19266742709000706	2.803440867773356e-06
69.0	691.0030730895654	2.28e-05	0.19265538718104303	0.19265986462614998	0.19266476049326187	3.33121314939929e-06
69.0	691.0030730895654	2.32e-05	0.19265138568935036	0.1926517328867244	0.19265208064085648	1.5701737524022349e-07
69.0	691.0030730895654	2.36e-05	0.19263824065019364	0.19264355684370416	0.19264878220427306	3.5219294671170125e-06
69.0	691.0030730895654	2.4e-05	0.19263571850886319	0.19264010204604728	0.19264571800418118	2.988244981862745e-06
69.0	691.0030730895654	2.44e-05	0.1926341184126077	0.1926377266362988	0.1926429997344794	2.4782237363776687e-06
69.0	691.0030730895654	2.48e-05	0.19263319286933012	0.19263605873430847	0.1926406506689542	2.014623250819376e-06
69.0	691.0030730895654	2.5200000000000003e-05	0.19263222941098768	0.19263468336392756	0.19263864603388647	1.671515128507101e-06
69.0	691.0030730895654	2.56e-05	0.19263154847908037	0.1926336577604956	0.1926369292050385	1.3505930867369595e-06
69.0	691.0030730895654	2.6e-05	0.19263096012013303	0.19263276597017046	0.1926354432608699	1.0937139852522212e-06
69.0	691.0030730895654	2.64e-05	0.19263045657361566	0.19263200774686765	0.19263413879141833	8.60908460994257e-07
69.0	691.0030730895654	2.68e-05	0.19262993293541353	0.19263129430971315	0.1926329738844501	6.774114465872625e-07
69.0	691.0030730895654	2.72e-05	0.19262970219461284	0.19263064770128924	0.1926319137236998	5.010264539790303e-07
69.0	691.0030730895654	2.76e-05	0.1926292800680578	0.19263000913433606	0.19263092924041114	3.6430699507781434e-07
69.0	691.0030730895654	2.8e-05	0.1926288177526283	0.19262938300036667	0.19262999555327553	2.484165618158066e-07
69.0	691.0030730895654	2.8400000000000003e-05	0.1926283540354108	0.19262877069177495	0.19262909046294574	1.4691197816265948e-07
69.0	691.0030730895654	2.88e-05	0.1926279149723733	0.1926281726093979	0.19262842723553142	1.0224311633125855e-07
69.0	691.0030730895654	2.92e-05	0.1926270762718847	0.19262756664832037	0.19262797541321763	1.8161451965254595e-07
69.0	691.0030730895654	2.96e-05	0.19262619845239737	0.19262695625525744	0.19262756859901753	3.1536175866852685e-07
69.0	691.0030730895654	2.9999999999999997e-05	0.19262525533001096	0.19262630682690893	0.19262710484178402	4.671610679211576e-07
69.0	691.0030730895654	3.04e-05	0.19262421599348212	0.19262561252961474	0.1926266292217278	6.547331954532135e-07
69.0	691.0030730895654	3.0799999999999996e-05	0.19262303339940345	0.19262476544830287	0.19262597802932202	8.469577668153376e-07
69.0	691.0030730895654	3.12e-05	0.19262170181003224	0.19262378514952888	0.192625412597363	1.0943045796938807e-06
69.0	691.0030730895654	3.16e-05	0.19262016559314343	0.19262247258646875	0.1926244897155307	1.3534590656721858e-06
69.0	691.0030730895654	3.2e-05	0.19261843413702273	0.19262065095108766	0.1926231225566033	1.6150826171632859e-06
69.0	691.0030730895654	3.2399999999999995e-05	0.19261627051169583	0.19261660883590057	0.19261695009303814	1.5732660511130057e-07
69.0	691.0030730895654	3.2800000000000004e-05	0.192609761887784	0.1926125216536327	0.19261531417087419	1.8060706542255067e-06
69.0	691.0030730895654	3.32e-05	0.19260854134827277	0.19261083252442548	0.19261381244988574	1.538258282124723e-06
69.0	691.0030730895654	3.36e-05	0.19260778551992175	0.1926096911558076	0.19261249847056838	1.2858660137050201e-06
69.0	691.0030730895654	3.4e-05	0.19260735971298804	0.19260890926428148	0.19261138486514984	1.0606713780646098e-06
69.0	691.0030730895654	3.4399999999999996e-05	0.19260692689497638	0.19260827740128242	0.19261045210061578	8.97294788018819e-07
69.0	691.0030730895654	3.4800000000000006e-05	0.1926066336241119	0.19260782703316467	0.1926096721575572	7.475811694200648e-07
69.0	691.0030730895654	3.52e-05	0.19260638344130143	0.1926074506312504	0.19260901751538917	6.29515511585375e-07
69.0	691.0030730895654	3.56e-05	0.19260618239085403	0.19260714985138727	0.1926084638901724	5.244990619411187e-07
69.0	691.0030730895654	3.6e-05	0.19260598392283423	0.192606877294933	0.1926079912697194	4.457221407704621e-07
69.0	691.0030730895654	3.64e-05	0.19260591349517053	0.19260664643216835	0.19260758370713038	3.724768513523764e-07
69.0	691.0030730895654	3.68e-05	0.19260576649385008	0.19260642562389013	0.19260722869789504	3.2124200062976443e-07
69.0	691.0030730895654	3.72e-05	0.1926056149896187	0.19260621762633304	0.1926069165033324	2.8207876254166704e-07
69.0	691.0030730895654	3.76e-05	0.19260547117975602	0.19260602288236295	0.19260663955052415	2.4986861772638963e-07
69.0	691.0030730895654	3.7999999999999995e-05	0.1926053475763796	0.19260584020131136	0.19260639193812157	2.2289293281006208e-07
69.0	691.0030730895654	3.8400000000000005e-05	0.19260524564301917	0.19260567433604112	0.19260616904079164	1.9965060522280748e-07
69.0	691.0030730895654	3.88e-05	0.1926051468926051	0.19260552022748578	0.1926059671954894	1.7928877653741852e-07
69.0	691.0030730895654	3.9200000000000004e-05	0.19260507036429875	0.19260538409013409	0.19260578345188684	1.6055027189670828e-07
69.0	691.0030730895654	3.96e-05	0.19260498075766552	0.19260526205971856	0.19260561536833354	1.4223515394781274e-07
69.0	691.0030730895654	3.9999999999999996e-05	0.19260489345815834	0.19260515310879828	0.19260546082932795	1.276632856682805e-07
69.0	691.0030730895654	4.0400000000000006e-05	0.1926048166733576	0.1926050507072134	0.19260531785555024	1.1514655702773891e-07
69.0	691.0030730895654	4.08e-05	0.19260475769180818	0.19260495676316475	0.19260518443112584	1.057618061413955e-07
69.0	691.0030730895654	4.12e-05	0.1926046881185295	0.19260487052175854	0.192605058870309	9.823993681409307e-08
69.0	691.0030730895654	4.16e-05	0.19260462008088286	0.19260479358093532	0.1926049464132582	9.340929058256243e-08
69.0	691.0030730895654	4.2e-05	0.1926045687319906	0.19260474921774529	0.19260488337784132	8.840192221924566e-08
70.0	702.1023449773296	0.0	0.19613853525900815	0.1961415957798804	0.19614309637611704	1.0032294672082162e-06
70.0	702.1023449773296	4e-07	0.1961365550982208	0.19613969812604148	0.19614126813930088	1.0412018094494763e-06
70.0	702.1023449773296	8e-07	0.19613437590066685	0.196137820027714	0.19613976682129675	1.1641714571930525e-06
70.0	702.1023449773296	1.2000000000000002e-06	0.1961319843011129	0.19613596563268687	0.19613891892717827	1.4021179907873967e-06
70.0	702.1023449773296	1.6e-06	0.19612934742085475	0.19613401151591034	0.19613732911271953	1.6930206537057472e-06
70.0	702.1023449773296	2e-06	0.19612641503561434	0.19613200753224483	0.19613589454231573	2.1070644075354107e-06
70.0	702.1023449773296	2.4000000000000003e-06	0.19612311934431403	0.19612978434041303	0.1961342790664169	2.5975256505525892e-06
70.0	702.1023449773296	2.8000000000000003e-06	0.19611937591453188	0.19612733354686301	0.19613258116914256	3.2303449234344494e-06
70.0	702.1023449773296	3.2e-06	0.1961150835335621	0.19612421810544478	0.19613025321017385	3.910706845903847e-06
70.0	702.1023449773296	3.6e-06	0.19611014603197852	0.1961205481572835	0.19612813816948726	4.83396520090136e-06
70.0	702.1023449773296	4e-06	0.19610453187875443	0.19611549537402773	0.1961246038502642	5.830678435074373e-06
70.0	702.1023449773296	4.4e-06	0.19609830671425232	0.19610833602894462	0.19611923642177143	6.8553740437522606e-06
70.0	702.1023449773296	4.800000000000001e-06	0.19609131260194435	0.19609196357750208	0.19609255745913678	2.9793565926134403e-07
70.0	702.1023449773296	5.2e-06	0.19606549450136157	0.19607559836145494	0.19608521245662747	6.9402144099967385e-06
70.0	702.1023449773296	5.600000000000001e-06	0.1960603115352395	0.19606860731863546	0.19607907367715693	5.872329280819089e-06
70.0	702.1023449773296	6e-06	0.19605698375282543	0.19606375961889405	0.19607358983198342	4.847303615317115e-06
70.0	702.1023449773296	6.4e-06	0.19605503274251923	0.19606031584893716	0.19606881247624663	3.9074160077774765e-06
70.0	702.1023449773296	6.8e-06	0.19605298700941987	0.19605745012976983	0.19606469156820783	3.2056801380184465e-06
70.0	702.1023449773296	7.2e-06	0.1960515065524966	0.19605527158816335	0.19606112618690386	2.541348710840639e-06
70.0	702.1023449773296	7.6e-06	0.19605021440952441	0.1960533461172371	0.19605799829665038	2.0071971615726157e-06
70.0	702.1023449773296	8e-06	0.19604911801927738	0.1960516703249674	0.19605520883741256	1.5176672132701604e-06
70.0	702.1023449773296	8.4e-06	0.19604792609939103	0.19605007242972533	0.1960526725234315	1.1232344474945669e-06
70.0	702.1023449773296	8.8e-06	0.19604736923798782	0.19604859137532712	0.19605031706282983	7.368307304320676e-07
70.0	702.1023449773296	9.2e-06	0.19604638919121964	0.19604711423648424	0.1960480803677136	4.2194168429810583e-07
70.0	702.1023449773296	9.600000000000001e-06	0.19604530213036142	0.19604564865727125	0.19604590722274828	1.4222471220399714e-07
70.0	702.1023449773296	9.999999999999999e-06	0.1960437070051677	0.19604419791896738	0.1960444694005652	1.773028649196796e-07
70.0	702.1023449773296	1.04e-05	0.19604150805833775	0.19604276561401032	0.19604384129641517	5.058117872233721e-07
70.0	702.1023449773296	1.08e-05	0.19603921664185986	0.19604127522531123	0.19604274272174838	8.416438733595626e-07
70.0	702.1023449773296	1.1200000000000001e-05	0.1960367731976831	0.19603974752379896	0.19604176336010593	1.2429047606144027e-06
70.0	702.1023449773296	1.16e-05	0.1960341102576777	0.19603806537255766	0.1960406250192941	1.6773167295610139e-06
70.0	702.1023449773296	1.2e-05	0.19603115184085862	0.19603621812985284	0.1960393742885742	2.209132459946261e-06
70.0	702.1023449773296	1.24e-05	0.1960278170404406	0.19603388144130612	0.19603768584868586	2.762188144872652e-06
70.0	702.1023449773296	1.28e-05	0.19602401760830457	0.19603112636364173	0.19603611893329642	3.4873929100809185e-06
70.0	702.1023449773296	1.32e-05	0.19601972908302212	0.19602734201493696	0.196033504799205	4.262279023276704e-06
70.0	702.1023449773296	1.36e-05	0.19601499791558208	0.19602198407917149	0.19602952919953065	5.055415671665454e-06
70.0	702.1023449773296	1.4e-05	0.19600946411128284	0.19600975439400495	0.19601004989436088	1.326931626295372e-07
70.0	702.1023449773296	1.44e-05	0.19598964766478044	0.19599748442052786	0.19600509201919802	5.2379261236248345e-06
70.0	702.1023449773296	1.48e-05	0.19598581692514383	0.19599226169955222	0.1960004681291343	4.437757219858793e-06
70.0	702.1023449773296	1.52e-05	0.19598336776062197	0.19598865060933424	0.19599634796271204	3.6698600316014457e-06
70.0	702.1023449773296	1.56e-05	0.19598193911113349	0.19598609541146467	0.19599276866996718	2.9676776616234287e-06
70.0	702.1023449773296	1.6e-05	0.19598044257169178	0.195983975466884	0.19598969348096773	2.4447078561544664e-06
70.0	702.1023449773296	1.6400000000000002e-05	0.19597937090555284	0.19598237377342706	0.19598704105565545	1.9522231990878984e-06
70.0	702.1023449773296	1.68e-05	0.19597844432294131	0.19598096570089057	0.19598472464408978	1.556416984364496e-06
70.0	702.1023449773296	1.7199999999999998e-05	0.19597763660390122	0.1959797492076111	0.19598266970150302	1.1954142999453183e-06
70.0	702.1023449773296	1.76e-05	0.1959767856248078	0.19597859408112048	0.19598081238425014	9.065262071558643e-07
70.0	702.1023449773296	1.8e-05	0.19597639364095443	0.19597753085032324	0.19597909894674714	6.25682233947064e-07
70.0	702.1023449773296	1.84e-05	0.19597569543233728	0.19597647362743786	0.1959774836589281	4.01088811183761e-07
70.0	702.1023449773296	1.88e-05	0.19597492250396442	0.19597542843046906	0.19597592634902217	2.0700121416021948e-07
70.0	702.1023449773296	1.9200000000000003e-05	0.19597413846997203	0.19597439759301352	0.19597462496992613	9.997367363141657e-08
70.0	702.1023449773296	1.9600000000000002e-05	0.19597272503236773	0.19597338310226023	0.1959740562895833	2.7513826523219933e-07
70.0	702.1023449773296	1.9999999999999998e-05	0.19597120710253435	0.19597233575509931	0.19597326530723436	5.00154014322576e-07
70.0	702.1023449773296	2.04e-05	0.19596951186042233	0.1959712675981398	0.19597254072195014	7.717496592109199e-07
70.0	702.1023449773296	2.08e-05	0.19596767809146698	0.19597010281547342	0.1959717266995833	1.0659751089791275e-06
70.0	702.1023449773296	2.12e-05	0.19596565482659845	0.1959688333090996	0.19597085108171353	1.42633194827135e-06
70.0	702.1023449773296	2.16e-05	0.19596338822801407	0.19596724293350154	0.19596965902487629	1.7990160044349458e-06
70.0	702.1023449773296	2.2e-05	0.19596082300126216	0.19596537704286013	0.19596858742084766	2.2852056768957212e-06
70.0	702.1023449773296	2.2400000000000002e-05	0.19595793769745296	0.19596283122003175	0.19596680413708434	2.8021407830731553e-06
70.0	702.1023449773296	2.28e-05	0.19595476790261745	0.1959592452641757	0.19596413950456348	3.3296406459451357e-06
70.0	702.1023449773296	2.32e-05	0.19595077448672082	0.1959511179899202	0.19595146329485758	1.55620498402331e-07
70.0	702.1023449773296	2.36e-05	0.1959376383080862	0.19594294720518177	0.19594816684029048	3.5193043330448524e-06
70.0	702.1023449773296	2.4e-05	0.19593511778214978	0.1959394946205999	0.19594510454224068	2.9859578696016626e-06
70.0	702.1023449773296	2.44e-05	0.19593351866851716	0.19593712076316674	0.195942388011896	2.4762548561577858e-06
70.0	702.1023449773296	2.48e-05	0.19593259344670155	0.19593545395396475	0.1959400404924212	2.012962599036394e-06
70.0	702.1023449773296	2.5200000000000003e-05	0.19593163074985753	0.19593407951590164	0.19593803724404513	1.6700579778125105e-06
70.0	702.1023449773296	2.56e-05	0.19593095006091055	0.195933054597478	0.19593632160610142	1.3493387514911768e-06
70.0	702.1023449773296	2.6e-05	0.19593036234721772	0.19593216336598057	0.1959348367150282	1.0926875890290546e-06
70.0	702.1023449773296	2.64e-05	0.19592985897339954	0.19593140566224115	0.1959335331884331	8.600191256140569e-07
70.0	702.1023449773296	2.68e-05	0.19592933560964365	0.1959306927459231	0.19593236913872225	6.766014380358216e-07
70.0	702.1023449773296	2.72e-05	0.19592910466947444	0.19593004660879418	0.19593130977108775	5.002909393065141e-07
70.0	702.1023449773296	2.76e-05	0.1959286826765405	0.19592940852520946	0.1959303260356391	3.635825332600707e-07
70.0	702.1023449773296	2.8e-05	0.1959282206273283	0.1959287828889473	0.19592939306824242	2.476059320480819e-07
70.0	702.1023449773296	2.8400000000000003e-05	0.1959277573787288	0.19592817109130076	0.1959284886860324	1.4578696202173436e-07
70.0	702.1023449773296	2.88e-05	0.19592731885398873	0.19592757352629905	0.19592782675353249	1.0079342145685889e-07
70.0	702.1023449773296	2.92e-05	0.19592648090674292	0.1959269680896368	0.19592737521981185	1.8074690906773072e-07
70.0	702.1023449773296	2.96e-05	0.1959256039033086	0.1959263582593174	0.19592696795369768	3.147312459079008e-07
70.0	702.1023449773296	2.9999999999999997e-05	0.195924661681798	0.1959257094867727	0.19592650547004098	4.66641130260619e-07
70.0	702.1023449773296	3.04e-05	0.19592362335841695	0.19592501584516026	0.1959260302351904	6.541408771763082e-07
70.0	702.1023449773296	3.0799999999999996e-05	0.19592243669965814	0.19592416954264916	0.1959253794206388	8.462347241362083e-07
70.0	702.1023449773296	3.12e-05	0.19592110633027016	0.19592319017325294	0.1959248146211765	1.0934196585901623e-06
70.0	702.1023449773296	3.16e-05	0.19591957701995533	0.19592187884664886	0.195923892467186	1.3523625168796038e-06
70.0	702.1023449773296	3.2e-05	0.19591784734434015	0.19592005895600717	0.19592252642205477	1.6137640364038228e-06
70.0	702.1023449773296	3.2399999999999995e-05	0.1959156862779876	0.19591602068294395	0.19591635930913665	1.5581623953048873e-07
70.0	702.1023449773296	3.2800000000000004e-05	0.19590918561080972	0.19591193824727443	0.1959147251348341	1.803547042049151e-06
70.0	702.1023449773296	3.32e-05	0.19590796647702202	0.19591025108274537	0.19591322508250997	1.5360289893804427e-06
70.0	702.1023449773296	3.36e-05	0.195907211481833	0.1959091110705946	0.19591191261758123	1.2839109362012802e-06
70.0	702.1023449773296	3.4e-05	0.19590678589500143	0.19590833010860328	0.1959108004398109	1.0589791952128098e-06
70.0	702.1023449773296	3.4399999999999996e-05	0.1959063537191632	0.19590769902552535	0.1959098688280223	8.957692665090942e-07
70.0	702.1023449773296	3.4800000000000006e-05	0.19590606058451954	0.19590724920071104	0.19590908987652167	7.46218886242651e-07
70.0	702.1023449773296	3.52e-05	0.19590581098026583	0.19590687320816774	0.19590843608896957	6.283504202322035e-07
70.0	702.1023449773296	3.56e-05	0.19590561000438012	0.1959065728017087	0.19590788320471475	5.234346634260901e-07
70.0	702.1023449773296	3.6e-05	0.19590541169177023	0.19590630061816325	0.19590741123172872	4.447062961626473e-07
70.0	702.1023449773296	3.64e-05	0.19590534101105206	0.1959060700706906	0.19590700423969842	3.7151781054844195e-07
70.0	702.1023449773296	3.68e-05	0.19590519404215012	0.1959058495815635	0.19590664973742378	3.2030798735412583e-07
70.0	702.1023449773296	3.72e-05	0.19590504274626763	0.1959056419109627	0.19590633799678248	2.8113707300616445e-07
70.0	702.1023449773296	3.76e-05	0.1959048992264636	0.195905447500339	0.19590606145317935	2.488881462491285e-07
70.0	702.1023449773296	3.7999999999999995e-05	0.19590477603726786	0.19590526515074022	0.1959058142117911	2.2185747460510842e-07
70.0	702.1023449773296	3.8400000000000005e-05	0.19590467459547778	0.1959050995921853	0.19590559165235266	1.9856651330239676e-07
70.0	702.1023449773296	3.88e-05	0.195904575886928	0.19590494580837628	0.1959053901156631	1.7812462815479793e-07
70.0	702.1023449773296	3.9200000000000004e-05	0.1959045000106423	0.19590481003272	0.19590520665418953	1.5923743323183204e-07
70.0	702.1023449773296	3.96e-05	0.1959044104287644	0.19590468829088814	0.19590503882819466	1.407879352535496e-07
70.0	702.1023449773296	3.9999999999999996e-05	0.19590432339626673	0.1959045795831844	0.19590488452352162	1.2608263908077207e-07
70.0	702.1023449773296	4.0400000000000006e-05	0.19590424691541486	0.19590447742626346	0.195904741762698	1.1342610829400105e-07
70.0	702.1023449773296	4.08e-05	0.19590418782027097	0.19590438369353078	0.1959046085361411	1.039170196597823e-07
70.0	702.1023449773296	4.12e-05	0.19590411902490423	0.19590429764382924	0.1959044831828729	9.629185423909566e-08
70.0	702.1023449773296	4.16e-05	0.19590405105905173	0.1959042208603972	0.1959043711363604	9.140417600924477e-08
70.0	702.1023449773296	4.2e-05	0.19590400035007516	0.19590417672834884	0.1959043086960799	8.642223985908556e-08
71.0	713.2016168650938	0.0	0.1995094515666338	0.19951251326382194	0.19951401549014758	1.0038715035068964e-06
71.0	713.2016168650938	4e-07	0.19950747141829872	0.19951061562581843	0.19951218773995194	1.04181392381634e-06
71.0	713.2016168650938	8e-07	0.199505292266827	0.19950873757696963	0.1995106867021894	1.1647032913008102e-06
71.0	713.2016168650938	1.2000000000000002e-06	0.19950290074862753	0.19950688325793653	0.19950983923684706	1.4025367350905538e-06
71.0	713.2016168650938	1.6e-06	0.19950026398959864	0.19950492924005447	0.19950824963960123	1.693325804177467e-06
71.0	713.2016168650938	2e-06	0.1994973317727684	0.19950292540500086	0.1995068153672701	2.107264582397652e-06
71.0	713.2016168650938	2.4000000000000003e-06	0.19949403630742157	0.1995007024586322	0.19950519982219816	2.5977063548374844e-06
71.0	713.2016168650938	2.8000000000000003e-06	0.19949029317500688	0.19949825190741524	0.19950350231830072	3.2304233195823458e-06
71.0	713.2016168650938	3.2e-06	0.19948600087970192	0.19949513677869748	0.1995011745132098	3.910676174340516e-06
71.0	713.2016168650938	3.6e-06	0.1994810638922626	0.19949146724135983	0.19949906000396922	4.833825003288585e-06
71.0	713.2016168650938	4e-06	0.19947545038477532	0.19948641503697673	0.19949552618063482	5.8304061849621385e-06
71.0	713.2016168650938	4.4e-06	0.19946922600482075	0.19947925655832835	0.19949015944138448	6.854976331253187e-06
71.0	713.2016168650938	4.800000000000001e-06	0.19946223206802038	0.19946288605809223	0.19946348306275752	2.9975994892557085e-07
71.0	713.2016168650938	5.2e-06	0.1994364252910943	0.19944652357865097	0.19945613381102678	6.938784330236293e-06
71.0	713.2016168650938	5.600000000000001e-06	0.19943124316564287	0.19943953369171982	0.19944999598448288	5.871082122694384e-06
71.0	713.2016168650938	6e-06	0.19942791588641828	0.19943468682471982	0.199444513046811	4.846229549835711e-06
71.0	713.2016168650938	6.4e-06	0.199425964942054	0.19943124365104886	0.19943973652817348	3.906524226932387e-06
71.0	713.2016168650938	6.8e-06	0.19942391967456796	0.19942837846021008	0.1994356162575519	3.204901484034155e-06
71.0	713.2016168650938	7.2e-06	0.19942243928443926	0.19942620031012434	0.1994320515763608	2.5406995147591256e-06
71.0	713.2016168650938	7.6e-06	0.19942114559813007	0.1994242751487742	0.19942892432557358	2.0067277979495173e-06
71.0	713.2016168650938	8e-06	0.1994200512437514	0.19942259967588755	0.19942613545797538	1.517301129130117e-06
71.0	713.2016168650938	8.4e-06	0.1994188594704447	0.1994210021200939	0.1994235997003555	1.122935917543114e-06
71.0	713.2016168650938	8.8e-06	0.19941830235615754	0.1994195213810297	0.1994212447727337	7.366300294463339e-07
71.0	713.2016168650938	9.2e-06	0.19941732233775777	0.19941804457617543	0.19941900859867978	4.2181822925316585e-07
71.0	713.2016168650938	9.600000000000001e-06	0.19941623265021047	0.19941657935387277	0.19941683597439575	1.4215704053274418e-07
71.0	713.2016168650938	9.999999999999999e-06	0.1994146363960576	0.19941512899459307	0.1994154015340719	1.7727063859445954e-07
71.0	713.2016168650938	1.04e-05	0.19941243800781283	0.19941369708344509	0.19941477567223487	5.057283564638772e-07
71.0	713.2016168650938	1.08e-05	0.19941014719075145	0.19941220710593652	0.1994136775220987	8.414655179293806e-07
71.0	713.2016168650938	1.1200000000000001e-05	0.19940770440568034	0.1994106798629033	0.19941269661749317	1.2426280144433584e-06
71.0	713.2016168650938	1.16e-05	0.19940504220754107	0.1994089982762984	0.19941156044583508	1.6770040952437491e-06
71.0	713.2016168650938	1.2e-05	0.19940208464331555	0.19940715161186437	0.1994103103165763	2.2086705813817205e-06
71.0	713.2016168650938	1.24e-05	0.19939875083871605	0.19940481563978393	0.19940862232227996	2.7615498214109507e-06
71.0	713.2016168650938	1.28e-05	0.19939495250833605	0.1994020614423451	0.19940705618754961	3.4865510589081573e-06
71.0	713.2016168650938	1.32e-05	0.1993906653749935	0.19939827830631607	0.19940444297158333	4.2611945374164115e-06
71.0	713.2016168650938	1.36e-05	0.1993859358067862	0.19939292212817525	0.19940046871137262	5.054086485941416e-06
71.0	713.2016168650938	1.4e-05	0.19938040986924577	0.19938069642748998	0.1993809895727665	1.3174783851508496e-07
71.0	713.2016168650938	1.44e-05	0.19936060158763258	0.1993684312869988	0.199376033504282	5.2355099374437615e-06
71.0	713.2016168650938	1.48e-05	0.19935677233410942	0.1993632106169004	0.19937141136605074	4.435659354900455e-06
71.0	713.2016168650938	1.52e-05	0.19935432408555087	0.19935960097635957	0.1993672928179384	3.6680628388281447e-06
71.0	713.2016168650938	1.56e-05	0.19935289573925807	0.19935704680895777	0.19936371497848704	2.9661758569433725e-06
71.0	713.2016168650938	1.6e-05	0.19935139991855078	0.19935492775115618	0.19936064107655316	2.443402850605738e-06
71.0	713.2016168650938	1.6400000000000002e-05	0.19935032848919754	0.1993533267179496	0.19935798979751773	1.9511193878902142e-06
71.0	713.2016168650938	1.68e-05	0.19934940252940248	0.19935191918674783	0.1993556744127103	1.5555494778799404e-06
71.0	713.2016168650938	1.7199999999999998e-05	0.199348594988507	0.19935070321366957	0.19935362040265225	1.1946881892333995e-06
71.0	713.2016168650938	1.76e-05	0.19934774428798363	0.19934954861758725	0.19935176394683563	9.058849617371168e-07
71.0	713.2016168650938	1.8e-05	0.1993473521231044	0.19934848587577128	0.1993500513203461	6.251252328770974e-07
71.0	713.2016168650938	1.84e-05	0.1993466540609541	0.1993474291583982	0.19934843681187253	4.00538337251791e-07
71.0	713.2016168650938	1.88e-05	0.1993458814227429	0.1993463844878761	0.19934688026736946	2.0625626013770406e-07
71.0	713.2016168650938	1.9200000000000003e-05	0.19934509788278287	0.1993453541965186	0.19934557985963686	9.866659827724331e-08
71.0	713.2016168650938	1.9600000000000002e-05	0.19934368539554903	0.19934434026236733	0.19934501188605225	2.7460273851079413e-07
71.0	713.2016168650938	1.9999999999999998e-05	0.1993421634440491	0.19934329349119997	0.19934422122638829	4.996984142150846e-07
71.0	713.2016168650938	2.04e-05	0.1993404691053149	0.19934222596002588	0.1993434971327872	7.712471780723994e-07
71.0	713.2016168650938	2.08e-05	0.19933863633521032	0.19934106192279502	0.19934268353406015	1.0654507344902413e-06
71.0	713.2016168650938	2.12e-05	0.1993366141988444	0.1993397931808542	0.19934180835893134	1.4256422280732919e-06
71.0	713.2016168650938	2.16e-05	0.19933434889739043	0.19933820374205963	0.19934061976036066	1.7981235713511467e-06
71.0	713.2016168650938	2.2e-05	0.19933178517478023	0.19933633897953676	0.19933954881085203	2.2840669302988167e-06
71.0	713.2016168650938	2.2400000000000002e-05	0.19932890162661465	0.19933379469202245	0.19933776638839262	2.800709156777034e-06
71.0	713.2016168650938	2.28e-05	0.19932573382454954	0.19933021093032258	0.19933510331196302	3.3279086741908313e-06
71.0	713.2016168650938	2.32e-05	0.1993217490705046	0.19932208860558454	0.19932243135415373	1.5416621717096923e-07
71.0	713.2016168650938	2.36e-05	0.19930862270145688	0.1993139236996168	0.19931913711072013	3.516371711574937e-06
71.0	713.2016168650938	2.4e-05	0.19930610395990378	0.1993104735976644	0.19931607693471243	2.9834055847210165e-06
71.0	713.2016168650938	2.44e-05	0.19930450594243876	0.19930810147400208	0.19931336234409702	2.474062587105474e-06
71.0	713.2016168650938	2.48e-05	0.1993035811216668	0.1993064358821636	0.1993110165471137	2.0111167517652612e-06
71.0	713.2016168650938	2.5200000000000003e-05	0.19930261923826098	0.19930506247478305	0.19930901484151686	1.668446209817522e-06
71.0	713.2016168650938	2.56e-05	0.1993019388366548	0.19930403831015261	0.19930730052522438	1.3479584239347041e-06
71.0	713.2016168650938	2.6e-05	0.19930135181839237	0.199303147687338	0.1993058168012123	1.0915692603958134e-06
71.0	713.2016168650938	2.64e-05	0.19930084865856212	0.19930239055445295	0.19930451431809626	8.590549296241414e-07
71.0	713.2016168650938	2.68e-05	0.19930032559226785	0.19930167821245504	0.19930335121597587	6.757260952772817e-07
71.0	713.2016168650938	2.72e-05	0.19930009449014197	0.19930103259538956	0.1993022927240773	4.995001675609781e-07
71.0	713.2016168650938	2.76e-05	0.19929967266928816	0.1993003950429775	0.1993013098135128	3.628102599333335e-07
71.0	713.2016168650938	2.8e-05	0.1992992109548961	0.19929976995389817	0.19930037763911113	2.4674838490402447e-07
71.0	713.2016168650938	2.8400000000000003e-05	0.19929874821260807	0.19929915871794962	0.199299474036005	1.446022204299948e-07
71.0	713.2016168650938	2.88e-05	0.19929831015202915	0.19929856171913188	0.19929881350274403	9.927055988743227e-08
71.0	713.2016168650938	2.92e-05	0.19929747302212864	0.1992979568571123	0.1992983622955773	1.7984251551516689e-07
71.0	713.2016168650938	2.96e-05	0.19929659690126744	0.19929734764491217	0.19929795441000397	3.1407008170955996e-07
71.0	713.2016168650938	2.9999999999999997e-05	0.1992956556507508	0.19929669959686694	0.19929749342769654	4.6610142142315965e-07
71.0	713.2016168650938	3.04e-05	0.19929461841568052	0.19929600667420008	0.19929701860218163	6.535240433953177e-07
71.0	713.2016168650938	3.0799999999999996e-05	0.19929342758339885	0.19929516121897475	0.19929636823256303	8.45481244807716e-07
71.0	713.2016168650938	3.12e-05	0.1992920985334381	0.19929418284898492	0.19929580408420744	1.0924907952306245e-06
71.0	713.2016168650938	3.16e-05	0.19929057641768821	0.19929287284627328	0.19929488272916096	1.3512105030865432e-06
71.0	713.2016168650938	3.2e-05	0.19928884864260876	0.19929105481038126	0.19929351791741023	1.612379140889065e-06
71.0	713.2016168650938	3.2399999999999995e-05	0.19928669035980917	0.19928702063269443	0.1992873565816895	1.54269052390855e-07
71.0	713.2016168650938	3.2800000000000004e-05	0.19928019815224385	0.19928294332606358	0.1992857242952093	1.8008228097268701e-06
71.0	713.2016168650938	3.32e-05	0.19927898050173365	0.1992812582901841	0.19928422604561558	1.5336294361649674e-06
71.0	713.2016168650938	3.36e-05	0.1992782263914865	0.1992801197383403	0.19928291521592634	1.2818142733118934e-06
71.0	713.2016168650938	3.4e-05	0.19927780107955684	0.19927933977341256	0.1992818045184972	1.0571683925730397e-06
71.0	713.2016168650938	3.4399999999999996e-05	0.19927736955155861	0.19927870951698226	0.19928087414320572	8.941463090845105e-07
71.0	713.2016168650938	3.4800000000000006e-05	0.1992770765823133	0.1992782602609666	0.19928009625319731	7.447796501100439e-07
71.0	713.2016168650938	3.52e-05	0.19927682755460463	0.1992778846895669	0.1992794433786207	6.271322245066587e-07
71.0	713.2016168650938	3.56e-05	0.19927662668751545	0.19927758467220838	0.19927889128437748	5.223272859042771e-07
71.0	713.2016168650938	3.6e-05	0.19927642853725303	0.19927731287901404	0.19927842000060547	4.436526932308625e-07
71.0	713.2016168650938	3.64e-05	0.19927635762310292	0.19927708266274974	0.19927801361525432	3.7052537082832285e-07
71.0	713.2016168650938	3.68e-05	0.1992762107063486	0.1992768625069413	0.199277659651786	3.1934524837905643e-07
71.0	713.2016168650938	3.72e-05	0.1992760596145029	0.19927665517677948	0.19927734839370448	2.801712638723457e-07
71.0	713.2016168650938	3.76e-05	0.19927591641970288	0.19927646111230388	0.19927707228558145	2.478887007806015e-07
71.0	713.2016168650938	3.7999999999999995e-05	0.19927579361388492	0.19927627910526985	0.1992768254397861	2.2081033818605477e-07
71.0	713.2016168650938	3.8400000000000005e-05	0.19927569262861233	0.19927611386468919	0.19927660324165242	1.9747826900776598e-07
71.0	713.2016168650938	3.88e-05	0.19927559396194905	0.1992759604187809	0.19927640203627472	1.7696303865015208e-07
71.0	713.2016168650938	3.9200000000000004e-05	0.19927551870300153	0.19927582502514712	0.19927621887933888	1.579278798117845e-07
71.0	713.2016168650938	3.96e-05	0.19927542915326413	0.1992757035858792	0.19927605133347015	1.3934815237874536e-07
71.0	713.2016168650938	3.9999999999999996e-05	0.19927534237883204	0.19927559513236362	0.1992758972864026	1.2451468966153902e-07
71.0	713.2016168650938	4.0400000000000006e-05	0.19927526618848734	0.19927549322811997	0.19927575476315607	1.1172354492536293e-07
71.0	713.2016168650938	4.08e-05	0.19927520694080503	0.19927539971760344	0.19927562176093883	1.0209364760322995e-07
71.0	713.2016168650938	4.12e-05	0.19927513896471805	0.19927531387458597	0.19927549664251565	9.436848069940886e-08
71.0	713.2016168650938	4.16e-05	0.1992750710917317	0.1992752372714181	0.19927538499795627	8.942897136763235e-08
71.0	713.2016168650938	4.2e-05	0.19927502100210948	0.199275193355419	0.19927532315099672	8.448568329207442e-08
72.0	724.300888752858	0.0	0.20296399393860032	0.2029670569455835	0.202968560940894	1.0045637209411783e-06
72.0	724.300888752858	4e-07	0.20296201380256207	0.20296515932533055	0.20296673375919827	1.0424756016341226e-06
72.0	724.300888752858	8e-07	0.20295983469655976	0.20296328133132574	0.20296523300616442	1.165283342109281e-06
72.0	724.300888752858	1.2000000000000002e-06	0.20295744325851928	0.20296142709316983	0.20296438595492283	1.4030001351328981e-06
72.0	724.300888752858	1.6e-06	0.20295480661869902	0.20295947317881557	0.20296279659276895	1.6936709727752515e-06
72.0	724.300888752858	2e-06	0.20295187456713393	0.20295746950227408	0.20296136261760456	2.107503526602035e-06
72.0	724.300888752858	2.4000000000000003e-06	0.20294857932313715	0.20295524682189123	0.20295974700650898	2.5979399673162363e-06
72.0	724.300888752858	2.8000000000000003e-06	0.2029448364818034	0.20295279652299572	0.20295804989888833	3.2305593313634944e-06
72.0	724.300888752858	3.2e-06	0.20294054433323883	0.2029496817098666	0.20295572227006442	3.91070919957538e-06
72.0	724.300888752858	3.6e-06	0.20293560784669396	0.20294601257759168	0.20295360827532605	4.833752756247616e-06
72.0	724.300888752858	4e-06	0.2029299949712451	0.2029409609360988	0.20295007494807926	5.830208504502737e-06
72.0	724.300888752858	4.4e-06	0.20292377136436635	0.2029338032893384	0.20294470890620797	6.8546601538910714e-06
72.0	724.300888752858	4.800000000000001e-06	0.20291677747006798	0.20291743466870155	0.20291803499307814	3.0168914906644686e-07
72.0	724.300888752858	5.2e-06	0.20289098252651705	0.20290107499985222	0.20291068118763267	6.937281465486337e-06
72.0	724.300888752858	5.600000000000001e-06	0.20288580123347266	0.20289408630403807	0.2029045443255013	5.86977016168808e-06
72.0	724.300888752858	6e-06	0.20288247445523222	0.20288924028597569	0.20289906230853916	4.845098962176248e-06
72.0	724.300888752858	6.4e-06	0.20288052359139463	0.20288579771415677	0.20289428663913078	3.905582262241196e-06
72.0	724.300888752858	6.8e-06	0.20287847876759812	0.20288293304811586	0.20289016703829965	3.2040808312494736e-06
72.0	724.300888752858	7.2e-06	0.20287699843730955	0.20288075527848862	0.20288660306142958	2.5400159768470636e-06
72.0	724.300888752858	7.6e-06	0.20287570310651049	0.20287883040473112	0.202883476451877	2.0062418965846843e-06
72.0	724.300888752858	8e-06	0.20287461089940173	0.20287715523969344	0.20288068817537752	1.5169202354716259e-06
72.0	724.300888752858	8.4e-06	0.20287341925161062	0.20287555801674478	0.2028781529714614	1.122620173584708e-06
72.0	724.300888752858	8.8e-06	0.20287286190266052	0.20287407758649706	0.20287579857217874	7.364110526374663e-07
72.0	724.300888752858	9.2e-06	0.20287188191846095	0.20287260110769814	0.20287356291257197	4.216772833569706e-07
72.0	724.300888752858	9.600000000000001e-06	0.2028707876784832	0.20287113623586675	0.20287139080023753	1.4207494170104015e-07
72.0	724.300888752858	9.999999999999999e-06	0.20286919182562357	0.20286968625058643	0.20286995987244882	1.772653281465311e-07
72.0	724.300888752858	1.04e-05	0.20286699398074592	0.20286825472675132	0.2028693364377725	5.056741949126238e-07
72.0	724.300888752858	1.08e-05	0.2028647037443534	0.20286676515336916	0.2028682387191605	8.413175939094155e-07
72.0	724.300888752858	1.1200000000000001e-05	0.20286226159526866	0.20286523836580544	0.20286725616186096	1.2423876372689329e-06
72.0	724.300888752858	1.16e-05	0.20285960011046988	0.20286355734894054	0.20286612223172007	1.6767500769352554e-06
72.0	724.300888752858	1.2e-05	0.2028566433638037	0.20286171125511337	0.20286487269355913	2.2082806607357072e-06
72.0	724.300888752858	1.24e-05	0.2028533105125474	0.2028593759778395	0.20286318514635404	2.760997939763204e-06
72.0	724.300888752858	1.28e-05	0.20284951325378398	0.2028566226237983	0.20286161975622008	3.4858095970483755e-06
72.0	724.300888752858	1.32e-05	0.2028452274512711	0.2028528406402569	0.2028590074302743	4.260228303643308e-06
72.0	724.300888752858	1.36e-05	0.20284049941656956	0.20284748612027775	0.20285503446993225	5.052894704587916e-06
72.0	724.300888752858	1.4e-05	0.2028349815889472	0.20283526417972864	0.20283555489829386	1.3078748305390184e-07
72.0	724.300888752858	1.44e-05	0.20281518123338227	0.20282300378956405	0.20283060058183278	5.233086355908864e-06
72.0	724.300888752858	1.48e-05	0.2028113534023408	0.20281778513702092	0.2028259801484893	4.433553576199931e-06
72.0	724.300888752858	1.52e-05	0.20280890603046497	0.20281417691348363	0.20282186317851636	3.6662567190241296e-06
72.0	724.300888752858	1.56e-05	0.20280747798485432	0.2028116237468348	0.20281828675679225	2.9646614535917804e-06
72.0	724.300888752858	1.6e-05	0.20280598283601936	0.20280950554153626	0.20281521409781345	2.4420865724648172e-06
72.0	724.300888752858	1.6400000000000002e-05	0.20280491162547065	0.20280790513278224	0.20281256393258307	1.9500055060403597e-06
72.0	724.300888752858	1.68e-05	0.2028039862667681	0.2028064980993134	0.20281024954318383	1.5546826335584549e-06
72.0	724.300888752858	1.7199999999999998e-05	0.20280317890439026	0.20280528261515585	0.20280819643471215	1.193958637602076e-06
72.0	724.300888752858	1.76e-05	0.2028023284516376	0.20280412852315366	0.20280634080923043	9.052330719218023e-07
72.0	724.300888752858	1.8e-05	0.2028019361145308	0.20280306624586295	0.2028046289619656	6.245494897366059e-07
72.0	724.300888752858	1.84e-05	0.20280123819487805	0.2028020100078153	0.2028030151997564	3.999618436989397e-07
72.0	724.300888752858	1.88e-05	0.20280046587403788	0.20280096583785648	0.20280145938555272	2.0547297362771808e-07
72.0	724.300888752858	1.9200000000000003e-05	0.20279968279412142	0.20279993606701124	0.20280015993775802	9.731853332562464e-08
72.0	724.300888752858	1.9600000000000002e-05	0.2027982710330516	0.2027989226624104	0.20279959277431292	2.7408956613612646e-07
72.0	724.300888752858	1.9999999999999998e-05	0.20279674485905552	0.20279787643909708	0.20279880241221804	4.992775893488561e-07
72.0	724.300888752858	2.04e-05	0.20279505136778475	0.2027968095078937	0.20279807876009048	7.707927307543099e-07
72.0	724.300888752858	2.08e-05	0.20279321953144613	0.20279564619480325	0.20279726557282896	1.0650011720460843e-06
72.0	724.300888752858	2.12e-05	0.20279119844696147	0.20279437818214793	0.20279639079307987	1.4250484727999589e-06
72.0	724.300888752858	2.16e-05	0.20278893435214407	0.20279278962382125	0.20279520569188936	1.7973492479715982e-06
72.0	724.300888752858	2.2e-05	0.2027863720212455	0.2027909259116575	0.2027941353261271	2.2830701643356313e-06
72.0	724.300888752858	2.2400000000000002e-05	0.20278349010365382	0.2027883830435178	0.20279235374729954	2.7994500436352444e-06
72.0	724.300888752858	2.28e-05	0.20278032415662572	0.2027848012970101	0.20278969208193764	3.3263835134983216e-06
72.0	724.300888752858	2.32e-05	0.2027763481025442	0.20277668351199138	0.20277702369944706	1.5270153955427463e-07
72.0	724.300888752858	2.36e-05	0.20276323095402127	0.20276852419767347	0.20277373153356315	3.5135275522130045e-06
72.0	724.300888752858	2.4e-05	0.20276071386163963	0.20276507645572153	0.20277067335786114	2.9809318498830953e-06
72.0	724.300888752858	2.44e-05	0.20275911685751513	0.20276270597069757	0.20276796059910485	2.4719369105775065e-06
72.0	724.300888752858	2.48e-05	0.20275819241786497	0.20276104152260463	0.20276561642938074	2.0093219832879812e-06
72.0	724.300888752858	2.5200000000000003e-05	0.2027572312701329	0.2027596690752261	0.2027636161491566	1.6668781174437525e-06
72.0	724.300888752858	2.56e-05	0.20275655113405922	0.20275864560146314	0.20276190307697295	1.3466151133239092e-06
72.0	724.300888752858	2.6e-05	0.2027559647484285	0.20275775552209768	0.20276042044907872	1.0904891318937242e-06
72.0	724.300888752858	2.64e-05	0.20275546179800585	0.20275699890901625	0.20275911894340926	8.581192505704697e-07
72.0	724.300888752858	2.68e-05	0.20275493899915276	0.20275628709486956	0.2027579567263471	6.748691367972863e-07
72.0	724.300888752858	2.72e-05	0.20275470773042326	0.20275564195529494	0.202756899049918	4.987172636823359e-07
72.0	724.300888752858	2.76e-05	0.20275428606469337	0.20275500489017953	0.20275591690507078	3.62038376228068e-07
72.0	724.300888752858	2.8e-05	0.2027538246869236	0.2027543803049186	0.2027549854644004	2.45884173244668e-07
72.0	724.300888752858	2.8400000000000003e-05	0.20275336239612152	0.20275376958800068	0.20275408257974092	1.4340308642712152e-07
72.0	724.300888752858	2.88e-05	0.2027529246239359	0.20275317311192662	0.20275342353201253	9.774472396477754e-08
72.0	724.300888752858	2.92e-05	0.20275208824476199	0.20275256877976378	0.20275297260049285	1.7897040451351195e-07
72.0	724.300888752858	2.96e-05	0.20275121293339193	0.20275196014155406	0.2027525638689358	3.134562225141201e-07
72.0	724.300888752858	2.9999999999999997e-05	0.20275027257157063	0.20275131277561678	0.2027521045409575	4.656310077271112e-07
72.0	724.300888752858	3.04e-05	0.20274923537854317	0.20275062051829787	0.2027516300576293	6.529963087802278e-07
72.0	724.300888752858	3.0799999999999996e-05	0.20274804119323164	0.2027497758367483	0.20275098010721226	8.448377349799216e-07
72.0	724.300888752858	3.12e-05	0.20274671333632188	0.20274879837373722	0.20275041652754133	1.091696575952138e-06
72.0	724.300888752858	3.16e-05	0.20274519827430204	0.20274748956474728	0.2027494958920002	1.350226220691132e-06
72.0	724.300888752858	3.2e-05	0.20274347222394073	0.2027456731899965	0.20274813221516386	1.6112017910055887e-06
72.0	724.300888752858	3.2399999999999995e-05	0.20274131660641892	0.20274164266810552	0.20274197599186117	1.5273734265555935e-07
72.0	724.300888752858	3.2800000000000004e-05	0.20273483213415044	0.20273757012519264	0.2027403454363803	1.7982372265289682e-06
72.0	724.300888752858	3.32e-05	0.2027336158064479	0.20273588706302548	0.2027388488469768	1.531358047594039e-06
72.0	724.300888752858	3.36e-05	0.2027328624915805	0.2027347498576492	0.20273753952754792	1.2798311876038017e-06
72.0	724.300888752858	3.4e-05	0.20273243743867742	0.20273397080733602	0.20273643015935594	1.055452272033502e-06
72.0	724.300888752858	3.4399999999999996e-05	0.20273200647435008	0.20273334130474738	0.2027355009260523	8.926061880119191e-07
72.0	724.300888752858	3.4800000000000006e-05	0.2027317136675011	0.20273289255846635	0.20273472401520998	7.434127897368118e-07
72.0	724.300888752858	3.52e-05	0.2027314651274068	0.20273251735176165	0.20273407198120186	6.259805362919587e-07
72.0	724.300888752858	3.56e-05	0.20273126436971545	0.20273221767968558	0.20273352061263505	5.21275975199836e-07
72.0	724.300888752858	3.6e-05	0.20273106637477145	0.20273194623666108	0.20273304996035613	4.4264626976229294e-07
72.0	724.300888752858	3.64e-05	0.20273099522509508	0.20273171631559656	0.20273264412942638	3.6957251055714015e-07
72.0	724.300888752858	3.68e-05	0.202730848344169	0.20273149645606364	0.20273229065705944	3.1841888180225183e-07
72.0	724.300888752858	3.72e-05	0.2027306974266745	0.20273128943128038	0.20273197983766256	2.792390870932608e-07
72.0	724.300888752858	3.76e-05	0.20273055451028643	0.2027310956799953	0.20273170412440056	2.4692018074358053e-07
72.0	724.300888752858	3.7999999999999995e-05	0.20273043203315044	0.2027309139818049	0.2027314576363919	2.197943362415094e-07
72.0	724.300888752858	3.8400000000000005e-05	0.20273033144779262	0.20273074902584806	0.20273123576424457	1.9642340327959765e-07
72.0	724.300888752858	3.88e-05	0.20273023280660318	0.20273059588562506	0.20273103485713317	1.7583748948696455e-07
72.0	724.300888752858	3.9200000000000004e-05	0.20273015810552852	0.2027304608440484	0.20273085197386465	1.5665692460333846e-07
72.0	724.300888752858	3.96e-05	0.20273006856110776	0.20273033967620036	0.20273068467945432	1.379509017991818e-07
72.0	724.300888752858	3.9999999999999996e-05	0.2027299820067725	0.2027302314443242	0.20273053086366666	1.2299517764864084e-07
72.0	724.300888752858	4.0400000000000006e-05	0.20272990606553165	0.20273012976122667	0.2027303885541949	1.1007360002564206e-07
72.0	724.300888752858	4.08e-05	0.2027298466924341	0.20273003644646653	0.2027302557549131	1.0032512811230531e-07
72.0	724.300888752858	4.12e-05	0.2027297794601628	0.20272995078908781	0.20273013085070524	9.25014651395979e-08
72.0	724.300888752858	4.16e-05	0.20272971166214493	0.2027298743529608	0.20273001956894987	8.751249925355494e-08
72.0	724.300888752858	4.2e-05	0.2027296621528567	0.20272983061077057	0.20272995827450568	8.261252391417263e-08
73.0	735.4001606406222	0.0	0.20650886819966008	0.20651193260743655	0.20651343847089532	1.0052868836544444e-06
73.0	735.4001606406222	4e-07	0.20650688807465478	0.2065100350044445	0.2065116119124717	1.043168554113341e-06
73.0	735.4001606406222	8e-07	0.20650470900942608	0.20650815706422296	0.20651011142157571	1.1658959774680817e-06
73.0	735.4001606406222	1.2000000000000002e-06	0.20650231764313087	0.20650630290409464	0.20650926476778686	1.4034972161960842e-06
73.0	735.4001606406222	1.6e-06	0.20649968110974548	0.2065043490898459	0.2065076756290205	1.694050588224118e-06
73.0	735.4001606406222	2e-06	0.20649674920534	0.20650234557012223	0.20650624191347688	2.1077807564981626e-06
73.0	735.4001606406222	2.4000000000000003e-06	0.2064934541580028	0.20650012315970157	0.2065046262447794	2.5982269439916735e-06
73.0	735.4001606406222	2.8000000000000003e-06	0.20648971157502505	0.20649767310562278	0.20650292950501115	3.230759812542023e-06
73.0	735.4001606406222	3.2e-06	0.2064854195763841	0.2064945585865746	0.2065006020554394	3.910819218262567e-06
73.0	735.4001606406222	3.6e-06	0.20648048353453063	0.20649088982317337	0.20649848853286468	4.833770486374158e-06
73.0	735.4001606406222	4e-06	0.20647487122434782	0.20648583868476506	0.20649495567536036	5.830120639528717e-06
73.0	735.4001606406222	4.4e-06	0.20646864831608625	0.20647868176950515	0.20648959029786074	6.85447873034812e-06
73.0	735.4001606406222	4.800000000000001e-06	0.2064616542677733	0.20646231479503677	0.2064629184927611	3.036502316529755e-07
73.0	735.4001606406222	5.2e-06	0.2064358711035883	0.20644595781286554	0.20645555998380516	6.935796927784858e-06
73.0	735.4001606406222	5.600000000000001e-06	0.20643069055898433	0.20643897025344243	0.20644942402369537	5.8684783740207035e-06
73.0	735.4001606406222	6e-06	0.20642736423164543	0.20643412503516967	0.20644394287111822	4.843986627990693e-06
73.0	735.4001606406222	6.4e-06	0.2064254134459711	0.20643068302284945	0.20643916799901696	3.904651650247807e-06
73.0	735.4001606406222	6.8e-06	0.2064233690099755	0.20642781883709663	0.2064350490266591	3.2032694143134535e-06
73.0	735.4001606406222	7.2e-06	0.2064218887334297	0.20642564140447872	0.20643148570465364	2.539339331478332e-06
73.0	735.4001606406222	7.6e-06	0.20642059175177607	0.20642371676957752	0.20642835968811202	2.00576705337825e-06
73.0	735.4001606406222	8e-06	0.2064195016521042	0.20642204187354532	0.20642557195498945	1.5165443340458424e-06
73.0	735.4001606406222	8.4e-06	0.20641831011348177	0.20642044494721745	0.2064230372569016	1.1223021623098144e-06
73.0	735.4001606406222	8.8e-06	0.20641775252711447	0.20641896479120453	0.20642068333724417	7.361825719893523e-07
73.0	735.4001606406222	9.2e-06	0.20641677256717017	0.20641748860171538	0.20641844814173016	4.2152233345076105e-07
73.0	735.4001606406222	9.600000000000001e-06	0.2064156737379017	0.2064160240437812	0.20641627648836192	1.4197954998133734e-07
73.0	735.4001606406222	9.999999999999999e-06	0.20641407805529965	0.2064145743962087	0.20641484910699504	1.7729887314533812e-07
73.0	735.4001606406222	1.04e-05	0.20641188069127736	0.2064131432215911	0.206414228177894	5.056661159146644e-07
73.0	735.4001606406222	1.08e-05	0.2064095909658059	0.20641165401143516	0.20641313084522928	8.412242558555008e-07
73.0	735.4001606406222	1.1200000000000001e-05	0.20640714937332572	0.2064101276379508	0.20641214663408114	1.2422156993317362e-06
73.0	735.4001606406222	1.16e-05	0.20640448850993653	0.20640844714879422	0.2064110148772782	1.67658881616114e-06
73.0	735.4001606406222	1.2e-05	0.20640153247296578	0.2064066015692419	0.20640976586502102	2.2080071810052334e-06
73.0	735.4001606406222	1.24e-05	0.2063982003988949	0.20640426690493216	0.2064080787281899	2.7605880542946454e-06
73.0	735.4001606406222	1.28e-05	0.20639440411142917	0.20640151428874218	0.20640651399903298	3.4852413008201036e-06
73.0	735.4001606406222	1.32e-05	0.20639011946491426	0.20639773330352337	0.20640390247075757	4.259475162481445e-06
73.0	735.4001606406222	1.36e-05	0.20638539276937706	0.2063923802080088	0.20639993068012874	5.0519623246421325e-06
73.0	735.4001606406222	1.4e-05	0.20637988299961307	0.20638016148558636	0.2063804497680346	1.2983525150830387e-07
73.0	735.4001606406222	1.44e-05	0.20636008970446973	0.20636790539203204	0.20637549700415114	5.230823777669987e-06
73.0	735.4001606406222	1.48e-05	0.20635626310590638	0.20636268856032627	0.20637087809066035	4.431590949527131e-06
73.0	735.4001606406222	1.52e-05	0.20635381649577322	0.20635908160688465	0.20636676253285557	3.6645719656064314e-06
73.0	735.4001606406222	1.56e-05	0.2063523887131007	0.2063565293304188	0.2063631873816032	2.963242666273672e-06
73.0	735.4001606406222	1.6e-05	0.20635089413742147	0.20635441187818848	0.20636011582400027	2.4408487063532456e-06
73.0	735.4001606406222	1.6400000000000002e-05	0.20634982311821037	0.2063528120101746	0.20635746665395072	1.948953403695819e-06
73.0	735.4001606406222	1.68e-05	0.20634889827179848	0.20635140539191363	0.20635515315144115	1.5538681695857977e-06
73.0	735.4001606406222	1.7199999999999998e-05	0.20634809107161622	0.20635019032742405	0.20635310084351755	1.193265478515426e-06
73.0	735.4001606406222	1.76e-05	0.20634724083526912	0.2063490366736572	0.20635124595253185	9.046027819334554e-07
73.0	735.4001606406222	1.8e-05	0.2063468483121147	0.20634797479856767	0.20634953479179874	6.239809806767356e-07
73.0	735.4001606406222	1.84e-05	0.2063461505038413	0.2063469189753046	0.20634792168438665	3.993822803575267e-07
73.0	735.4001606406222	1.88e-05	0.20634537846645795	0.20634587524216247	0.2063463665083045	2.0467658960536674e-07
73.0	735.4001606406222	1.9200000000000003e-05	0.20634459578207398	0.20634484592905114	0.2063450679845431	9.597118907928859e-08
73.0	735.4001606406222	1.9600000000000002e-05	0.2063431845365038	0.206343832989583	0.2063445016739136	2.736239208473483e-07
73.0	735.4001606406222	1.9999999999999998e-05	0.20634165398589488	0.2063427872456095	0.20634371153297604	4.989186626882818e-07
73.0	735.4001606406222	2.04e-05	0.2063399612235015	0.20634172084407673	0.20634298824056785	7.704193737258552e-07
73.0	735.4001606406222	2.08e-05	0.20633813018774028	0.20634055817970332	0.20634217544915234	1.064658448097536e-06
73.0	735.4001606406222	2.12e-05	0.20633611000300878	0.20633929080680438	0.20634130096969816	1.4245900397787583e-06
73.0	735.4001606406222	2.16e-05	0.20633384693918355	0.20633770300959647	0.20634011931208018	1.7967404200976228e-06
73.0	735.4001606406222	2.2e-05	0.2063312857844295	0.20633584020293017	0.20633904941889192	2.2822782408584336e-06
73.0	735.4001606406222	2.2400000000000002e-05	0.20632840526500296	0.20633329855147114	0.20633727135593727	2.798445341395859e-06
73.0	735.4001606406222	2.28e-05	0.20632524091592952	0.20632971852203624	0.2063346102933279	3.325170429192882e-06
73.0	735.4001606406222	2.32e-05	0.20632127340937245	0.20632160458928175	0.20632194221371325	1.512321040357966e-07
73.0	735.4001606406222	2.36e-05	0.20630816430567744	0.20631345022262393	0.20631865185766696	3.5109339875312636e-06
73.0	735.4001606406222	2.4e-05	0.20630564861399048	0.2063100045631817	0.20631559543380007	2.9786811316809135e-06
73.0	735.4001606406222	2.44e-05	0.20630405247638262	0.206307635516897	0.20631288428527128	2.4700017478320186e-06
73.0	735.4001606406222	2.48e-05	0.20630312836605924	0.20630597206860093	0.20631054154865236	2.00768132115396e-06
73.0	735.4001606406222	2.5200000000000003e-05	0.20630216783581634	0.20630460045841623	0.20630854251672925	1.6654374168370616e-06
73.0	735.4001606406222	2.56e-05	0.2063014879358862	0.20630357757816972	0.2063068305394795	1.3453740413599647e-06
73.0	735.4001606406222	2.6e-05	0.20630090207229923	0.20630268795179987	0.20630534887447993	1.0894920238576336e-06
73.0	735.4001606406222	2.64e-05	0.206300399308196	0.206301931781442	0.20630404822533066	8.572462515760551e-07
73.0	735.4001606406222	2.68e-05	0.20629987674826378	0.20630122042185817	0.20630288678157438	6.740573387770227e-07
73.0	735.4001606406222	2.72e-05	0.20629964529976696	0.20630057569131266	0.20630182981534695	4.979631637090532e-07
73.0	735.4001606406222	2.76e-05	0.2062992237513912	0.20629993904274865	0.206300848335065	3.61284825366427e-07
73.0	735.4001606406222	2.8e-05	0.20629876264924185	0.20629931489182302	0.20629991752890042	2.450290164328954e-07
73.0	735.4001606406222	2.8400000000000003e-05	0.20629830074139477	0.20629870462584102	0.20629901526324623	1.4220546296440218e-07
73.0	735.4001606406222	2.88e-05	0.20629786313375753	0.2062981086027889	0.20629835771527016	9.623714113307827e-08
73.0	735.4001606406222	2.92e-05	0.2062970274049425	0.2062975047277668	0.20629790697196793	1.7814853269534503e-07
73.0	735.4001606406222	2.96e-05	0.20629615279498914	0.20629689658961298	0.20629749812982112	3.1290882894714096e-07
73.0	735.4001606406222	2.9999999999999997e-05	0.2062952132026563	0.20629624982503975	0.2062970396321555	4.652424892134747e-07
73.0	735.4001606406222	3.04e-05	0.20629417150701634	0.20629555814370445	0.20629656538998997	6.525722615467448e-07
73.0	735.4001606406222	3.0799999999999996e-05	0.20629297820686698	0.20629471412364966	0.2062959158043709	8.443206648860266e-07
73.0	735.4001606406222	3.12e-05	0.20629165136347183	0.20629373743734863	0.2062953526854594	1.0910600971603328e-06
73.0	735.4001606406222	3.16e-05	0.2062901431590367	0.20629242964845018	0.2062944326532241	1.3494416397589156e-06
73.0	735.4001606406222	3.2e-05	0.20628841859182234	0.2062906146857353	0.20629306996563646	1.610275738754352e-06
73.0	735.4001606406222	3.2399999999999995e-05	0.2062862654374138	0.2062865872518208	0.20628691796658316	1.5121342493431786e-07
73.0	735.4001606406222	3.2800000000000004e-05	0.2062797876357303	0.20628251888870797	0.20628528891138842	1.7958915466726046e-06
73.0	735.4001606406222	3.32e-05	0.20627857240923575	0.20628083755118004	0.2062837937689883	1.5293054479464692e-06
73.0	735.4001606406222	3.36e-05	0.2062778197659929	0.20627970151739833	0.20628248577139807	1.2780392402388907e-06
73.0	735.4001606406222	3.4e-05	0.20627739493851482	0.2062789232619966	0.2062813775714929	1.0538948263035383e-06
73.0	735.4001606406222	3.4399999999999996e-05	0.20627696443924304	0.206278294415715	0.20628044934202006	8.91200013593755e-07
73.0	735.4001606406222	3.4800000000000006e-05	0.20627667178801268	0.2062778461067599	0.20627967329169294	7.421575320316676e-07
73.0	735.4001606406222	3.52e-05	0.20627642363218346	0.20627747120245826	0.2062790219955808	6.249201460119433e-07
73.0	735.4001606406222	3.56e-05	0.20627622297594428	0.20627717182226996	0.2062784712628769	5.203006049147047e-07
73.0	735.4001606406222	3.6e-05	0.20627602513420396	0.20627690068010973	0.2062780011625449	4.4170264464697425e-07
73.0	735.4001606406222	3.64e-05	0.2062759537502581	0.206276671010639	0.20627759581466965	3.686698921456405e-07
73.0	735.4001606406222	3.68e-05	0.20627580688524372	0.20627645140171763	0.20627724276855464	3.175361903262049e-07
73.0	735.4001606406222	3.72e-05	0.20627565608165987	0.2062762446374795	0.20627693232820654	2.783459275012158e-07
73.0	735.4001606406222	3.76e-05	0.20627551339338623	0.20627605115530456	0.2062766569543717	2.459874604924924e-07
73.0	735.4001606406222	3.7999999999999995e-05	0.20627539118782945	0.2062758697204484	0.2062764107721513	2.188140413874613e-07
73.0	735.4001606406222	3.8400000000000005e-05	0.20627529094394337	0.20627570500474382	0.20627618917686075	1.9540469901375604e-07
73.0	735.4001606406222	3.88e-05	0.2062751923092181	0.206275552127236	0.20627598852137474	1.7474754495651107e-07
73.0	735.4001606406222	3.9200000000000004e-05	0.20627511810676324	0.2062754173899971	0.20627580586739924	1.554257804047703e-07
73.0	735.4001606406222	3.96e-05	0.206275028531266	0.2062752964491354	0.20627563878226507	1.3659667590884483e-07
73.0	735.4001606406222	3.9999999999999996e-05	0.20627494215351838	0.20627518839343872	0.20627548515781413	1.2152380969479131e-07
73.0	735.4001606406222	4.0400000000000006e-05	0.20627486641495274	0.20627508688829377	0.20627534302446726	1.0847455878430174e-07
73.0	735.4001606406222	4.08e-05	0.2062748069289695	0.2062749937311706	0.20627521039250585	9.860844053569783e-08
73.0	735.4001606406222	4.12e-05	0.20627474036204863	0.20627490822669228	0.20627508566737607	9.068639589017138e-08
73.0	735.4001606406222	4.16e-05	0.20627467261118237	0.20627483193183363	0.20627497470313294	8.564896062068114e-08
73.0	735.4001606406222	4.2e-05	0.2062746236415407	0.20627478831564242	0.20627491391158426	8.079375843836978e-08
74.0	746.4994325283864	0.0	0.21014861572064536	0.21015168161145717	0.21015318942422567	1.0060406643101152e-06
74.0	746.4994325283864	4e-07	0.21014663560548907	0.21014978402571588	0.21015136351289865	1.043892887776153e-06
74.0	746.4994325283864	8e-07	0.2101444565766366	0.21014790613941453	0.21014986326669316	1.1665425198491454e-06
74.0	746.4994325283864	1.2000000000000002e-06	0.2101420652742858	0.21014605205424175	0.21014901699466293	1.4040296952697818e-06
74.0	746.4994325283864	1.6e-06	0.21013942883563708	0.21014409833458225	0.2101474280473532	1.6944659481033554e-06
74.0	746.4994325283864	2e-06	0.2101364970620283	0.21014209496524647	0.2101459945550177	2.1080960948965613e-06
74.0	746.4994325283864	2.4000000000000003e-06	0.2101332021892972	0.21013987281692012	0.21014437885975212	2.598555675314812e-06
74.0	746.4994325283864	2.8000000000000003e-06	0.21012945983567022	0.21013742299283072	0.2101426824423882	3.2310064559786334e-06
74.0	746.4994325283864	3.2e-06	0.2101251679710039	0.2101343087436139	0.21014035517765794	3.910980764305946e-06
74.0	746.4994325283864	3.6e-06	0.21012023232603827	0.21013064031809348	0.21013824208048515	4.833848424096451e-06
74.0	746.4994325283864	4e-06	0.21011462052371588	0.210125589637854	0.21013470966784276	5.830110472954538e-06
74.0	746.4994325283864	4.4e-06	0.2101083982484777	0.21011843337972655	0.21012934493689084	6.854400716481676e-06
74.0	746.4994325283864	4.800000000000001e-06	0.21010140395513321	0.21010206787261568	0.21010267496012602	3.056366513160171e-07
74.0	746.4994325283864	5.2e-06	0.21007563235022353	0.21008571340642168	0.2100953116014148	6.934358858449633e-06
74.0	746.4994325283864	5.600000000000001e-06	0.21007045245663836	0.21007872690595142	0.2100891764763695	5.86723646249899e-06
74.0	746.4994325283864	6e-06	0.2100671265293883	0.210073882425769	0.21008369612643474	4.842920556543411e-06
74.0	746.4994325283864	6.4e-06	0.2100651758239307	0.21007044092721872	0.2100789219949002	3.903756671097144e-06
74.0	746.4994325283864	6.8e-06	0.21006313171913238	0.21006757718154126	0.21007480361369435	3.2024847960380404e-06
74.0	746.4994325283864	7.2e-06	0.21006165150709855	0.2100654000511197	0.2100712408959744	2.538680846919449e-06
74.0	746.4994325283864	7.6e-06	0.21006035295171	0.2100634756200235	0.21006811542387993	2.0053027751017372e-06
74.0	746.4994325283864	8e-06	0.21005926481826975	0.2100618009602236	0.21006532818671353	1.5161720744215002e-06
74.0	746.4994325283864	8.4e-06	0.21005807339296556	0.21006020429849565	0.21006279394735028	1.1219802099036532e-06
74.0	746.4994325283864	8.8e-06	0.2100575155713953	0.21005872438518264	0.21006044045969663	7.359429177645019e-07
74.0	746.4994325283864	9.2e-06	0.21005653562378868	0.21005724844984539	0.2100582056792648	4.213534660584204e-07
74.0	746.4994325283864	9.600000000000001e-06	0.21005543214143163	0.21005578417042942	0.21005603443348608	1.418766271693689e-07
74.0	746.4994325283864	9.999999999999999e-06	0.21005383647937226	0.2100543348250131	0.21005461066739883	1.7737812753558147e-07
74.0	746.4994325283864	1.04e-05	0.2100516395372729	0.21005290396080714	0.2100539922321305	5.057054383208915e-07
74.0	746.4994325283864	1.08e-05	0.2100493502572478	0.21005141507158484	0.2100528952228471	8.411846125093553e-07
74.0	746.4994325283864	1.1200000000000001e-05	0.21004690914730784	0.21004988906814473	0.21005190945236585	1.2421093906032189e-06
74.0	746.4994325283864	1.16e-05	0.21004424882016348	0.210048209054829	0.21005077972568031	1.6765044786505057e-06
74.0	746.4994325283864	1.2e-05	0.2100412933936484	0.2100463639290944	0.21004953116221436	2.2078273045851014e-06
74.0	746.4994325283864	1.24e-05	0.21003796197460645	0.21004402979719625	0.21004784440229773	2.760289585869451e-06
74.0	746.4994325283864	1.28e-05	0.21003416653100881	0.21004127782273835	0.21004628024991145	3.48480979003514e-06
74.0	746.4994325283864	1.32e-05	0.2100298828823055	0.21003749770310523	0.21004366943324282	4.258894517086661e-06
74.0	746.4994325283864	1.36e-05	0.21002515734867622	0.21003214583444416	0.2100396987021007	5.051247372266709e-06
74.0	746.4994325283864	1.4e-05	0.21001965557609736	0.21001992986656956	0.21002021566902762	1.2887847804525063e-07
74.0	746.4994325283864	1.44e-05	0.20999986845199015	0.21000767759344285	0.21001526426648365	5.228740599686365e-06
74.0	746.4994325283864	1.48e-05	0.2099960428942751	0.21000246237395914	0.21001064669267588	4.429792329505189e-06
74.0	746.4994325283864	1.52e-05	0.20999359693582065	0.2099988565391938	0.2100065323841518	3.6630288212352255e-06
74.0	746.4994325283864	1.56e-05	0.20999216938457366	0.20999630504504077	0.2100029583588654	2.961937285819763e-06
74.0	746.4994325283864	1.6e-05	0.20999067528941495	0.2099941882552094	0.20999988778719203	2.4397019785274147e-06
74.0	746.4994325283864	1.6400000000000002e-05	0.20998960444927306	0.20999258885611224	0.20999723949851745	1.947971356275581e-06
74.0	746.4994325283864	1.68e-05	0.20998868001984405	0.20999118258725571	0.20999492677967613	1.5531044774441013e-06
74.0	746.4994325283864	1.7199999999999998e-05	0.2099878729685365	0.20998996788197385	0.20999287517698306	1.192607877896858e-06
74.0	746.4994325283864	1.76e-05	0.20998702293666494	0.20998881460840718	0.2099910209307101	9.039937180002755e-07
74.0	746.4994325283864	1.8e-05	0.20998663022246244	0.20998775308060116	0.20998931037016	6.234193578861703e-07
74.0	746.4994325283864	1.84e-05	0.20998593249859177	0.2099866976136208	0.2099876978327	3.988008922579066e-07
74.0	746.4994325283864	1.88e-05	0.20998516068061512	0.20998565425832486	0.20998614320955689	2.0387304902453866e-07
74.0	746.4994325283864	1.9200000000000003e-05	0.20998437833305417	0.20998462534354767	0.2099848456046507	9.464015813924706e-08
74.0	746.4994325283864	1.9600000000000002e-05	0.20998296746332024	0.2099836128069012	0.2099842801075562	2.732070522720037e-07
74.0	746.4994325283864	1.9999999999999998e-05	0.20998143240397482	0.20998256747649505	0.20998349010167683	4.986179997802382e-07
74.0	746.4994325283864	2.04e-05	0.20997974026348754	0.20998150153717027	0.20998276709337738	7.701206219964275e-07
74.0	746.4994325283864	2.08e-05	0.20997790990898935	0.20998033944242087	0.20998195469701564	1.064402719925586e-06
74.0	746.4994325283864	2.12e-05	0.20997589048865972	0.20997907262253948	0.2099810804187241	1.4242399936909267e-06
74.0	746.4994325283864	2.16e-05	0.20997362830041144	0.20997748547612968	0.20997990215092255	1.796262135268701e-06
74.0	746.4994325283864	2.2e-05	0.20997106815274336	0.20997562344663664	0.20997883262685502	2.281648388039876e-06
74.0	746.4994325283864	2.2400000000000002e-05	0.20996818882726487	0.20997308283954613	0.20997705797053445	2.7976451026271165e-06
74.0	746.4994325283864	2.28e-05	0.2099650258487813	0.20996950427862596	0.209974398162462	3.3242143267479135e-06
74.0	746.4994325283864	2.32e-05	0.20996106672398263	0.20996139361969632	0.20996172864539098	1.497528377096756e-07
74.0	746.4994325283864	2.36e-05	0.20994796454524156	0.2099532435759235	0.20995843985453	3.50859190495218e-06
74.0	746.4994325283864	2.4e-05	0.20994545002072318	0.20994979972743177	0.2099553849525666	2.976657401141725e-06
74.0	746.4994325283864	2.44e-05	0.20994385461561205	0.2099474319284722	0.20995267520772565	2.4682617099296856e-06
74.0	746.4994325283864	2.48e-05	0.2099429307906142	0.20994576934728598	0.2099503337230466	2.0061988811979868e-06
74.0	746.4994325283864	2.5200000000000003e-05	0.20994197077339383	0.2099443984656099	0.20994833580617644	1.664125892509984e-06
74.0	746.4994325283864	2.56e-05	0.20994129109233395	0.20994337609654576	0.20994662478689996	1.3442352277678853e-06
74.0	746.4994325283864	2.6e-05	0.2099407056455549	0.20994248685210945	0.20994514396339614	1.0885706848202076e-06
74.0	746.4994325283864	2.64e-05	0.20994020304995153	0.2099417310584969	0.20994384406139233	8.564310425926958e-07
74.0	746.4994325283864	2.68e-05	0.20993968071777847	0.20994102009112323	0.2099426832904978	6.732868720684206e-07
74.0	746.4994325283864	2.72e-05	0.2099394490865194	0.20994037571226562	0.20994162694031004	4.97233555793848e-07
74.0	746.4994325283864	2.76e-05	0.2099390276295523	0.20993973941988514	0.209940646034398	3.605449400642026e-07
74.0	746.4994325283864	2.8e-05	0.2099385667284901	0.20993911564162623	0.20993971577443826	2.441805407387567e-07
74.0	746.4994325283864	2.8400000000000003e-05	0.2099381051431557	0.2099385057636085	0.20993881403943426	1.4101291593161626e-07
74.0	746.4994325283864	2.88e-05	0.20993766762013788	0.20993791012843657	0.20993815794066517	9.475498765595564e-08
74.0	746.4994325283864	2.92e-05	0.20993683245234518	0.20993730664333987	0.2099377072955475	1.7737783256602293e-07
74.0	746.4994325283864	2.96e-05	0.20993595844796786	0.20993669893706104	0.20993729870782296	3.1242484026986027e-07
74.0	746.4994325283864	2.9999999999999997e-05	0.2099350195199916	0.2099360526928263	0.20993684060409024	4.649206204601895e-07
74.0	746.4994325283864	3.04e-05	0.2099339731839569	0.2099353615038186	0.2099363665060734	6.522310410105996e-07
74.0	746.4994325283864	3.0799999999999996e-05	0.20993278063233323	0.20993451804379973	0.2099357172362124	8.439027476909625e-07
74.0	746.4994325283864	3.12e-05	0.20993145464739982	0.20993354202008113	0.20993515448086963	1.0905470877949622e-06
74.0	746.4994325283864	3.16e-05	0.20992995313504803	0.209932235104668	0.209934234950933	1.3488151387467334e-06
74.0	746.4994325283864	3.2e-05	0.20992822983763038	0.20993042134922826	0.20993287313162412	1.6095529506399573e-06
74.0	746.4994325283864	3.2399999999999995e-05	0.20992607895175386	0.20992639652502845	0.2099267246213703	1.4969474194415743e-07
74.0	746.4994325283864	3.2800000000000004e-05	0.20991960680671173	0.20992233178073894	0.20992509685885619	1.7937860029938283e-06
74.0	746.4994325283864	3.32e-05	0.20991839247276722	0.20992065192304624	0.20992360296851675	1.5274731125898825e-06
74.0	746.4994325283864	3.36e-05	0.20991764038652772	0.20991951689301386	0.20992229611848856	1.276439498910637e-06
74.0	746.4994325283864	3.4e-05	0.2099172157536886	0.20991873932102156	0.20992118895769352	1.0524965700309742e-06
74.0	746.4994325283864	3.4399999999999996e-05	0.20991678563032412	0.20991811104312216	0.20992026160288013	8.899268004403136e-07
74.0	746.4994325283864	3.4800000000000006e-05	0.20991649313355776	0.20991766310892357	0.20991948630252555	7.410118310685373e-07
74.0	746.4994325283864	3.52e-05	0.20991624526131414	0.2099172884585826	0.20991883564907177	6.239432347716824e-07
74.0	746.4994325283864	3.56e-05	0.20991604469959224	0.20991698932327663	0.20991828546923408	5.193951610754435e-07
74.0	746.4994325283864	3.6e-05	0.2099158470152256	0.2099167184381486	0.2099178158474615	4.4081717249493746e-07
74.0	746.4994325283864	3.64e-05	0.20991577540225403	0.20991648898149445	0.20991741091670146	3.6781342568983093e-07
74.0	746.4994325283864	3.68e-05	0.20991562853928425	0.20991626958290463	0.2099170582366101	3.1669175152116927e-07
74.0	746.4994325283864	3.72e-05	0.20991547778405373	0.20991606303681187	0.20991674811942307	2.77487289300716e-07
74.0	746.4994325283864	3.76e-05	0.20991533527796857	0.20991586977935955	0.2099164730324059	2.4508893935990864e-07
74.0	746.4994325283864	3.7999999999999995e-05	0.20991521329174834	0.20991568856283754	0.20991622710584235	2.1786837334120124e-07
74.0	746.4994325283864	3.8400000000000005e-05	0.20991511333562407	0.2099155240424312	0.20991600573919467	1.9442121397154202e-07
74.0	746.4994325283864	3.88e-05	0.20991501469039342	0.2099153713823559	0.20991580528867537	1.736927300690331e-07
74.0	746.4994325283864	3.9200000000000004e-05	0.20991494093083762	0.2099152368943595	0.20991562281871445	1.5423692136769826e-07
74.0	746.4994325283864	3.96e-05	0.20991485128272203	0.2099151161318544	0.20991545589895022	1.3528910473751044e-07
74.0	746.4994325283864	3.9999999999999996e-05	0.20991476503745865	0.20991500820284395	0.20991530242340506	1.2010484278500442e-07
74.0	746.4994325283864	4.0400000000000006e-05	0.20991468945506941	0.20991490682890393	0.20991516042535174	1.0693102070313469e-07
74.0	746.4994325283864	4.08e-05	0.20991462985446763	0.20991481378744312	0.2099150279213129	9.694844667617389e-08
74.0	746.4994325283864	4.12e-05	0.20991456387880625	0.2099147283990534	0.20991490333604723	8.892814193754988e-08
74.0	746.4994325283864	4.16e-05	0.2099144961432211	0.20991465221465788	0.20991479264317991	8.384288427416914e-08
74.0	746.4994325283864	4.2e-05	0.2099144476735635	0.20991460868048623	0.2099147323055064	7.903228012058975e-08
75.0	757.5987044161506	0.0	0.21388661586353397	0.21388968332645275	0.21389119315935456	1.0068285980935072e-06
75.0	757.5987044161506	4e-07	0.21388463575716976	0.21388778575737188	0.21388936789440027	1.0446518505029868e-06
75.0	757.5987044161506	8e-07	0.21388245676080242	0.2138859079225643	0.21388786787156544	1.1672244718211982e-06
75.0	757.5987044161506	1.2000000000000002e-06	0.213880065515613	0.21388405390572038	0.21388702195859555	1.4045963475202363e-06
75.0	757.5987044161506	1.6e-06	0.21387742916177288	0.21388210027247936	0.213885433159148	1.6949144601072094e-06
75.0	757.5987044161506	2e-06	0.2138744975054685	0.213880097044809	0.21388399985506545	2.1084464805181725e-06
75.0	757.5987044161506	2.4000000000000003e-06	0.213871202789659	0.21387787514100334	0.21388238417186223	2.5989130263405083e-06
75.0	757.5987044161506	2.8000000000000003e-06	0.21386746064266315	0.2138754255287447	0.2138806880264177	3.231281701314055e-06
75.0	757.5987044161506	3.2e-06	0.21386316891784762	0.21387231152603234	0.21387836095177004	3.911170904896784e-06
75.0	757.5987044161506	3.6e-06	0.2138582336323367	0.21386864341347228	0.21387624823496854	4.833958204078475e-06
75.0	757.5987044161506	4e-06	0.21385262229201896	0.2138635931620147	0.21387271624648552	5.830144371545866e-06
75.0	757.5987044161506	4.4e-06	0.21384640059530735	0.21385643751644448	0.21386735215548835	6.854388917939715e-06
75.0	757.5987044161506	4.800000000000001e-06	0.21383940611662755	0.21384007335414967	0.2138406838251825	3.0763777889837983e-07
75.0	757.5987044161506	5.2e-06	0.21381364564901606	0.21382372121000356	0.21383331547889206	6.932990634848129e-06
75.0	757.5987044161506	5.600000000000001e-06	0.21380846630810169	0.21381673567549128	0.21382718112453514	5.866066589061227e-06
75.0	757.5987044161506	6e-06	0.21380514073254275	0.21381189186620037	0.21382170151614144	4.8419197721094344e-06
75.0	757.5987044161506	6.4e-06	0.21380319011104731	0.21380845083680666	0.21381692806864283	3.902912836481123e-06
75.0	757.5987044161506	6.8e-06	0.21380114628660785	0.21380558749603829	0.21381281024958998	3.201738485610853e-06
75.0	757.5987044161506	7.2e-06	0.21379966615738955	0.21380341064090808	0.2138092480876823	2.53804882253748e-06
75.0	757.5987044161506	7.6e-06	0.21379836615583336	0.21380148639233632	0.21380612311458336	2.0048480497562314e-06
75.0	757.5987044161506	8e-06	0.21379727979694962	0.21379981194203285	0.21380333632987725	1.5158031286410708e-06
75.0	757.5987044161506	8.4e-06	0.2137960885014314	0.21379821551881387	0.21380080250664868	1.121654008030387e-06
75.0	757.5987044161506	8.8e-06	0.21379553045470434	0.21379673582296838	0.21379844940830495	7.356903107297172e-07
75.0	757.5987044161506	9.2e-06	0.21379455051692098	0.2137952601129943	0.21379621499915746	4.2116711278593e-07
75.0	757.5987044161506	9.600000000000001e-06	0.21379344230903108	0.21379379607986027	0.21379404411506364	1.4176697715839429e-07
75.0	757.5987044161506	9.999999999999999e-06	0.21379184656721684	0.21379234700096286	0.213792624048474	1.7750890601833316e-07
75.0	757.5987044161506	1.04e-05	0.21378964999334027	0.21379091640842157	0.21379200802254772	5.057920412871419e-07
75.0	757.5987044161506	1.08e-05	0.21378736109940988	0.21378942779843757	0.21379091126698047	8.411965774766183e-07
75.0	757.5987044161506	1.1200000000000001e-05	0.21378492040537456	0.21378790212145304	0.21378992408676023	1.2420650605222333e-06
75.0	757.5987044161506	1.16e-05	0.21378226053851979	0.21378622252585527	0.2137887962018583	1.676482541562298e-06
75.0	757.5987044161506	1.2e-05	0.2137793056347128	0.2137843777936096	0.21378754800747313	2.2077217722794017e-06
75.0	757.5987044161506	1.24e-05	0.2137759747905692	0.21378204411816806	0.21378586159174695	2.7600776313776627e-06
75.0	757.5987044161506	1.28e-05	0.21377218006963528	0.2137792926989315	0.21378429793602738	3.4844841519239525e-06
75.0	757.5987044161506	1.32e-05	0.21376789727755074	0.21377551333152697	0.21378168775125062	4.258449314675427e-06
75.0	757.5987044161506	1.36e-05	0.21376317274512502	0.21377016252701989	0.2137777179824596	5.050708053409761e-06
75.0	757.5987044161506	1.4e-05	0.21375767884580021	0.21375794891443428	0.21375823219716938	1.2791822468019479e-07
75.0	757.5987044161506	1.44e-05	0.21373789700148205	0.2137456999789652	0.2137532819783443	5.226854632481612e-06
75.0	757.5987044161506	1.48e-05	0.2137340722957557	0.21374048615313337	0.21374866557335626	4.428174971689566e-06
75.0	757.5987044161506	1.52e-05	0.2137316268830336	0.21373688128374344	0.21374455235744172	3.6616421996347065e-06
75.0	757.5987044161506	1.56e-05	0.21373019953384276	0.21373433046699242	0.21374097931820035	2.9607577015169322e-06
75.0	757.5987044161506	1.6e-05	0.21372870583284875	0.21373221425480768	0.213737909619514	2.438655777108212e-06
75.0	757.5987044161506	1.6400000000000002e-05	0.21372763516713977	0.2137306152607203	0.21373526210242222	1.947066555998192e-06
75.0	757.5987044161506	1.68e-05	0.21372671105644692	0.21372920928879083	0.21373295006855209	1.5523907766495639e-06
75.0	757.5987044161506	1.7199999999999998e-05	0.21372590414234782	0.21372799488816893	0.21373089908071918	1.1919860496002076e-06
75.0	757.5987044161506	1.76e-05	0.21372505431228017	0.2137268419419158	0.21372904539459903	9.034070810929621e-07
75.0	757.5987044161506	1.8e-05	0.21372466140746837	0.2137257807113874	0.21372733535323274	6.228662671663932e-07
75.0	757.5987044161506	1.84e-05	0.21372396374813363	0.21372472554779148	0.21372572330626483	3.9821907457050375e-07
75.0	757.5987044161506	1.88e-05	0.2137231920753404	0.21372368251383106	0.21372416915624726	2.0306994669112554e-07
75.0	757.5987044161506	1.9200000000000003e-05	0.21372241000863124	0.21372265393740442	0.21372287248959854	9.33519228259008e-08
75.0	757.5987044161506	1.9600000000000002e-05	0.213720999392625	0.21372164174152564	0.2137223077112278	2.72847469826354e-07
75.0	757.5987044161506	1.9999999999999998e-05	0.21371945978915452	0.21372059675877841	0.21372151775222115	4.983797301386054e-07
75.0	757.5987044161506	2.04e-05	0.21371776816935384	0.21371953121286758	0.21372079495626384	7.698978942685547e-07
75.0	757.5987044161506	2.08e-05	0.21371593838363623	0.21371836960141694	0.21371998295931238	1.0642259645654623e-06
75.0	757.5987044161506	2.12e-05	0.21371391960056219	0.21371710324580653	0.21371910878438793	1.4239869948458588e-06
75.0	757.5987044161506	2.16e-05	0.21371165814219495	0.21371551664046656	0.21371793380105863	1.7958991378124515e-06
75.0	757.5987044161506	2.2e-05	0.2137090988449879	0.21371365526345357	0.21371686454830918	2.2811614632957957e-06
75.0	757.5987044161506	2.2400000000000002e-05	0.2137062205161584	0.21371111553775074	0.2137150931423797	2.797026163569468e-06
75.0	757.5987044161506	2.28e-05	0.2137030586850983	0.2137075382159837	0.2137124344332042	3.323489122294895e-06
75.0	757.5987044161506	2.32e-05	0.21369910759552635	0.21369943027499386	0.21369976274137858	1.4829641167051425e-07
75.0	757.5987044161506	2.36e-05	0.21368601117472075	0.21369128389648703	0.2136964752740882	3.506534523111917e-06
75.0	757.5987044161506	2.4e-05	0.2136834975779589	0.21368784156364246	0.21369342166265515	2.9748914652521993e-06
75.0	757.5987044161506	2.44e-05	0.2136819027682808	0.2136854748080407	0.21369071311056587	2.4667438494848135e-06
75.0	757.5987044161506	2.48e-05	0.21368097918212214	0.2136838129552731	0.2136883726910188	2.004898265852441e-06
75.0	757.5987044161506	2.5200000000000003e-05	0.21368001957439464	0.21368244269066908	0.2136863757094858	1.6629639339512328e-06
75.0	757.5987044161506	2.56e-05	0.21367934009869316	0.21368142075064805	0.2136846655049256	1.3432168726827995e-06
75.0	757.5987044161506	2.6e-05	0.2136787549551391	0.2136805318223923	0.21368318539654574	1.0877367261675435e-06
75.0	757.5987044161506	2.64e-05	0.21367825250762795	0.21367977633965654	0.21368188612844996	8.556856875384086e-07
75.0	757.5987044161506	2.68e-05	0.21367773039269267	0.21367906570050957	0.21368072592697906	6.725719328274128e-07
75.0	757.5987044161506	2.72e-05	0.21367749857494545	0.2136784216136073	0.2136796700962975	4.965459614538572e-07
75.0	757.5987044161506	2.76e-05	0.21367707718103812	0.21367778561607498	0.21367868967262282	3.5983863226300663e-07
75.0	757.5987044161506	2.8e-05	0.2136766164002566	0.21367716214621013	0.21367775986890347	2.4336527483776974e-07
75.0	757.5987044161506	2.8400000000000003e-05	0.2136761550761621	0.21367655258920176	0.21367685857467755	1.3986808684326237e-07
75.0	757.5987044161506	2.88e-05	0.2136757175571935	0.21367595727432206	0.21367620388670705	9.335539516151897e-08
75.0	757.5987044161506	2.92e-05	0.2136748828530184	0.21367535410825597	0.21367575325198906	1.7668698098410718e-07
75.0	757.5987044161506	2.96e-05	0.21367400934932057	0.21367474675981082	0.21367534484669726	3.120191677411561e-07
75.0	757.5987044161506	2.9999999999999997e-05	0.2136730709704624	0.21367410094539063	0.21367488713949	4.6467029302732157e-07
75.0	757.5987044161506	3.04e-05	0.21367202010373365	0.21367341015875663	0.21367441308959734	6.519747242639364e-07
75.0	757.5987044161506	3.0799999999999996e-05	0.213670828161435	0.21367256715121216	0.21367376408410443	8.435840415120214e-07
75.0	757.5987044161506	3.12e-05	0.21366950287624586	0.21367159167014324	0.21367320159685477	1.0901563698255551e-06
75.0	757.5987044161506	3.16e-05	0.21366800759475524	0.2136702854759471	0.21367228246662773	1.348344401335741e-06
75.0	757.5987044161506	3.2e-05	0.21366628533518472	0.21366847271882794	0.21367092138966193	1.6090304527793545e-06
75.0	757.5987044161506	3.2399999999999995e-05	0.21366413647892202	0.21366444999763826	0.21366477561507224	1.482476423862694e-07
75.0	757.5987044161506	3.2800000000000004e-05	0.21365766891319726	0.21366038824916983	0.21366314891912808	1.7919702447075353e-06
75.0	757.5987044161506	3.32e-05	0.2136564552559328	0.21365870959164554	0.21366165606412402	1.5259053327695978e-06
75.0	757.5987044161506	3.36e-05	0.21365570360595587	0.2136575753756942	0.2136603501645178	1.275070970074101e-06
75.0	757.5987044161506	3.4e-05	0.21365527913087146	0.21365679836143442	0.21365924382514567	1.0512924688039073e-06
75.0	757.5987044161506	3.4399999999999996e-05	0.21365484929470657	0.21365617055302658	0.21365831719425454	8.888185893655022e-07
75.0	757.5987044161506	3.4800000000000006e-05	0.21365455694910462	0.21365572292412732	0.21365754251452174	7.400056240938026e-07
75.0	757.5987044161506	3.52e-05	0.2136543092575245	0.21365534847624418	0.2136568923922333	6.230760119918999e-07
75.0	757.5987044161506	3.56e-05	0.2136541087782513	0.21365504953469755	0.21365634266821232	5.185851533867949e-07
75.0	757.5987044161506	3.6e-05	0.21365391124952016	0.21365477885689121	0.21365587343942405	4.4001698594318316e-07
75.0	757.5987044161506	3.64e-05	0.2136538394094929	0.21365454956801555	0.21365546884921827	3.6703312564863086e-07
75.0	757.5987044161506	3.68e-05	0.21365369252866984	0.21365433033461703	0.2136551164656364	3.159171449939177e-07
75.0	757.5987044161506	3.72e-05	0.2136535417591352	0.21365412396030714	0.21365480660758962	2.766957242426109e-07
75.0	757.5987044161506	3.76e-05	0.21365339939027983	0.21365393088024864	0.21365453174766724	2.4425757647416596e-07
75.0	757.5987044161506	3.7999999999999995e-05	0.21365327757345742	0.2136537498354608	0.2136542860204269	2.169898754982785e-07
75.0	757.5987044161506	3.8400000000000005e-05	0.21365317785523885	0.2136535854635246	0.21365406482881433	1.935059613121628e-07
75.0	757.5987044161506	3.88e-05	0.21365307918131116	0.21365343297262568	0.21365386453193214	1.7270802032027537e-07
75.0	757.5987044161506	3.9200000000000004e-05	0.21365300581262403	0.21365329867686272	0.21365368219667147	1.5312757105001774e-07
75.0	757.5987044161506	3.96e-05	0.21365291605342662	0.21365317804348175	0.21365351539486888	1.3406807405208306e-07
75.0	757.5987044161506	3.9999999999999996e-05	0.2136528298971836	0.21365307019201316	0.21365336202273344	1.187809665775364e-07
75.0	757.5987044161506	4.0400000000000006e-05	0.21365275442510612	0.21365296890266688	0.2136532201164103	1.0548918028199665e-07
75.0	757.5987044161506	4.08e-05	0.21365269469958026	0.21365287593483193	0.21365308769844926	9.539470627847563e-08
75.0	757.5987044161506	4.12e-05	0.21365262924677797	0.21365279062559028	0.21365296321180427	8.727906194815498e-08
75.0	757.5987044161506	4.16e-05	0.2136525614928031	0.21365271452066817	0.2136528527425181	8.214749139420431e-08
75.0	757.5987044161506	4.2e-05	0.21365251348207526	0.21365267104645508	0.21365279281398042	7.737676011932591e-08
76.0	768.6979763039147	0.0	0.21772423762590254	0.2177273067169922	0.21772881856107862	1.0076192145218578e-06
76.0	768.6979763039147	4e-07	0.21772225752703633	0.21772540916265443	0.2177269939230415	1.0454149731689405e-06
76.0	768.6979763039147	8e-07	0.21772007855840592	0.21772353137244407	0.21772549409576314	1.167913562201061e-06
76.0	768.6979763039147	1.2000000000000002e-06	0.2177176873621427	0.21772167741381668	0.21772464851500306	1.4051746538569983e-06
76.0	768.6979763039147	1.6e-06	0.21771505108113853	0.21771972385356758	0.21772305980617634	1.695378401771691e-06
76.0	768.6979763039147	2e-06	0.21771211952597636	0.21771772075119025	0.21772162664993822	2.1088182413138194e-06
76.0	768.6979763039147	2.4000000000000003e-06	0.21770882494604038	0.21771549906048063	0.2177200110208366	2.5992838103023173e-06
76.0	768.6979763039147	2.8000000000000003e-06	0.21770508297867952	0.2177130496315499	0.21771831508064654	3.231573613163381e-06
76.0	768.6979763039147	3.2e-06	0.21770079149081045	0.217709935840437	0.21771598818581595	3.911379451584414e-06
76.0	768.6979763039147	3.6e-06	0.21769585651350987	0.21770626800393864	0.21771387579210977	4.834092322682836e-06
76.0	768.6979763039147	4e-06	0.2176902455703127	0.21770121813794047	0.21771034418575574	5.830216963524395e-06
76.0	768.6979763039147	4.4e-06	0.21768402437178036	0.21769406304480152	0.2177049806951441	6.854440482535356e-06
76.0	768.6979763039147	4.800000000000001e-06	0.21767702977790027	0.21767770004581447	0.21767831371085933	3.0954595253600536e-07
76.0	768.6979763039147	5.2e-06	0.2176512794669625	0.21766134993211228	0.21767094050939662	6.931752468854319e-06
76.0	768.6979763039147	5.600000000000001e-06	0.21764610055904576	0.2176543652182908	0.21766480683073297	5.8650215981729145e-06
76.0	768.6979763039147	6e-06	0.21764277527181886	0.2176495219789905	0.21765932787132503	4.8410291081087e-06
76.0	768.6979763039147	6.4e-06	0.21764082472746704	0.2176460813517064	0.21765455502124453	3.902157749702348e-06
76.0	768.6979763039147	6.8e-06	0.21763878112615753	0.21764321836300485	0.2176504377298576	3.2010623502372757e-06
76.0	768.6979763039147	7.2e-06	0.2176373010942383	0.21764104174410942	0.2176468760469854	2.5374702074891046e-06
76.0	768.6979763039147	7.6e-06	0.21763599980792847	0.21763911764983682	0.2176437515026146	2.004421846089279e-06
76.0	768.6979763039147	8e-06	0.21763491497714327	0.21763744337346208	0.21764096510495445	1.5154529326396847e-06
76.0	768.6979763039147	8.4e-06	0.21763372381977764	0.21763584715172676	0.217638431635657	1.1213381157585674e-06
76.0	768.6979763039147	8.8e-06	0.21763316555239154	0.21763436763652222	0.2176360788660805	7.354391240008851e-07
76.0	768.6979763039147	9.2e-06	0.21763218561165054	0.2176328921130699	0.21763384476787628	4.2097537679881465e-07
76.0	768.6979763039147	9.600000000000001e-06	0.2176310728554487	0.2176314282837065	0.21763167418390594	1.4165838502056176e-07
76.0	768.6979763039147	9.999999999999999e-06	0.2176294769481686	0.21762997942529064	0.21763025768043942	1.7768050531377104e-07
76.0	768.6979763039147	1.04e-05	0.21762728067460824	0.21762854905690193	0.21762964390538997	5.059203391957019e-07
76.0	768.6979763039147	1.08e-05	0.217624992092877	0.21762706067387258	0.21762854732624604	8.412585317850443e-07
76.0	768.6979763039147	1.1200000000000001e-05	0.21762255173280565	0.21762553526637182	0.21762755892064778	1.2420833987502305e-06
76.0	768.6979763039147	1.16e-05	0.21761989223371714	0.21762385601332956	0.21762643264322357	1.6765233683228185e-06
76.0	768.6979763039147	1.2e-05	0.2176169377463637	0.2176220115989723	0.21762518472344805	2.2076948111697572e-06
76.0	768.6979763039147	1.24e-05	0.21761360737659885	0.21761967828592277	0.21762349859909147	2.759959770551657e-06
76.0	768.6979763039147	1.28e-05	0.21760981323000195	0.21761692731470808	0.2176219353457327	3.4842765845206195e-06
76.0	768.6979763039147	1.32e-05	0.2176055311200491	0.21761314855915617	0.21761932568559406	4.258156117785604e-06
76.0	768.6979763039147	1.36e-05	0.21760080738730458	0.21760779862079277	0.2176153567370802	5.050365494456145e-06
76.0	768.6979763039147	1.4e-05	0.2175953208232686	0.2175955868633888	0.21759586774280848	1.270091839340163e-07
76.0	768.6979763039147	1.44e-05	0.21757554319478256	0.21758334065109544	0.21759091848097611	5.225244065656908e-06
76.0	768.6979763039147	1.48e-05	0.21757171912391193	0.21757812793521783	0.21758630302335735	4.426806717818344e-06
76.0	768.6979763039147	1.52e-05	0.21756927413077864	0.21757452383466092	0.21758219069457674	3.6604699300064374e-06
76.0	768.6979763039147	1.56e-05	0.2175678469397644	0.21757197356054034	0.2175786184566162	2.959753280792087e-06
76.0	768.6979763039147	1.6e-05	0.2175663535374346	0.2175698578168259	0.21757554945666424	2.437753181157161e-06
76.0	768.6979763039147	1.6400000000000002e-05	0.21756528303305522	0.21756825914622854	0.21757290256525064	1.9462768111809853e-06
76.0	768.6979763039147	1.68e-05	0.2175643591322931	0.21756685340596513	0.21757059108589694	1.5517582248746447e-06
76.0	768.6979763039147	1.7199999999999998e-05	0.21756355233253633	0.21756563924283093	0.21756854059439412	1.1914276659089475e-06
76.0	768.6979763039147	1.76e-05	0.21756270268945244	0.21756448655662125	0.2175666873585831	9.028703928845071e-07
76.0	768.6979763039147	1.8e-05	0.2175623095874082	0.21756342555874872	0.21756497773237005	6.223514631987229e-07
76.0	768.6979763039147	1.84e-05	0.2175616119601056	0.21756237063239683	0.2175633660751073	3.976698993708141e-07
76.0	768.6979763039147	1.88e-05	0.21756084035301093	0.21756132785079568	0.2175618122983103	2.0231100850255433e-07
76.0	768.6979763039147	1.9200000000000003e-05	0.21756005850427762	0.21756029954114584	0.21756051654045372	9.216798665038587e-08
76.0	768.6979763039147	1.9600000000000002e-05	0.21755864800242009	0.21755928761382684	0.21755995241505222	2.725591849238461e-07
76.0	768.6979763039147	1.9999999999999998e-05	0.21755710406208006	0.21755824290124814	0.21755916241762918	4.982118727783367e-07
76.0	768.6979763039147	2.04e-05	0.21755541284211333	0.21755717766612204	0.2175584397606798	7.697577254210029e-07
76.0	768.6979763039147	2.08e-05	0.21755358349157383	0.21755601643631406	0.2175576281537186	1.0641350665146308e-06
76.0	768.6979763039147	2.12e-05	0.21755156519519314	0.21755475044130757	0.21755675398149332	1.423841463398209e-06
76.0	768.6979763039147	2.16e-05	0.21754930429430974	0.2175531642491263	0.21755558201790492	1.7956657320218785e-06
76.0	768.6979763039147	2.2e-05	0.21754674563681853	0.2175513033782192	0.2175545129389782	2.28083684036731e-06
76.0	768.6979763039147	2.2400000000000002e-05	0.21754386807328974	0.21754876434126286	0.21755274448107276	2.796612380896432e-06
76.0	768.6979763039147	2.28e-05	0.21754070712685003	0.21754518798889586	0.21755008667070985	3.323022264183077e-06
76.0	768.6979763039147	2.32e-05	0.21753676339660544	0.21753708210801	0.21753741217157785	1.469353757571863e-07
76.0	768.6979763039147	2.36e-05	0.21752367143047202	0.21752893862149403	0.21753412573486663	3.5048296397713107e-06
76.0	768.6979763039147	2.4e-05	0.21752115850221543	0.21752549745556732	0.21753107313203746	2.973440445112734e-06
76.0	768.6979763039147	2.44e-05	0.21751956413479068	0.21752313150335975	0.2175283655148057	2.465496379418599e-06
76.0	768.6979763039147	2.48e-05	0.21751864072666738	0.21752147021466836	0.21752602593169268	2.0038209641975984e-06
76.0	768.6979763039147	2.5200000000000003e-05	0.21751768141924632	0.21752010043404021	0.21752402967064377	1.661988514227919e-06
76.0	768.6979763039147	2.56e-05	0.21751700212305458	0.21751907882509713	0.2175223201067018	1.3423519512245446e-06
76.0	768.6979763039147	2.6e-05	0.21751641716956271	0.217518190134429	0.2175208405600344	1.0870196454220229e-06
76.0	768.6979763039147	2.64e-05	0.21751591483944122	0.2175174348861911	0.2175195417887439	8.550365584125761e-07
76.0	768.6979763039147	2.68e-05	0.21751539291823363	0.21751672449985965	0.2175183820319786	6.719383735484576e-07
76.0	768.6979763039147	2.72e-05	0.21751516090485712	0.217516080634034	0.21751732660508605	4.959273604230551e-07
76.0	768.6979763039147	2.76e-05	0.217514739536667	0.21751544485983906	0.21751634655401642	3.5919446519928623e-07
76.0	768.6979763039147	2.8e-05	0.2175142787961688	0.2175148216252321	0.21751541710042321	2.426143735921176e-07
76.0	768.6979763039147	2.8400000000000003e-05	0.21751381766882716	0.21751421231473334	0.21751451614200867	1.3880927356495e-07
76.0	768.6979763039147	2.88e-05	0.21751338007085064	0.21751361724597262	0.21751386280373008	9.207926141650069e-08
76.0	768.6979763039147	2.92e-05	0.21751254572333956	0.21751301432115697	0.2175134120985911	1.7609109966343766e-07
76.0	768.6979763039147	2.96e-05	0.21751167260531368	0.21751240724875562	0.21751300380545846	3.1169802742250385e-07
76.0	768.6979763039147	2.9999999999999997e-05	0.21751073464937587	0.21751176176712772	0.21751254648200025	4.644974287570092e-07
76.0	768.6979763039147	3.04e-05	0.21750967947328714	0.21751107128594616	0.21751207238742687	6.51810400451864e-07
76.0	768.6979763039147	3.0799999999999996e-05	0.21750848798436806	0.2175102286147835	0.21751142358288345	8.433740413707883e-07
76.0	768.6979763039147	3.12e-05	0.21750716322128394	0.21750925354537698	0.21751086126740748	1.0899001974931283e-06
76.0	768.6979763039147	3.16e-05	0.21750567357597372	0.217507947903835	0.21750994242269428	1.3480431262705281e-06
76.0	768.6979763039147	3.2e-05	0.2175039521047264	0.217506135913332	0.21750858193690092	1.608721155277193e-06
76.0	768.6979763039147	3.2399999999999995e-05	0.21750180499644234	0.2175021147407527	0.21750243804752678	1.469123096377293e-07
76.0	768.6979763039147	3.2800000000000004e-05	0.21749534090926392	0.217498055323073	0.21750081216669237	1.7904725283676465e-06
76.0	768.6979763039147	3.32e-05	0.21749412771532484	0.21749637757030582	0.2174993201072528	1.5246233172010274e-06
76.0	768.6979763039147	3.36e-05	0.21749337637802846	0.21749524396812517	0.2174980149411212	1.2739507213553674e-06
76.0	768.6979763039147	3.4e-05	0.21749295201512098	0.21749446737748046	0.21749690923610743	1.050297757789111e-06
76.0	768.6979763039147	3.4399999999999996e-05	0.21749252238036032	0.2174938399318149	0.21749598316751406	8.878900502209497e-07
76.0	768.6979763039147	3.4800000000000006e-05	0.2174922301704294	0.21749339253308875	0.21749520896987384	7.391528503488799e-07
76.0	768.6979763039147	3.52e-05	0.21749198257092583	0.21749301823075837	0.2174945592596078	6.223331447584328e-07
76.0	768.6979763039147	3.56e-05	0.21749178215640796	0.21749271942937196	0.2174940098880418	5.178839822335819e-07
76.0	768.6979763039147	3.6e-05	0.2174915847721426	0.21749244890676042	0.21749354096152018	4.3931517604345365e-07
76.0	768.6979763039147	3.64e-05	0.2174915127053243	0.2174922197388033	0.2174931366312114	3.6634209447846626e-07
76.0	768.6979763039147	3.68e-05	0.2174913657852855	0.21749200062420085	0.2174927844714709	3.1522549627589654e-07
76.0	768.6979763039147	3.72e-05	0.21749121494677404	0.2174917943749472	0.21749247480625744	2.759840000576148e-07
76.0	768.6979763039147	3.76e-05	0.21749107267390233	0.21749160142544727	0.21749220011221748	2.4350547607684573e-07
76.0	768.6979763039147	3.7999999999999995e-05	0.2174909509824099	0.21749142050677056	0.2174919545272198	2.1619022234949643e-07
76.0	768.6979763039147	3.8400000000000005e-05	0.21749085145782665	0.2174912562382924	0.2174917334569635	1.926701939946059e-07
76.0	768.6979763039147	3.88e-05	0.217490752736893	0.21749110387059506	0.21749153326291637	1.7180462816329106e-07
76.0	768.6979763039147	3.9200000000000004e-05	0.21749067971285108	0.21749096971508905	0.21749135101407369	1.5210802370591104e-07
76.0	768.6979763039147	3.96e-05	0.21749058980934777	0.2174908491660271	0.21749118428424996	1.3294365481823525e-07
76.0	768.6979763039147	3.9999999999999996e-05	0.21749050370344403	0.21749074134818666	0.21749103097172373	1.1756202162958952e-07
76.0	768.6979763039147	4.0400000000000006e-05	0.21749042830130527	0.21749064010144975	0.21749088911541037	1.0415946129244442e-07
76.0	768.6979763039147	4.08e-05	0.2174903684398286	0.21749054716903385	0.2174907567435902	9.395858954627644e-08
76.0	768.6979763039147	4.12e-05	0.21749030344865705	0.2174904619049559	0.21749063231637322	8.575158863089531e-08
76.0	768.6979763039147	4.16e-05	0.21749023564442815	0.21749038585040478	0.21749052202584274	8.057581953978062e-08
76.0	768.6979763039147	4.2e-05	0.2174901880512099	0.21749034242367443	0.2174904624664844	7.5840869942936e-08
77.0	779.7972481916789	0.0	0.22166029976664703	0.22166337042877954	0.22166488419522867	1.0083831855751195e-06
77.0	779.7972481916789	4e-07	0.22165831967378224	0.22166147288684057	0.221663060167276	1.0461534980087836e-06
77.0	779.7972481916789	8e-07	0.22165614072738382	0.22165959513455163	0.22166156051124197	1.1685836788605838e-06
77.0	779.7972481916789	1.2000000000000002e-06	0.2216537495704909	0.22165774122534182	0.22166071523845954	1.4057432543837012e-06
77.0	779.7972481916789	1.6e-06	0.2216511133484147	0.22165578772474487	0.22165912657152376	1.6958400404949367e-06
77.0	779.7972481916789	2e-06	0.22164818187560797	0.22165378472961855	0.2216576935278889	2.1091956918682962e-06
77.0	779.7972481916789	2.4000000000000003e-06	0.22164488740705224	0.2216515632197702	0.22165607798472475	2.599655433637943e-06
77.0	779.7972481916789	2.8000000000000003e-06	0.22164114558791415	0.22164911394513898	0.22165438218995703	3.2318722926852465e-06
77.0	779.7972481916789	3.2e-06	0.22163685426837088	0.22164600033000484	0.22165205545841093	3.91159897114686e-06
77.0	779.7972481916789	3.6e-06	0.22163191954990236	0.22164233273070852	0.22164994333470744	4.834245340798954e-06
77.0	779.7972481916789	4e-06	0.22162630894150137	0.22163728320269557	0.22164641206428026	5.8303227244387975e-06
77.0	779.7972481916789	4.4e-06	0.22162008816406775	0.22163012859611256	0.22164104912075366	6.8545469630986365e-06
77.0	779.7972481916789	4.800000000000001e-06	0.22161309350604697	0.2216137665690724	0.22161438316965842	3.113157151322751e-07
77.0	779.7972481916789	5.2e-06	0.22158735236733396	0.22159741819062595	0.22160700538046285	6.930653464444081e-06
77.0	779.7972481916789	5.600000000000001e-06	0.22158217378620115	0.22159043415224391	0.22160087227152747	5.86410611821101e-06
77.0	779.7972481916789	6e-06	0.22157884872793066	0.22158559138204192	0.22159539385928273	4.840251510155142e-06
77.0	779.7972481916789	6.4e-06	0.22157689824942395	0.22158215108863333	0.22159062151253917	3.901494703261017e-06
77.0	779.7972481916789	6.8e-06	0.2215748548204841	0.22157928839708768	0.2215865046552583	3.20046080463564e-06
77.0	779.7972481916789	7.2e-06	0.22157337489204476	0.2215771119738576	0.22158294337522477	2.536950044915223e-06
77.0	779.7972481916789	7.6e-06	0.22157207246309518	0.22157518800392928	0.22157981918980685	2.004030962421997e-06
77.0	779.7972481916789	8e-06	0.2215709889420161	0.2215735138664242	0.22157703311429167	1.5151275996501683e-06
77.0	779.7972481916789	8.4e-06	0.22156979792286435	0.22157191780899815	0.2215744999373479	1.121039210862584e-06
77.0	779.7972481916789	8.8e-06	0.22156923943738516	0.22157043843736235	0.22157214743681752	7.351969087833531e-07
77.0	779.7972481916789	9.2e-06	0.22156825947863545	0.2215689630619823	0.2215699135903204	4.20785981369978e-07
77.0	779.7972481916789	9.600000000000001e-06	0.2215671424121819	0.22156749939531348	0.2215677432463874	1.4155448225795126e-07
77.0	779.7972481916789	9.999999999999999e-06	0.22156554626847136	0.22156605071380475	0.22156633013605642	1.7787937828239866e-07
77.0	779.7972481916789	1.04e-05	0.22156335022974272	0.2215646205251102	0.22156571845471884	5.060795835778482e-07
77.0	779.7972481916789	1.08e-05	0.22156106188937308	0.2215631323200376	0.22156462198778915	8.413604178284539e-07
77.0	779.7972481916789	1.1200000000000001e-05	0.22155862178504648	0.2215616071280262	0.22156363250996503	1.2421534727372276e-06
77.0	779.7972481916789	1.16e-05	0.22155596256563204	0.22155992814815365	0.22156250763510243	1.6766177221526958e-06
77.0	779.7972481916789	1.2e-05	0.22155300839369296	0.22155808398177523	0.22156125990939035	2.2077370670511404e-06
77.0	779.7972481916789	1.24e-05	0.22154967837101136	0.22155575094422505	0.22155957402359405	2.7599269236704905e-06
77.0	779.7972481916789	1.28e-05	0.22154588466080316	0.2215530003208908	0.22155801108857798	3.4841771223532105e-06
77.0	779.7972481916789	1.32e-05	0.22154160307136728	0.22154922204461375	0.22155540185086497	4.258001803402974e-06
77.0	779.7972481916789	1.36e-05	0.22153687995227056	0.22154387278507523	0.22155143358050022	5.050200250035443e-06
77.0	779.7972481916789	1.4e-05	0.22153140015544004	0.22153166241428487	0.22153194101066642	1.2616657225901296e-07
77.0	779.7972481916789	1.44e-05	0.2215116257829557	0.2215194183537936	0.22152699248965835	5.223896702106256e-06
77.0	779.7972481916789	1.48e-05	0.2215078021567667	0.22151420648580858	0.22152237776895856	4.425673476012037e-06
77.0	779.7972481916789	1.52e-05	0.2215053574693222	0.22151060297235317	0.22151826613275905	3.659499128449998e-06
77.0	779.7972481916789	1.56e-05	0.2215039303921067	0.22150805311522417	0.22151469452178496	2.9589143333904855e-06
77.0	779.7972481916789	1.6e-05	0.22150243720485197	0.22150593773723487	0.22151162607048125	2.4369877982792605e-06
77.0	779.7972481916789	1.6400000000000002e-05	0.2215013668417498	0.2215043393134693	0.22150897966919736	1.945598357871289e-06
77.0	779.7972481916789	1.68e-05	0.22150044306285732	0.22150293374307545	0.22150666862313528	1.551206943089631e-06
77.0	779.7972481916789	1.7199999999999998e-05	0.2214996363529229	0.22150171975553734	0.2215046185178613	1.1909338227164338e-06
77.0	779.7972481916789	1.76e-05	0.22149878687625968	0.22150056726698353	0.22150276563042937	9.023863105881433e-07
77.0	779.7972481916789	1.8e-05	0.22149839357057743	0.22149950644191393	0.22150105632299244	6.218793389186576e-07
77.0	779.7972481916789	1.84e-05	0.2214976959448176	0.2214984516919145	0.22149944496227736	3.971591857299845e-07
77.0	779.7972481916789	1.88e-05	0.22149692433684276	0.2214974090997292	0.22149789146661814	2.0160269837146566e-07
77.0	779.7972481916789	1.9200000000000003e-05	0.22149614265098272	0.22149638099206473	0.22149659657810794	9.108897620531021e-08
77.0	779.7972481916789	1.9600000000000002e-05	0.22149473214004445	0.22149536926824767	0.22149603303710474	2.7233356089581823e-07
77.0	779.7972481916789	1.9999999999999998e-05	0.22149318406983287	0.22149432475628103	0.22149524293266865	4.981045251170803e-07
77.0	779.7972481916789	2.04e-05	0.2214914931405243	0.22149325975758236	0.22149452035297656	7.696881501108892e-07
77.0	779.7972481916789	2.08e-05	0.22148966410460513	0.22149209881940835	0.22149370911837174	1.06411899120295e-06
77.0	779.7972481916789	2.12e-05	0.22148764615914907	0.22149083309290046	0.22149283486614557	1.4237906622403427e-06
77.0	779.7972481916789	2.16e-05	0.2214853856603476	0.22148924720021834	0.22149166567771683	1.7955479719408256e-06
77.0	779.7972481916789	2.2e-05	0.22148282746166537	0.2214873867042549	0.2214905966915559	2.2806577077665128e-06
77.0	779.7972481916789	2.2400000000000002e-05	0.22147995045650237	0.22148484818194353	0.22148883089198357	2.796381621494189e-06
77.0	779.7972481916789	2.28e-05	0.22147679016044908	0.2214812725545909	0.2214861737942071	3.3227829818865747e-06
77.0	779.7972481916789	2.32e-05	0.22147285314388565	0.22147316814479184	0.22147349593658827	1.4567287831351598e-07
77.0	779.7972481916789	2.36e-05	0.22145976449802518	0.22146502686385935	0.22147021026752256	3.5034417822363175e-06
77.0	779.7972481916789	2.4e-05	0.22145725201748423	0.2214615865581197	0.22146715842108122	2.972269825374516e-06
77.0	779.7972481916789	2.44e-05	0.22145565795869615	0.22145922119792452	0.22146445150869276	2.464488797649308e-06
77.0	779.7972481916789	2.48e-05	0.2214547346712159	0.2214575603275592	0.2214621125585996	2.002942211934713e-06
77.0	779.7972481916789	2.5200000000000003e-05	0.2214537755712458	0.2214561909119801	0.22146011685218348	1.6611800077898793e-06
77.0	779.7972481916789	2.56e-05	0.2214530964236534	0.22145516954656655	0.2214584077747599	1.3416250683199786e-06
77.0	779.7972481916789	2.6e-05	0.22145251157231982	0.2214542810227155	0.22145692865409838	1.0864094789656107e-06
77.0	779.7972481916789	2.64e-05	0.2214520093299157	0.221453525941512	0.2214556302584425	8.544758493260103e-07
77.0	779.7972481916789	2.68e-05	0.22145148757542987	0.22145281574136425	0.22145447083630376	6.713802883165086e-07
77.0	779.7972481916789	2.72e-05	0.22145125535892962	0.22145217203433476	0.22145341571124	4.953732957362317e-07
77.0	779.7972481916789	2.76e-05	0.22145083398418564	0.22145153642083004	0.22145243593637254	3.5860882760781045e-07
77.0	779.7972481916789	2.8e-05	0.22145037322007877	0.2214509133576499	0.2214515067398013	2.4192393280389923e-07
77.0	779.7972481916789	2.8400000000000003e-05	0.22144991223528177	0.2214503042288633	0.22145060602531075	1.3782992838060178e-07
77.0	779.7972481916789	2.88e-05	0.22144947448794294	0.22144970934186708	0.22144995395410838	9.091352614905623e-08
77.0	779.7972481916789	2.92e-05	0.22144864040491719	0.22144910659125144	0.22144950311532963	1.7557663802635879e-07
77.0	779.7972481916789	2.96e-05	0.22144776757353668	0.22144849972443872	0.221449094876621	3.114481250403812e-07
77.0	779.7972481916789	2.9999999999999997e-05	0.22144682993192166	0.221447854492963	0.2214486379161924	4.643906909432299e-07
77.0	779.7972481916789	3.04e-05	0.22144577063284032	0.22144716423433752	0.2214481637048067	6.517250840792827e-07
77.0	779.7972481916789	3.0799999999999996e-05	0.2214445794628599	0.22144632180024	0.22144751504415172	8.432583943082588e-07
77.0	779.7972481916789	3.12e-05	0.22144325506891338	0.22144534702950774	0.22144695282152416	1.0897611354062837e-06
77.0	779.7972481916789	3.16e-05	0.22144177055339753	0.22144404179385882	0.22144603416390218	1.347888369981367e-06
77.0	779.7972481916789	3.2e-05	0.22144004965673947	0.2214422303675787	0.22144467413320879	1.6085935589804613e-06
77.0	779.7972481916789	3.2399999999999995e-05	0.22143790404190167	0.2214382102664276	0.22143853140109204	1.456773904752894e-07
77.0	779.7972481916789	3.2800000000000004e-05	0.22143144250804525	0.22143415261266036	0.221436906120406	1.7892479055074468e-06
77.0	779.7972481916789	3.32e-05	0.2214302296018964	0.22143247551575987	0.22143541465202343	1.523584339789582e-06
77.0	779.7972481916789	3.36e-05	0.22142947847322336	0.22143134235830736	0.22143411003467328	1.273040805463206e-06
77.0	779.7972481916789	3.4e-05	0.22142905418091008	0.22143056607727907	0.22143300481948813	1.049480607813275e-06
77.0	779.7972481916789	3.4399999999999996e-05	0.22142862467705804	0.22142993890290713	0.2214320791755462	8.871145503201756e-07
77.0	779.7972481916789	3.4800000000000006e-05	0.2214283325830939	0.22142949166995426	0.2214313053421515	7.384311065544304e-07
77.0	779.7972481916789	3.52e-05	0.22142808500935107	0.2214291174639515	0.22143065594267064	6.216973675069981e-07
77.0	779.7972481916789	3.56e-05	0.2214278846425115	0.22142881875709947	0.2214301068358644	5.172766125543334e-07
77.0	779.7972481916789	3.6e-05	0.22142768738794505	0.22142854834536999	0.22142963813478822	4.3869837796151635e-07
77.0	779.7972481916789	3.64e-05	0.22142761509546638	0.2214283192588393	0.22142923399623093	3.657281585141542e-07
77.0	779.7972481916789	3.68e-05	0.221427468118935	0.22142810022403936	0.22142888199909727	3.14605462830384e-07
77.0	779.7972481916789	3.72e-05	0.22142731717172026	0.22142789406064345	0.22142857247101144	2.753411631344322e-07
77.0	779.7972481916789	3.76e-05	0.22142717496102726	0.22142770120248165	0.2214282978915918	2.4282172665434345e-07
77.0	779.7972481916789	3.7999999999999995e-05	0.22142705335881452	0.2214275203718074	0.22142805240117447	2.1545857088287705e-07
77.0	779.7972481916789	3.8400000000000005e-05	0.22142695399157564	0.22142735616954118	0.22142783140758215	1.9190277051015657e-07
77.0	779.7972481916789	3.88e-05	0.22142685520720917	0.2214272038870239	0.22142763127416654	1.709711020890215e-07
77.0	779.7972481916789	3.9200000000000004e-05	0.22142678248941916	0.22142706982928828	0.22142744907168854	1.511652266168322e-07
77.0	779.7972481916789	3.96e-05	0.2214266924174524	0.22142694932794543	0.2214272823757053	1.319015217568107e-07
77.0	779.7972481916789	3.9999999999999996e-05	0.22142660633008582	0.22142684150824493	0.22142712908640672	1.1643197010230025e-07
77.0	779.7972481916789	4.0400000000000006e-05	0.22142653096421494	0.22142674026989637	0.22142698724532917	1.0292455924226109e-07
77.0	779.7972481916789	4.08e-05	0.221426470956664	0.22142664734136225	0.22142685488615044	9.262194243942119e-08
77.0	779.7972481916789	4.12e-05	0.22142640637514166	0.22142656209382228	0.22142673048519246	8.432708190824427e-08
77.0	779.7972481916789	4.16e-05	0.22142633849427984	0.22142648606408707	0.22142662033721727	7.910906741547748e-08
77.0	779.7972481916789	4.2e-05	0.22142629127641023	0.22142644267083655	0.22142656111065762	7.440805979041842e-08
78.0	790.8965200794431	0.0	0.22569190197680467	0.2256949741449385	0.22569648974823586	1.0091203079088321e-06
78.0	790.8965200794431	4e-07	0.2256899218887174	0.22569307661352386	0.2256946663092796	1.0468669551413225e-06
78.0	790.8965200794431	8e-07	0.22568774296005856	0.22569119889388958	0.22569316680581153	1.169233659463011e-06
78.0	790.8965200794431	1.2000000000000002e-06	0.2256853518347297	0.22568934502717997	0.22569232182043386	1.4062997623092909e-06
78.0	790.8965200794431	1.6e-06	0.22568271566021636	0.2256873915756517	0.22569073316169241	1.696296291797196e-06
78.0	790.8965200794431	2e-06	0.22567978425439605	0.22568538867297533	0.2256893002039071	2.1095744810448057e-06
78.0	790.8965200794431	2.4000000000000003e-06	0.2256764898771717	0.2256831673179993	0.22568768476614665	2.600024987546813e-06
78.0	790.8965200794431	2.8000000000000003e-06	0.22567274818051875	0.22568071817435556	0.22568598907375037	3.2321741575155114e-06
78.0	790.8965200794431	3.2e-06	0.22566845695125792	0.22567760470675463	0.22568366249094662	3.911825871311349e-06
78.0	790.8965200794431	3.6e-06	0.22566352245220145	0.22567393731290122	0.22568155059590556	4.8344124449437434e-06
78.0	790.8965200794431	4e-06	0.2256579121288782	0.22566888808318605	0.2256780196232393	5.83045350057385e-06
78.0	790.8965200794431	4.4e-06	0.2256516917111071	0.22566173390775918	0.22567265717897556	6.85469386563667e-06
78.0	790.8965200794431	4.800000000000001e-06	0.225644697023899	0.22564537269861262	0.22564599201663338	3.129667913166631e-07
78.0	790.8965200794431	5.2e-06	0.22561896425579242	0.22562902581686395	0.22563860988067308	6.929669850817487e-06
78.0	790.8965200794431	5.600000000000001e-06	0.2256137859211984	0.22562204233884983	0.22563247725510038	5.863296008194953e-06
78.0	790.8965200794431	6e-06	0.2256104610451226	0.22561719995755014	0.22562699930718644	4.839565346469654e-06
78.0	790.8965200794431	6.4e-06	0.2256085106218828	0.2256137599431825	0.2256222273873716	3.900906343568925e-06
78.0	790.8965200794431	6.8e-06	0.22560646732625056	0.22561089750403457	0.2256181108799602	3.1999205883739818e-06
78.0	790.8965200794431	7.2e-06	0.2256049875012236	0.22560872124355402	0.22561454994186114	2.5364784255795566e-06
78.0	790.8965200794431	7.6e-06	0.2256036840400375	0.2256067973736499	0.22561142605966378	2.003670287601022e-06
78.0	790.8965200794431	8e-06	0.22560260166325552	0.2256051233469667	0.22560864025451455	1.5148239373898586e-06
78.0	790.8965200794431	8.4e-06	0.22560141077826135	0.22560352742397582	0.22560610732087216	1.1207558434667583e-06
78.0	790.8965200794431	8.8e-06	0.22560085207871516	0.22560204816641438	0.22560375504189967	7.349636062730613e-07
78.0	790.8965200794431	9.2e-06	0.22559987209124266	0.22560057290856408	0.22560152140009215	4.206000449806282e-07
78.0	790.8965200794431	9.600000000000001e-06	0.225598750923222	0.22559910937189462	0.2255993512485981	1.4145576952934395e-07
78.0	790.8965200794431	9.999999999999999e-06	0.22559715448957363	0.225597660832546	0.22559794138173483	1.780982236977959e-07
78.0	790.8965200794431	1.04e-05	0.22559495863361523	0.22559623078813992	0.22559733166180074	5.062614626699746e-07
78.0	790.8965200794431	1.08e-05	0.22559267047841391	0.22559474272230276	0.2255962352602765	8.414923057404376e-07
78.0	790.8965200794431	1.1200000000000001e-05	0.22559023056788696	0.22559321770294696	0.22559524482401638	1.2422627993778049e-06
78.0	790.8965200794431	1.16e-05	0.22558757155846898	0.22559153894142356	0.2255941211916328	1.6767528676788126e-06
78.0	790.8965200794431	1.2e-05	0.22558461762207926	0.22558969496791287	0.2255928736008812	2.207832691404027e-06
78.0	790.8965200794431	1.24e-05	0.2255812878433039	0.22558736213760297	0.22559118791061827	2.7599605600789205e-06
78.0	790.8965200794431	1.28e-05	0.22557749446061148	0.2255846117828125	0.22558962522874992	3.484162555760168e-06
78.0	790.8965200794431	1.32e-05	0.2255732132640782	0.2255808338799776	0.22558701633195888	4.257956108896659e-06
78.0	790.8965200794431	1.36e-05	0.2255684906116615	0.22557548514936954	0.22558304862308987	5.050172027145226e-06
78.0	790.8965200794431	1.4e-05	0.22556301710142446	0.22556327579519203	0.225563552216137	1.253820298650702e-07
78.0	790.8965200794431	1.44e-05	0.22554324523045466	0.22555103343307675	0.22555860426467333	5.222761195104661e-06
78.0	790.8965200794431	1.48e-05	0.22553942190276288	0.22554582220705982	0.22555399011407662	4.4247277351041136e-06
78.0	790.8965200794431	1.52e-05	0.22553697743158363	0.2255422191376686	0.22554987901618873	3.6586886184768353e-06
78.0	790.8965200794431	1.56e-05	0.22553555043186257	0.22553966959809488	0.22554630789395969	2.958207309299906e-06
78.0	790.8965200794431	1.6e-05	0.22553405739487964	0.22553755450394963	0.22554323987151914	2.4363325564101416e-06
78.0	790.8965200794431	1.6400000000000002e-05	0.2255329871527909	0.2255359562660986	0.22554059385298153	1.9450096686718576e-06
78.0	790.8965200794431	1.68e-05	0.2255320634320892	0.22553455081653795	0.22553828314421942	1.5507217668548928e-06
78.0	790.8965200794431	1.7199999999999998e-05	0.22553125679185815	0.2255333369556834	0.22553623333805817	1.190492776173196e-06
78.0	790.8965200794431	1.76e-05	0.22553040746157738	0.22553218461533808	0.22553438071843424	9.019458257045856e-07
78.0	790.8965200794431	1.8e-05	0.2255300139492551	0.225531123915896	0.22553267165368052	6.214429100338449e-07
78.0	790.8965200794431	1.84e-05	0.22552931630235928	0.22553006929429043	0.22553106051605187	3.96680957376318e-07
78.0	790.8965200794431	1.88e-05	0.22552854464601424	0.2255290268418495	0.22552950722900444	2.0093719927452873e-07
78.0	790.8965200794431	1.9200000000000003e-05	0.2255277630799437	0.22552799888494532	0.22552821317337468	9.009686984131385e-08
78.0	790.8965200794431	1.9600000000000002e-05	0.22552635246129427	0.22552698731322612	0.22552765015724674	2.7215741498893507e-07
78.0	790.8965200794431	1.9999999999999998e-05	0.22552480044090473	0.22552594294716663	0.22552685989612442	4.980444709984272e-07
78.0	790.8965200794431	2.04e-05	0.2255231097163568	0.22552487812623978	0.2255261373460664	7.696734502866798e-07
78.0	790.8965200794431	2.08e-05	0.2255212809002778	0.22552371740877727	0.225525326463635	1.0641609966120356e-06
78.0	790.8965200794431	2.12e-05	0.22551926319906634	0.22552245187832207	0.2255244520718005	1.4238136481192641e-06
78.0	790.8965200794431	2.16e-05	0.22551700298026578	0.22552086619597467	0.22552328545441647	1.795520965190987e-06
78.0	790.8965200794431	2.2e-05	0.22551444509933205	0.22551900597146768	0.225522216498951	2.2805929176530144e-06
78.0	790.8965200794431	2.2400000000000002e-05	0.2255115684893747	0.2255164678257213	0.2255204531222077	2.796294180368921e-06
78.0	790.8965200794431	2.28e-05	0.22550840865883437	0.22551289272926725	0.2255177965863604	3.3227203674272106e-06
78.0	790.8965200794431	2.32e-05	0.22550447781531968	0.22550478932686632	0.22550511496426395	1.4449371350652532e-07
78.0	790.8965200794431	2.36e-05	0.22549139159702403	0.22549664970858377	0.22550182985573297	3.502307382253624e-06
78.0	790.8965200794431	2.4e-05	0.22548887939355566	0.225493210022166	0.22549877856681455	2.971322021783004e-06
78.0	790.8965200794431	2.44e-05	0.22548728553856545	0.22549084508780945	0.2254960721777426	2.463671480562978e-06
78.0	790.8965200794431	2.48e-05	0.225486362325646	0.22548918452070435	0.22549373369998982	2.002221208362987e-06
78.0	790.8965200794431	2.5200000000000003e-05	0.22548540336077227	0.22548781537578838	0.22549173841358794	1.660504795666705e-06
78.0	790.8965200794431	2.56e-05	0.22548472433386202	0.22548679418458295	0.22549002970070564	1.3410088079468787e-06
78.0	790.8965200794431	2.6e-05	0.22548413951985946	0.22548590577160552	0.22548855089866926	1.0858853888316453e-06
78.0	790.8965200794431	2.64e-05	0.22548363734094945	0.22548515080418746	0.2254872527828251	8.539866009130901e-07
78.0	790.8965200794431	2.68e-05	0.2254831157284416	0.22548444073747265	0.22548609360832828	6.708837169718787e-07
78.0	790.8965200794431	2.72e-05	0.2254828833048359	0.22548379714014263	0.22548503870459147	4.94872138107345e-07
78.0	790.8965200794431	2.76e-05	0.22548246189929522	0.22548316163796658	0.2254840591298839	3.58071505408876e-07
78.0	790.8965200794431	2.8e-05	0.22548200106631366	0.22548253869582588	0.22548313011695775	2.412838108070795e-07
78.0	790.8965200794431	2.8400000000000003e-05	0.22548154018126	0.22548192969750888	0.22548222957402508	1.369170544209937e-07
78.0	790.8965200794431	2.88e-05	0.2254811022270662	0.2254813349413988	0.22548157869794672	8.9839486362895e-08
78.0	790.8965200794431	2.92e-05	0.2254802683355308	0.22548073231216892	0.22548112767959427	1.751283587423593e-07
78.0	790.8965200794431	2.96e-05	0.22547939571233933	0.2254801255952494	0.22548071945077552	3.112550044306259e-07
78.0	790.8965200794431	2.9999999999999997e-05	0.22547845829896307	0.2254794805485962	0.22548026283189415	4.643361289186166e-07
78.0	790.8965200794431	3.04e-05	0.22547739504502484	0.22547879044712846	0.225479788451306	6.517019181087765e-07
78.0	790.8965200794431	3.0799999999999996e-05	0.2254762040880589	0.2254779481719525	0.2254791398890834	8.432173278498594e-07
78.0	790.8965200794431	3.12e-05	0.22547487994270377	0.22547697361048769	0.22547857769861057	1.0897146071912292e-06
78.0	790.8965200794431	3.16e-05	0.22547340013352635	0.22547566866400132	0.22547765915079943	1.347848837555007e-06
78.0	790.8965200794431	3.2e-05	0.22547167964193537	0.2254738576406954	0.22547629946517933	1.6086075251629556e-06
78.0	790.8965200794431	3.2399999999999995e-05	0.2254695353107774	0.22546983823396527	0.22547015732170195	1.4452740714621067e-07
78.0	790.8965200794431	3.2800000000000004e-05	0.22546307559829515	0.22546578189344896	0.22546853247096887	1.7882428522197753e-06
78.0	790.8965200794431	3.32e-05	0.2254618628440328	0.22546410525586197	0.22546704143144503	1.5227396894430672e-06
78.0	790.8965200794431	3.36e-05	0.22546111184210282	0.22546297240945098	0.2254657372161466	1.2722988094357376e-06
78.0	790.8965200794431	3.4e-05	0.22546068758690918	0.2254621963474437	0.22546463236799585	1.0488054807519848e-06
78.0	790.8965200794431	3.4399999999999996e-05	0.22546025815863935	0.2254615693712339	0.22546370703868845	8.864620603651542e-07
78.0	790.8965200794431	3.4800000000000006e-05	0.22545996616208175	0.22546112225264167	0.22546293347529378	7.378150150845486e-07
78.0	790.8965200794431	3.52e-05	0.22545971856511837	0.22546074810371527	0.22546228430560422	6.211482334040513e-07
78.0	790.8965200794431	3.56e-05	0.2254595182313741	0.22546044945503768	0.225461735393373	5.167453280687547e-07
78.0	790.8965200794431	3.6e-05	0.22545932109125033	0.2254601791186923	0.22546126685624657	4.3815092678666535e-07
78.0	790.8965200794431	3.64e-05	0.2254592485755902	0.22545995008209618	0.22546086285487732	3.6517727395772814e-07
78.0	790.8965200794431	3.68e-05	0.22545910152955884	0.22545973109599718	0.22546051097132214	3.1404415368031447e-07
78.0	790.8965200794431	3.72e-05	0.2254589504461464	0.22545952498711413	0.2254602015357552	2.747550073684958e-07
78.0	790.8965200794431	3.76e-05	0.22545880827046894	0.22545933218884756	0.22545992702990336	2.4219446112385105e-07
78.0	790.8965200794431	3.7999999999999995e-05	0.22545868672823044	0.22545915141561337	0.22545968159590046	2.1478337568555512e-07
78.0	790.8965200794431	3.8400000000000005e-05	0.22545858748848424	0.22545898724984867	0.2254594606431679	1.9119212465924485e-07
78.0	790.8965200794431	3.88e-05	0.22545848862771312	0.2254588350220068	0.22545926053655663	1.701958108740548e-07
78.0	790.8965200794431	3.9200000000000004e-05	0.22545841618385865	0.2254587010279896	0.22545907834830103	1.502864565732472e-07
78.0	790.8965200794431	3.96e-05	0.22545832592511594	0.22545858054517556	0.22545891165549747	1.309280020331706e-07
78.0	790.8965200794431	3.9999999999999996e-05	0.22545823983092905	0.22545847269559768	0.22545875836008378	1.1537574235912748e-07
78.0	790.8965200794431	4.0400000000000006e-05	0.2254581644749729	0.22545837143839248	0.22545861650604415	1.0176825799724678e-07
78.0	790.8965200794431	4.08e-05	0.22545810431388702	0.22545827848831668	0.225458484132119	9.136767065260112e-08
78.0	790.8965200794431	4.12e-05	0.2254580400823123	0.22545819323381777	0.2254583597299531	8.298773736587395e-08
78.0	790.8965200794431	4.16e-05	0.22545797211969543	0.2254581172072902	0.22545824969617723	7.77288354499776e-08
78.0	790.8965200794431	4.2e-05	0.22545792523968444	0.22545807383066296	0.22545819076857576	7.306004433858887e-08
79.0	801.9957919672073	0.0	0.22981526895578774	0.2298183425789177	0.22981985994376686	1.0098332807137513e-06
79.0	801.9957919672073	4e-07	0.22981328887153385	0.22981644505648877	0.2298180370740024	1.047557727496586e-06
79.0	801.9957919672073	8e-07	0.2298111099571516	0.2298145673651535	0.22981653770699761	1.1698649646170866e-06
79.0	801.9957919672073	1.2000000000000002e-06	0.22980871885737297	0.22981271353528415	0.22981569299051685	1.4068441094581724e-06
79.0	801.9957919672073	1.6e-06	0.22980608272166148	0.22981076012441654	0.22981410431605642	1.6967461011730262e-06
79.0	801.9957919672073	2e-06	0.2298031513709864	0.22980875730218528	0.22981267142303174	2.1099522836090306e-06
79.0	801.9957919672073	2.4000000000000003e-06	0.22979985706963824	0.22980653608103382	0.22981105610268138	2.6003907538180377e-06
79.0	801.9957919672073	2.8000000000000003e-06	0.22979611547562584	0.22980408704968455	0.22980936048068124	3.232476551121102e-06
79.0	801.9957919672073	3.2e-06	0.2297918242961563	0.22980097370709446	0.2298070340342413	3.912057041530219e-06
79.0	801.9957919672073	3.6e-06	0.22978688998482877	0.2297973064931016	0.22980492233453642	4.8345891596680765e-06
79.0	801.9957919672073	4e-06	0.22978127990649977	0.22979225752930288	0.22980139162798707	5.830602006062504e-06
79.0	801.9957919672073	4.4e-06	0.2297750597987127	0.22978510373985184	0.22979602964134305	6.85486921479837e-06
79.0	801.9957919672073	4.800000000000001e-06	0.2297680651123537	0.22976874322732413	0.2297693650804815	3.145172975563862e-07
79.0	801.9957919672073	5.2e-06	0.22974234003268634	0.22975239765022729	0.2297619788070291	6.92878166835106e-06
79.0	801.9957919672073	5.600000000000001e-06	0.22973716188354487	0.22974541464158504	0.22975584659659187	5.8625718029576635e-06
79.0	801.9957919672073	6e-06	0.2297338371529909	0.2297405725857257	0.22975036904736523	4.838953390212737e-06
79.0	801.9957919672073	6.4e-06	0.22973188677651546	0.22973713280672178	0.22974559749377388	3.90037881011876e-06
79.0	801.9957919672073	6.8e-06	0.2297298435835451	0.22973427058394078	0.22974148127584915	3.1994309385830916e-06
79.0	801.9957919672073	7.2e-06	0.22972836385936724	0.22973209445997494	0.22973792063051945	2.536047195769187e-06
79.0	801.9957919672073	7.6e-06	0.22972705945556537	0.22973017067095824	0.22973479700668875	2.0033351931554373e-06
79.0	801.9957919672073	8e-06	0.2297259780926666	0.22972849673301407	0.22973201143037691	1.5145389188753143e-06
79.0	801.9957919672073	8.4e-06	0.22972478733564738	0.2297269009207367	0.22972947870083793	1.120486409028388e-06
79.0	801.9957919672073	8.8e-06	0.22972422842735707	0.22972542175404254	0.22972712660562777	7.347388154495422e-07
79.0	801.9957919672073	9.2e-06	0.2297232484039773	0.22972394658970152	0.2297248931312339	4.204182209354759e-07
79.0	801.9957919672073	9.600000000000001e-06	0.22972212332199593	0.22972248315720792	0.22972272313457065	1.4136278782357518e-07
79.0	801.9957919672073	9.999999999999999e-06	0.22972052655856778	0.22972103473247124	0.2297213163722116	1.7833189309978786e-07
79.0	801.9957919672073	1.04e-05	0.22971833084438043	0.22971960480429468	0.22972070849721238	5.064597536140162e-07
79.0	801.9957919672073	1.08e-05	0.22971604283019964	0.22971811684721946	0.22971961212699465	8.416465279657739e-07
79.0	801.9957919672073	1.1200000000000001e-05	0.22971360306491295	0.2297165919665866	0.22971862082293804	1.242401553956408e-06
79.0	801.9957919672073	1.16e-05	0.22971094421095906	0.2297149133799702	0.22971749830323684	1.6769183088129025e-06
79.0	801.9957919672073	1.2e-05	0.22970799044769485	0.22971306955595372	0.22971625080297997	2.207968483235674e-06
79.0	801.9957919672073	1.24e-05	0.22970466083694063	0.22971073687951762	0.22971456527396672	2.760045007029107e-06
79.0	801.9957919672073	1.28e-05	0.22970086769618447	0.22970798673082982	0.22971300279362072	3.4842132114655905e-06
79.0	801.9957919672073	1.32e-05	0.2296965867920404	0.22970420911778638	0.22971039417279293	4.25799375157101e-06
79.0	801.9957919672073	1.36e-05	0.22969186449027834	0.22969886079754975	0.2297064269305853	5.050248081249493e-06
79.0	801.9957919672073	1.4e-05	0.2296863968510907	0.22968665217037948	0.22968692651514822	1.2464836945801465e-07
79.0	801.9957919672073	1.44e-05	0.22966662688573614	0.229674411146871	0.22968197899847098	5.2217966918841056e-06
79.0	801.9957919672073	1.48e-05	0.22966280374398362	0.22966920040076602	0.22967736528642657	4.423932379944611e-06
79.0	801.9957919672073	1.52e-05	0.22966035941915663	0.22966559766281586	0.22967325460495402	3.658006482005466e-06
79.0	801.9957919672073	1.56e-05	0.2296589324684568	0.22966304836225115	0.22966968386206776	2.957606220946226e-06
79.0	801.9957919672073	1.6e-05	0.2296574395309543	0.22966093348691924	0.2296666161716434	2.435766400030152e-06
79.0	801.9957919672073	1.6400000000000002e-05	0.22965636939179657	0.22965933538686562	0.22966397045053988	1.9444939956439374e-06
79.0	801.9957919672073	1.68e-05	0.22965544568192175	0.2296579300196884	0.22966166000289512	1.5502906771102064e-06
79.0	801.9957919672073	1.7199999999999998e-05	0.22965463909515282	0.22965671624711928	0.22965961042679073	1.1900952355441179e-06
79.0	801.9957919672073	1.76e-05	0.2296537898926525	0.22965556401595172	0.2296577580112098	9.015418410955494e-07
79.0	801.9957919672073	1.8e-05	0.22965339617342106	0.22965450340508883	0.22965604912901316	6.210367965728209e-07
79.0	801.9957919672073	1.84e-05	0.22965269848867464	0.22965344887421077	0.22965443815652353	3.962308046730578e-07
79.0	801.9957919672073	1.88e-05	0.2296519267509547	0.22965240652239163	0.22965288502096826	2.003090135828192e-07
79.0	801.9957919672073	1.9200000000000003e-05	0.22965114527042818	0.22965137867579197	0.2296515917649966	8.917880714799744e-08
79.0	801.9957919672073	1.9600000000000002e-05	0.22964973446713888	0.229650367215565	0.22965102922178016	2.720208604544904e-07
79.0	801.9957919672073	1.9999999999999998e-05	0.22964817866088172	0.22964932295238555	0.22965023876836987	4.980214989243019e-07
79.0	801.9957919672073	2.04e-05	0.22964648807353072	0.22964825826286064	0.22964951621114782	7.697012600309687e-07
79.0	801.9957919672073	2.08e-05	0.2296446594028172	0.22964709770997246	0.229648705661484	1.0642474924692635e-06
79.0	801.9957919672073	2.12e-05	0.22964264186207917	0.2296458323185272	0.22964783108636233	1.423893357157237e-06
79.0	801.9957919672073	2.16e-05	0.22964038182744417	0.2296442467766193	0.229646666865726	1.7955642685615494e-06
79.0	801.9957919672073	2.2e-05	0.2296378241529986	0.2296423867420631	0.2296455978929881	2.2806168833295676e-06
79.0	801.9957919672073	2.2400000000000002e-05	0.22963494780972926	0.22963984886381503	0.22964383674315858	2.7963177946750473e-06
79.0	801.9957919672073	2.28e-05	0.2296317882988168	0.22963627414480747	0.22964118064753247	3.322793791369343e-06
79.0	801.9957919672073	2.32e-05	0.22962786316852046	0.2296281713858233	0.22962849497545612	1.4338711359937854e-07
79.0	801.9957919672073	2.36e-05	0.22961477867180502	0.22962003299924555	0.22962521026390714	3.501377040715222e-06
79.0	801.9957919672073	2.4e-05	0.22961226661332823	0.2296165937420873	0.2296221593751806	2.970552816965536e-06
79.0	801.9957919672073	2.44e-05	0.22961067287992787	0.2296142291023529	0.2296194533655811	2.4630065715274425e-06
79.0	801.9957919672073	2.48e-05	0.22960974970524006	0.22961256874741431	0.22961711523268669	2.001626873488805e-06
79.0	801.9957919672073	2.5200000000000003e-05	0.22960879081846475	0.22961119979811098	0.22961512025605924	1.659937237277319e-06
79.0	801.9957919672073	2.56e-05	0.229608111888143	0.22961017872621298	0.22961341181076556	1.3404823113379814e-06
79.0	801.9957919672073	2.6e-05	0.22960752706286236	0.22960929038006953	0.229611933242035	1.0854314185423066e-06
79.0	801.9957919672073	2.64e-05	0.22960702492787366	0.2296085354844663	0.2296106353299079	8.535558809334933e-07
79.0	801.9957919672073	2.68e-05	0.22960650343504874	0.22960782550939945	0.22960947633402018	6.704380797353442e-07
79.0	801.9957919672073	2.72e-05	0.22960627080309504	0.22960718198304939	0.22960842158777872	4.944151967505855e-07
79.0	801.9957919672073	2.76e-05	0.22960584934855177	0.22960654655326254	0.229607442152985	3.575750182878167e-07
79.0	801.9957919672073	2.8e-05	0.22960538841453015	0.22960592369229305	0.22960651326562154	2.4068677998743743e-07
79.0	801.9957919672073	2.8400000000000003e-05	0.22960492759504358	0.2296053147837798	0.2296056128370152	1.360616566833028e-07
79.0	801.9957919672073	2.88e-05	0.2296044893891258	0.229604720118163	0.22960496309213863	8.88440732443133e-08
79.0	801.9957919672073	2.92e-05	0.22960365563102592	0.22960411756855348	0.22960451186139164	1.7473505970608154e-07
79.0	801.9957919672073	2.96e-05	0.22960278315356142	0.22960351095726025	0.22960410360796235	3.111076666485202e-07
79.0	801.9957919672073	2.9999999999999997e-05	0.22960184589985566	0.22960286604340743	0.22960364731047633	4.6432273740719806e-07
79.0	801.9957919672073	3.04e-05	0.2296007788471206	0.22960217604728347	0.22960317272220454	6.517274930597114e-07
79.0	801.9957919672073	3.0799999999999996e-05	0.22959958801932423	0.22960133386935022	0.22960252422253014	8.432349673046786e-07
79.0	801.9957919672073	3.12e-05	0.22959826402705996	0.22960035944620227	0.22960196201688543	1.0897408342929858e-06
79.0	801.9957919672073	3.16e-05	0.22959678750179435	0.22959905469590752	0.22960104351799693	1.3478995590708942e-06
79.0	801.9957919672073	3.2e-05	0.22959506834190346	0.22959724394695263	0.22959968408829212	1.6087314533105636e-06
79.0	801.9957919672073	3.2399999999999995e-05	0.22959292512035834	0.22959322493617831	0.22959354208794558	1.4345164549639767e-07
79.0	801.9957919672073	3.2800000000000004e-05	0.22958646664546567	0.22958916954787922	0.22959191753133545	1.7874164222803926e-06
79.0	801.9957919672073	3.32e-05	0.2295852539373202	0.2295874932130869	0.22959042679095543	1.522052429205475e-06
79.0	801.9957919672073	3.36e-05	0.229584502997354	0.22958636057109566	0.22958912286014854	1.2716927609662084e-06
79.0	801.9957919672073	3.4e-05	0.22958407875236642	0.22958558465556606	0.22958801827920983	1.0482456585488253e-06
79.0	801.9957919672073	3.4399999999999996e-05	0.22958364935552478	0.22958495781858818	0.22958709317618897	8.859100499010544e-07
79.0	801.9957919672073	3.4800000000000006e-05	0.22958335743937042	0.2295845107730311	0.2295863198070478	7.372856436968838e-07
79.0	801.9957919672073	3.52e-05	0.22958310978245322	0.22958413664980112	0.22958567080200165	6.206705028089927e-07
79.0	801.9957919672073	3.56e-05	0.22958290946967796	0.22958383803017435	0.22958512202785997	5.162770378527322e-07
79.0	801.9957919672073	3.6e-05	0.22958271242918915	0.2295835677405903	0.2295846536051629	4.376613445895926e-07
79.0	801.9957919672073	3.64e-05	0.2295826396938594	0.22958333872867132	0.22958424969703461	3.646792710396195e-07
79.0	801.9957919672073	3.68e-05	0.2295824925685679	0.22958311976631846	0.22958389788755618	3.135323253757259e-07
79.0	801.9957919672073	3.72e-05	0.22958234133068167	0.22958291368667827	0.22958358850856975	2.7421690091070527e-07
79.0	801.9957919672073	3.76e-05	0.2295821991680178	0.22958272092284332	0.22958331404321086	2.4161544398306337e-07
79.0	801.9957919672073	3.7999999999999995e-05	0.2295820776619415	0.22958254018228905	0.2295830686348701	2.1415677921387327e-07
79.0	801.9957919672073	3.8400000000000005e-05	0.22958197852460227	0.229582376029098	0.22958284769415283	1.9053053745895621e-07
79.0	801.9957919672073	3.88e-05	0.2295818795771858	0.22958222383119783	0.22958264758708768	1.694711469819182e-07
79.0	801.9957919672073	3.9200000000000004e-05	0.2295818073795024	0.22958208987326706	0.22958246538714544	1.494635199594835e-07
79.0	801.9957919672073	3.96e-05	0.2295817169212624	0.22958196938552375	0.22958229867278046	1.3001442584196483e-07
79.0	801.9957919672073	3.9999999999999996e-05	0.22958163079992477	0.22958186148388726	0.2295821453475373	1.1438386314522187e-07
79.0	801.9957919672073	4.0400000000000006e-05	0.2295815554325129	0.2295817601860392	0.22958200345768365	1.0068050268577804e-07
79.0	801.9957919672073	4.08e-05	0.22958149511141634	0.22958166719390852	0.2295818710467019	9.018533340661038e-08
79.0	801.9957919672073	4.12e-05	0.22958143113958052	0.22958158191330044	0.22958174662071595	8.172281568642838e-08
79.0	801.9957919672073	4.16e-05	0.2295813631310839	0.22958150587224244	0.22958163667797837	7.642409892775942e-08
79.0	801.9957919672073	4.2e-05	0.2295813165563958	0.22958146249607017	0.22958157801859436	7.178490845800415e-08
80.0	813.0950638549715	0.0	0.23402606748262045	0.23402914250700127	0.23403066155978536	1.0105212017755663e-06
80.0	813.0950638549715	4e-07	0.23402408740155334	0.2340272449923148	0.2340288392379657	1.0482246587448226e-06
80.0	813.0950638549715	8e-07	0.23402190849907178	0.23402536732572712	0.23402733999320713	1.170475692862567e-06
80.0	813.0950638549715	1.2000000000000002e-06	0.23401951742072313	0.23402351352814327	0.23402649552851962	1.4073731175660449e-06
80.0	813.0950638549715	1.6e-06	0.23401688131783605	0.23402156015149297	0.23402490682171706	1.6971853530231417e-06
80.0	813.0950638549715	2e-06	0.23401395001425218	0.2340195574002358	0.23402347397666823	2.1103237245197687e-06
80.0	813.0950638549715	2.4000000000000003e-06	0.23401065577830682	0.23401733629625848	0.2340218587818752	2.600747282329239e-06
80.0	813.0950638549715	2.8000000000000003e-06	0.2340069142735013	0.23401488736313014	0.2340201632063934	3.2327728260079643e-06
80.0	813.0950638549715	3.2e-06	0.2340026231161696	0.23401177412937726	0.23401783688740352	3.9122848237936134e-06
80.0	813.0950638549715	3.6e-06	0.23399768897095097	0.2340081070769396	0.23401572535660176	4.834765918595488e-06
80.0	813.0950638549715	4e-06	0.23399207910996989	0.23400305835652013	0.23401219489203484	5.830755751794059e-06
80.0	813.0950638549715	4.4e-06	0.23398585927744087	0.23399590492224845	0.23400683333092154	6.855056339093836e-06
80.0	813.0950638549715	4.800000000000001e-06	0.2339788646234826	0.233979545025599	0.2339801692543002	3.159784847949277e-07
80.0	813.0950638549715	5.2e-06	0.23395314666756928	0.23396320061037446	0.2339727790430226	6.927968655080291e-06
80.0	813.0950638549715	5.600000000000001e-06	0.23394796866205958	0.23395621800456531	0.23396664719845273	5.86191487262472e-06
80.0	813.0950638549715	6e-06	0.23394464405172322	0.23395137622804638	0.23396117000026617	4.838399737506573e-06
80.0	813.0950638549715	6.4e-06	0.2339426937179141	0.23394793665303298	0.23395639876878604	3.899899552048784e-06
80.0	813.0950638549715	6.8e-06	0.23394065060544733	0.2339450746207362	0.2339522827960563	3.1989822356612285e-06
80.0	813.0950638549715	7.2e-06	0.23393917098077122	0.23394289861516468	0.2339487224079715	2.535649389455249e-06
80.0	813.0950638549715	7.6e-06	0.23393786571376918	0.23394097489489438	0.23394559901033052	2.003021786278202e-06
80.0	813.0950638549715	8e-06	0.23393678525825745	0.2339393010310223	0.23394281363332414	1.514270399683509e-06
80.0	813.0950638549715	8.4e-06	0.2339355946243984	0.23393770531330382	0.2339402810802893	1.120230296270147e-06
80.0	813.0950638549715	8.8e-06	0.23393503551487083	0.23393622622193683	0.23393792914249456	7.345233301508768e-07
80.0	813.0950638549715	9.2e-06	0.23393405545284374	0.2339347511349979	0.23393569580979534	4.2024254947197734e-07
80.0	813.0950638549715	9.600000000000001e-06	0.23393292663396625	0.23393328778908112	0.23393352594227945	1.4127770900296367e-07
80.0	813.0950638549715	9.999999999999999e-06	0.23393132952556517	0.23393183945991777	0.23393212215144565	1.7857366156756238e-07
80.0	813.0950638549715	1.04e-05	0.2339291339256313	0.23393040962856743	0.23393151601391082	5.066659912649332e-07
80.0	813.0950638549715	1.08e-05	0.23392684602307767	0.23392892175945265	0.23393041965242212	8.418126062185683e-07
80.0	813.0950638549715	1.1200000000000001e-05	0.23392440637092093	0.23392739699399986	0.23392942756000235	1.2425564795756988e-06
80.0	813.0950638549715	1.16e-05	0.23392174763657092	0.23392571855170727	0.23392830604625203	1.6770988636089805e-06
80.0	813.0950638549715	1.2e-05	0.23391879400551563	0.23392387484772698	0.23392705860573404	2.2081256337412637e-06
80.0	813.0950638549715	1.24e-05	0.2339154645126662	0.2339215422898397	0.23392537321571716	2.7601578093467e-06
80.0	813.0950638549715	1.28e-05	0.23391167155771164	0.2339187923059053	0.23392381089985292	3.484301247174601e-06
80.0	813.0950638549715	1.32e-05	0.23390739087969692	0.23391501492782793	0.23392120251052528	4.2580802269131015e-06
80.0	813.0950638549715	1.36e-05	0.23390266885151956	0.23390966694063464	0.23391723566965972	5.050385911685699e-06
80.0	813.0950638549715	1.4e-05	0.2338972067312426	0.23389745885238836	0.23389773121279944	1.2396138204774144e-07
80.0	813.0950638549715	1.44e-05	0.2338774382599551	0.2338852189180023	0.2338927840397007	5.220956357650209e-06
80.0	813.0950638549715	1.48e-05	0.2338736152296903	0.23388000854004767	0.23388817067648837	4.423246215845181e-06
80.0	813.0950638549715	1.52e-05	0.23387117100477717	0.2338764060561049	0.23388406032785447	3.657418033524803e-06
80.0	813.0950638549715	1.56e-05	0.2338697440860873	0.23387385694088705	0.2338804898890796	2.9570831365710512e-06
80.0	813.0950638549715	1.6e-05	0.23386825121319266	0.233871742239907	0.2338774224638387	2.4352668193163217e-06
80.0	813.0950638549715	1.6400000000000002e-05	0.23386718116550842	0.23387014424546282	0.23387477698152015	1.94403378756148e-06
80.0	813.0950638549715	1.68e-05	0.23386625743432354	0.23386873893605017	0.23387246674275097	1.5499009661996671e-06
80.0	813.0950638549715	1.7199999999999998e-05	0.2338654508917326	0.23386752522658663	0.23387041734951897	1.1897318460674405e-06
80.0	813.0950638549715	1.76e-05	0.23386460180421498	0.23386637307859454	0.23386856509459175	9.011677185583677e-07
80.0	813.0950638549715	1.8e-05	0.23386420788183493	0.233865312531863	0.23386685635424165	6.206567739521855e-07
80.0	813.0950638549715	1.84e-05	0.23386351015031348	0.23386425806682745	0.23386524550785381	3.958062338318511e-07
80.0	813.0950638549715	1.88e-05	0.23386273831235282	0.2338632157894851	0.2338636924855111	1.9971593754677946e-07
80.0	813.0950638549715	1.9200000000000003e-05	0.23386195689377942	0.2338621880258662	0.23386240000023495	8.832587700631078e-08
80.0	813.0950638549715	1.9600000000000002e-05	0.23386054585994565	0.23386117664967748	0.2338618378819879	2.719134687529994e-07
80.0	813.0950638549715	1.9999999999999998e-05	0.23385898643373437	0.23386013246051	0.23386104721518386	4.980233731957959e-07
80.0	813.0950638549715	2.04e-05	0.23385729593911364	0.23385906787086622	0.23386032462598383	7.697560835121052e-07
80.0	813.0950638549715	2.08e-05	0.2338554673648794	0.23385790744384763	0.23385951439607755	1.064360248112906e-06
80.0	813.0950638549715	2.12e-05	0.23385344992969603	0.23385664215310606	0.23385863961055264	1.4240068592910556e-06
80.0	813.0950638549715	2.16e-05	0.23385119001637733	0.2338550567054886	0.23385747764062526	1.7956501742316782e-06
80.0	813.0950638549715	2.2e-05	0.23384863247515852	0.23385319680694852	0.23385640861984935	2.2806950458672603e-06
80.0	813.0950638549715	2.2400000000000002e-05	0.23384575631378812	0.23385065912441283	0.23385464953740343	2.796409743891773e-06
80.0	813.0950638549715	2.28e-05	0.2338425970256548	0.2338470846821066	0.23385199379874866	3.3229510947458786e-06
80.0	813.0950638549715	2.32e-05	0.23383867722529494	0.23383898232847058	0.2338393039675486	1.4234638231196957e-07
80.0	813.0950638549715	2.36e-05	0.2338255939668965	0.23383084487724712	0.23383601954259703	3.500592733194914e-06
80.0	813.0950638549715	2.4e-05	0.23382308196602342	0.23382740591915255	0.23383296894716565	2.969911472979162e-06
80.0	813.0950638549715	2.44e-05	0.2338214882995464	0.23382504148428426	0.23383026321881406	2.462451297917143e-06
80.0	813.0950638549715	2.48e-05	0.2338205651405323	0.23382338127939775	0.2338279253434461	2.001124414522496e-06
80.0	813.0950638549715	2.5200000000000003e-05	0.23381960629296739	0.23382201247440124	0.23382593060155532	1.659448793439615e-06
80.0	813.0950638549715	2.56e-05	0.23381892744339616	0.23382099148487182	0.23382422235731593	1.3400227204666348e-06
80.0	813.0950638549715	2.6e-05	0.2338183425741942	0.23382010317689686	0.2338227439633771	1.0850300177554519e-06
80.0	813.0950638549715	2.64e-05	0.2338178404713842	0.2338193483252826	0.23382144620286205	8.531699549944819e-07
80.0	813.0950638549715	2.68e-05	0.2338173190827133	0.23381863841377823	0.23382028733842475	6.700326470254463e-07
80.0	813.0950638549715	2.72e-05	0.23381708624518804	0.23381799493259178	0.23381923270619165	4.939944302511386e-07
80.0	813.0950638549715	2.76e-05	0.23381666473139262	0.23381735954920443	0.23381825337039785	3.571132861144285e-07
80.0	813.0950638549715	2.8e-05	0.23381620367859224	0.23381673674253356	0.23381732456928006	2.4012796104734664e-07
80.0	813.0950638549715	2.8400000000000003e-05	0.23381574290117513	0.23381612789615755	0.23381642421638205	1.3525862710210016e-07
80.0	813.0950638549715	2.88e-05	0.23381530441588794	0.2338155332935176	0.2338157755420358	8.79183384937947e-08
80.0	813.0950638549715	2.92e-05	0.2338144707514882	0.23381493079525761	0.23381532407960304	1.743863854980031e-07
80.0	813.0950638549715	2.96e-05	0.23381359837691118	0.23381432425921858	0.2338149157782663	3.109941639961228e-07
80.0	813.0950638549715	2.9999999999999997e-05	0.23381266123578914	0.23381367944193324	0.23381445978805626	4.643370146486576e-07
80.0	813.0950638549715	3.04e-05	0.2338115905479512	0.2338129895158654	0.23381398496845218	6.517847582118126e-07
80.0	813.0950638549715	3.0799999999999996e-05	0.23381039979317286	0.23381214739373155	0.23381333650935066	8.432906409280016e-07
80.0	813.0950638549715	3.12e-05	0.23380907588979927	0.2338111730609508	0.2338127742566618	1.0898138709819533e-06
80.0	813.0950638549715	3.16e-05	0.23380760142930956	0.23380986844407747	0.23381185576689667	1.3480082040951457e-06
80.0	813.0950638549715	3.2e-05	0.2338058844207236	0.2338080578826823	0.2338104965331178	1.608925534902019e-06
80.0	813.0950638549715	3.2399999999999995e-05	0.2338037421802559	0.23380403906749558	0.2338043543837136	1.4244278400300047e-07
80.0	813.0950638549715	3.2800000000000004e-05	0.23379728453590776	0.2337999843771642	0.23380273002705199	1.7867210486795033e-06
80.0	813.0950638549715	3.32e-05	0.233796071802721	0.23379830823536626	0.23380123949516385	1.5214805414030032e-06
80.0	813.0950638549715	3.36e-05	0.23379532088049704	0.23379717572292455	0.23379993576614222	1.2711867663278492e-06
80.0	813.0950638549715	3.4e-05	0.23379489662827968	0.23379639990282056	0.2337988313814332	1.0477713941820057e-06
80.0	813.0950638549715	3.4399999999999996e-05	0.23379446723204023	0.23379577316328273	0.23379790644189313	8.85433539939396e-07
80.0	813.0950638549715	3.4800000000000006e-05	0.23379417538390523	0.23379532616176854	0.2337971332129749	7.368222124888005e-07
80.0	813.0950638549715	3.52e-05	0.23379392764262175	0.2337949520428304	0.23379648432598277	6.202473706997115e-07
80.0	813.0950638549715	3.56e-05	0.23379372734300485	0.233794653431967	0.23379593564944567	5.158575978280575e-07
80.0	813.0950638549715	3.6e-05	0.23379353039051143	0.23379438316883924	0.2337954673056304	4.372174938217397e-07
80.0	813.0950638549715	3.64e-05	0.2337934574408811	0.23379415416379887	0.2337950634591497	3.6422376423671274e-07
80.0	813.0950638549715	3.68e-05	0.2337933102309515	0.23379393520756483	0.23379471169532273	3.1306083414225313e-07
80.0	813.0950638549715	3.72e-05	0.233793158829803	0.23379372913911328	0.2337944023470273	2.7371853622982426e-07
80.0	813.0950638549715	3.76e-05	0.23379301666424102	0.23379353639131936	0.23379412789832	2.4107693833450495e-07
80.0	813.0950638549715	3.7999999999999995e-05	0.23379289517632262	0.23379335566551485	0.23379388249346	2.1357158557661702e-07
80.0	813.0950638549715	3.8400000000000005e-05	0.2337927961219579	0.23379319150766487	0.23379366154393377	1.8991113558621273e-07
80.0	813.0950638549715	3.88e-05	0.2337926970814479	0.2337930393215467	0.2337934614167203	1.6879054861621924e-07
80.0	813.0950638549715	3.9200000000000004e-05	0.2337926251069602	0.23379290537903485	0.23379327918635173	1.486896101674814e-07
80.0	813.0950638549715	3.96e-05	0.23379253444292836	0.23379278486913904	0.23379311243251522	1.291539106354882e-07
80.0	813.0950638549715	3.9999999999999996e-05	0.23379244827923973	0.23379267689948127	0.23379295906026076	1.1344909595340817e-07
80.0	813.0950638549715	4.0400000000000006e-05	0.23379237288388577	0.23379257554506083	0.23379281711802324	9.965388527122509e-08
80.0	813.0950638549715	4.08e-05	0.23379231239794152	0.2337924824957277	0.23379268465376235	8.906747677855345e-08
80.0	813.0950638549715	4.12e-05	0.23379224865742287	0.23379239717470168	0.23379256018733674	8.05249018552665e-08
80.0	813.0950638549715	4.16e-05	0.23379218058816953	0.23379232110572898	0.233792450317309	7.518754270185364e-08
80.0	813.0950638549715	4.2e-05	0.2337921342906215	0.23379227771731148	0.23379239190061707	7.057579934449448e-08
81.0	824.1943357427357	0.0	0.23832290190729832	0.23832597828933993	0.23832749896681804	1.0111879233444551e-06
81.0	824.1943357427357	4e-07	0.23832092182871634	0.23832408078123873	0.23832567717189512	1.0488715449762924e-06
81.0	824.1943357427357	8e-07	0.23831874293555444	0.23832220313607422	0.23832417803668537	1.1710694941946024e-06
81.0	824.1943357427357	1.2000000000000002e-06	0.23831635187414957	0.23832034936648466	0.23832333380829507	1.4078901973260963e-06
81.0	824.1943357427357	1.6e-06	0.23831371579754101	0.23831839601796387	0.2383217450569841	1.697617449759316e-06
81.0	824.1943357427357	2e-06	0.2383107845321808	0.2383163933286614	0.23832031224567451	2.110692255340424e-06
81.0	824.1943357427357	2.4000000000000003e-06	0.23830749035004395	0.23831417232625818	0.23831869717959098	2.6010992412558112e-06
81.0	824.1943357427357	2.8000000000000003e-06	0.23830374891952566	0.23831172347750007	0.23831700163111247	3.233068173226662e-06
81.0	824.1943357427357	3.2e-06	0.23829945775663663	0.23830861033592352	0.23831467542929907	3.9125152611056364e-06
81.0	824.1943357427357	3.6e-06	0.23829452375352123	0.23830494342527456	0.23831256404314427	4.834949589977481e-06
81.0	824.1943357427357	4e-06	0.2382889140795168	0.23829989492221504	0.23830903379511703	5.830921864749068e-06
81.0	824.1943357427357	4.4e-06	0.23828269448464123	0.2382927418064279	0.23830367262275942	6.855261783224955e-06
81.0	824.1943357427357	4.800000000000001e-06	0.2382756998832054	0.23827638243396576	0.23827700889365833	3.17358561895471e-07
81.0	824.1943357427357	5.2e-06	0.23824998851412538	0.23826003903604184	0.23826961491949206	6.927230232538889e-06
81.0	824.1943357427357	5.600000000000001e-06	0.2382448106109818	0.23825305676694813	0.23826348338964642	5.86132327383426e-06
81.0	824.1943357427357	6e-06	0.23824148609428342	0.23824821522335943	0.23825800649329842	4.8379019588604885e-06
81.0	824.1943357427357	6.4e-06	0.23823953579549784	0.2382447758197361	0.23825323553841926	3.8994663056171615e-06
81.0	824.1943357427357	6.8e-06	0.23823749274116324	0.23824191395030686	0.2382491197663672	3.1985725853364675e-06
81.0	824.1943357427357	7.2e-06	0.23823601320946608	0.23823973804306178	0.2382455595985622	2.535283260536735e-06
81.0	824.1943357427357	7.6e-06	0.23823470714246842	0.23823781437681518	0.23824243639341702	2.002729257650986e-06
81.0	824.1943357427357	8e-06	0.2382336275045578	0.23823614057045753	0.23823965118456325	1.5140174293604746e-06
81.0	824.1943357427357	8.4e-06	0.23823243698435004	0.2382345449293662	0.23823711877868448	1.119986406595639e-06
81.0	824.1943357427357	8.8e-06	0.2382318776791088	0.23823306589609555	0.23823476697007262	7.343157454131619e-07
81.0	824.1943357427357	9.2e-06	0.23823089529509467	0.23823159086875575	0.2382325337513027	4.2007122712108964e-07
81.0	824.1943357427357	9.600000000000001e-06	0.23822976518187566	0.2382301275902175	0.23823036398500008	1.4119745799107363e-07
81.0	824.1943357427357	9.999999999999999e-06	0.23822816770035615	0.23822867933609035	0.23822896304389296	1.7882398336977968e-07
81.0	824.1943357427357	1.04e-05	0.2382259721843436	0.23822724958067706	0.23822835854698976	5.068821869660506e-07
81.0	824.1943357427357	1.08e-05	0.2382236843608041	0.2382257617771427	0.23822726217359058	8.419934135874145e-07
81.0	824.1943357427357	1.1200000000000001e-05	0.23822124478592954	0.23822423710174578	0.23822626935370295	1.2427313359510984e-06
81.0	824.1943357427357	1.16e-05	0.2382185861309285	0.2382225587718788	0.2382251487520639	1.67730027278345e-06
81.0	824.1943357427357	1.2e-05	0.23821563258597767	0.2382207151561422	0.2382239013425247	2.2083112351609916e-06
81.0	824.1943357427357	1.24e-05	0.23821230315558406	0.23821838267777823	0.23822221606541394	2.760307691361535e-06
81.0	824.1943357427357	1.28e-05	0.23820851032305423	0.23821563281207253	0.2382206538766516	3.484437235855395e-06
81.0	824.1943357427357	1.32e-05	0.23820422979664713	0.2382118556056577	0.23821804566945026	4.258227460552555e-06
81.0	824.1943357427357	1.36e-05	0.2381995079559429	0.23820650786131234	0.23821407915471937	5.050598038664642e-06
81.0	824.1943357427357	1.4e-05	0.2381940510068885	0.2381943000969384	0.23819457055985715	1.2331727120447462e-07
81.0	824.1943357427357	1.44e-05	0.23817428359271897	0.23818206098374603	0.2381896236302472	5.220246561626777e-06
81.0	824.1943357427357	1.48e-05	0.23817046059466396	0.23817685085542123	0.23818501051809005	4.422673271342655e-06
81.0	824.1943357427357	1.52e-05	0.23816801641859087	0.23817324854280644	0.23818090041162332	3.6569258015845514e-06
81.0	824.1943357427357	1.56e-05	0.23816658950965852	0.23817069955460216	0.23817733019551302	2.9566397680970027e-06
81.0	824.1943357427357	1.6e-05	0.23816509666411445	0.2381685849789473	0.23817426296345712	2.4348351562390225e-06
81.0	824.1943357427357	1.6400000000000002e-05	0.23816402669019965	0.23816698705386652	0.2381716176563069	1.9436298419872076e-06
81.0	824.1943357427357	1.68e-05	0.23816310290750842	0.23816558177322072	0.23816930756958943	1.5495537178384096e-06
81.0	824.1943357427357	1.7199999999999998e-05	0.23816229639567155	0.23816436809821076	0.2381672583077341	1.1894030208491676e-06
81.0	824.1943357427357	1.76e-05	0.23816144740484635	0.23816321600410648	0.23816540616593507	9.008232753473893e-07
81.0	824.1943357427357	1.8e-05	0.23816105328070325	0.23816215549398978	0.23816369752266286	6.203018429877452e-07
81.0	824.1943357427357	1.84e-05	0.23816035549044123	0.2381611010668511	0.23816208675928685	3.954053260768537e-07
81.0	824.1943357427357	1.88e-05	0.23815958353487154	0.2381600588348992	0.23816053380774527	1.991543579978598e-07
81.0	824.1943357427357	1.9200000000000003e-05	0.23815880215274543	0.238159031124123	0.2381592420629035	8.753350183784808e-08
81.0	824.1943357427357	1.9600000000000002e-05	0.23815739083010534	0.238158019801747	0.23815868032534038	2.71835289818836e-07
81.0	824.1943357427357	1.9999999999999998e-05	0.23815582793023093	0.2381569756548435	0.23815788942428728	4.980520573968857e-07
81.0	824.1943357427357	2.04e-05	0.23815413747835112	0.2381559111306617	0.23815716677757592	7.69841348314387e-07
81.0	824.1943357427357	2.08e-05	0.2381523089454669	0.23815475078805942	0.23815635684754977	1.0645050080982837e-06
81.0	824.1943357427357	2.12e-05	0.23815029155377232	0.23815348555594484	0.2381554818246796	1.4241616413330738e-06
81.0	824.1943357427357	2.16e-05	0.2381480316906739	0.23815190015112458	0.23815432196166775	1.795788139204816e-06
81.0	824.1943357427357	2.2e-05	0.23814547419989385	0.2381500403276861	0.23815325440313995	2.2808391412076207e-06
81.0	824.1943357427357	2.2400000000000002e-05	0.23814259812470695	0.23814750275836497	0.23815149568525662	2.7965836122051e-06
81.0	824.1943357427357	2.28e-05	0.23813943895056244	0.23814392847619759	0.23814884020828053	3.3232070500705013e-06
81.0	824.1943357427357	2.32e-05	0.23813552409405592	0.2381358262561724	0.23813614604003241	1.4136803610454663e-07
81.0	824.1943357427357	2.36e-05	0.2381224415523615	0.23812768941766027	0.23813286177951642	3.4999644772786448e-06
81.0	824.1943357427357	2.4e-05	0.23811992951440164	0.23812425061832854	0.2381298113597472	2.969405300709859e-06
81.0	824.1943357427357	2.44e-05	0.23811833585413478	0.23812188629114958	0.23812710580498653	2.4620110291809753e-06
81.0	824.1943357427357	2.48e-05	0.23811741268263642	0.23812022616817	0.23812476809162586	2.0007179217672266e-06
81.0	824.1943357427357	2.5200000000000003e-05	0.23811645383215296	0.2381188574505974	0.2381227735010656	1.659042834197666e-06
81.0	824.1943357427357	2.56e-05	0.23811577504133918	0.23811783650182583	0.2381210653850241	1.339632562787095e-06
81.0	824.1943357427357	2.6e-05	0.23811519009646975	0.23811694819858611	0.2381195871017212	1.0846836602496085e-06
81.0	824.1943357427357	2.64e-05	0.23811468800993651	0.23811619335936965	0.23811828943558666	8.5283044157323e-07
81.0	824.1943357427357	2.68e-05	0.23811416670474106	0.2381154834798182	0.2381171306506964	6.69668320723072e-07
81.0	824.1943357427357	2.72e-05	0.23811393366221445	0.23811484001476355	0.23811607608451357	4.936098635779706e-07
81.0	824.1943357427357	2.76e-05	0.2381135120759339	0.23811420464861544	0.23811509680250964	3.5668551206082027e-07
81.0	824.1943357427357	2.8e-05	0.23811305088686652	0.23811358186635337	0.23811416804411678	2.3960546106137644e-07
81.0	824.1943357427357	2.8400000000000003e-05	0.23811259012593666	0.23811297305159188	0.23811326772410535	1.3450440020392217e-07
81.0	824.1943357427357	2.88e-05	0.23811215132667574	0.2381123784816408	0.23811262006249834	8.705820864311846e-08
81.0	824.1943357427357	2.92e-05	0.2381113177121872	0.23811177600367556	0.23811216834905835	1.7408077552707876e-07
81.0	824.1943357427357	2.96e-05	0.23811044539332116	0.23811116950978758	0.2381117599757161	3.1091502876440414e-07
81.0	824.1943357427357	2.9999999999999997e-05	0.23810950831292477	0.2381105247503806	0.23811130427246674	4.6438181988856495e-07
81.0	824.1943357427357	3.04e-05	0.23810843413664085	0.2381098348558752	0.2381108291981171	6.518781245984522e-07
81.0	824.1943357427357	3.0799999999999996e-05	0.23810724339231193	0.23810899274382058	0.23811018075307366	8.433903981163826e-07
81.0	824.1943357427357	3.12e-05	0.23810591950643545	0.2381080184479944	0.23810961841993095	1.0899415613924429e-06
81.0	824.1943357427357	3.16e-05	0.23810444692276356	0.2381067138936083	0.2381086998942017	1.3481839747350825e-06
81.0	824.1943357427357	3.2e-05	0.23810273184787345	0.23810490342117477	0.23810734078667828	1.6091997364165345e-06
81.0	824.1943357427357	3.2399999999999995e-05	0.2381005904460034	0.23810088457717868	0.23810119815940212	1.4149824726261718e-07
81.0	824.1943357427357	3.2800000000000004e-05	0.23809413319916928	0.2380968303124403	0.2380995739003735	1.786163728194555e-06
81.0	824.1943357427357	3.32e-05	0.2380929203651121	0.23809515424739475	0.23809808347911954	1.5210290128939316e-06
81.0	824.1943357427357	3.36e-05	0.23809216941254085	0.2380940217850161	0.23809677986306443	1.2707844576875424e-06
81.0	824.1943357427357	3.4e-05	0.23809174513194264	0.23809324600558227	0.2380956755944421	1.047385508769475e-06
81.0	824.1943357427357	3.4399999999999996e-05	0.23809131570359998	0.23809261931827502	0.23809475075113173	8.850349806270268e-07
81.0	824.1943357427357	3.4800000000000006e-05	0.23809102390694203	0.23809217232907923	0.23809397760467466	7.364267067203906e-07
81.0	824.1943357427357	3.52e-05	0.2380907760577422	0.23809179819023096	0.23809332878598788	6.198809513763517e-07
81.0	824.1943357427357	3.56e-05	0.2380905757608094	0.23809149956592462	0.2380927801638908	5.15488621639522e-07
81.0	824.1943357427357	3.6e-05	0.23809037888145923	0.2380912293072731	0.2380923118611129	4.3682063311047796e-07
81.0	824.1943357427357	3.64e-05	0.2380903057215864	0.23809100028994826	0.2380919080427244	3.638116167027714e-07
81.0	824.1943357427357	3.68e-05	0.23809015841981473	0.23809078132094932	0.23809155629444945	3.126303131149886e-07
81.0	824.1943357427357	3.72e-05	0.23809000684672377	0.23809057524459248	0.23809124694954686	2.7326029634347945e-07
81.0	824.1943357427357	3.76e-05	0.2380898646615872	0.23809038249363196	0.23809097249246935	2.405790188833902e-07
81.0	824.1943357427357	3.7999999999999995e-05	0.2380897431734761	0.23809020176396153	0.23809072706794243	2.1302761748950675e-07
81.0	824.1943357427357	3.8400000000000005e-05	0.23808964418277245	0.23809003758377414	0.23809050608802096	1.8933348834567257e-07
81.0	824.1943357427357	3.88e-05	0.23808954504210256	0.23808988539104523	0.23809030592038916	1.6815337330507711e-07
81.0	824.1943357427357	3.9200000000000004e-05	0.2380894732680252	0.2380897514437685	0.23809012364046378	1.4796352031303897e-07
81.0	824.1943357427357	3.96e-05	0.23808938239300304	0.23808963089487567	0.23808995682902	1.2834476206514198e-07
81.0	824.1943357427357	3.9999999999999996e-05	0.2380892961723715	0.23808952284193557	0.2380898033925014	1.1256917737696334e-07
81.0	824.1943357427357	4.0400000000000006e-05	0.23808922073324634	0.2380894214157125	0.2380896613813741	9.868570639150175e-08
81.0	824.1943357427357	4.08e-05	0.2380891600779984	0.2380893282947397	0.23808952884779622	8.801108451760334e-08
81.0	824.1943357427357	4.12e-05	0.23808909654199795	0.238089242919606	0.23808940432457337	7.939075428032118e-08
81.0	824.1943357427357	4.16e-05	0.23808902839808344	0.2380891668099401	0.2380892945092139	7.401580269785999e-08
81.0	824.1943357427357	4.2e-05	0.23808898235078324	0.2380891233963334	0.2380892363099072	6.942972697781615e-08
82.0	835.2936076304999	0.0	0.24270396860850152	0.2427070463001985	0.2427085685375996	1.0118312779879528e-06
82.0	835.2936076304999	4e-07	0.24270198853186375	0.24270514879766164	0.24270674724582442	1.049496128203315e-06
82.0	835.2936076304999	8e-07	0.24269980964603466	0.24270327117100932	0.24270524820898398	1.171643870481003e-06
82.0	835.2936076304999	1.2000000000000002e-06	0.24269741859811322	0.2427014174257036	0.24270440420248374	1.4083924169778766e-06
82.0	835.2936076304999	1.6e-06	0.24269478254273125	0.24269946410025028	0.2427028153978572	1.698039158488684e-06
82.0	835.2936076304999	2e-06	0.2426918513087335	0.24269746146523574	0.24270138260845187	2.1110542165299707e-06
82.0	835.2936076304999	2.4000000000000003e-06	0.24268855717141147	0.24269524055120337	0.24269976767228663	2.601443252656302e-06
82.0	835.2936076304999	2.8000000000000003e-06	0.24268481580356838	0.24269279177536918	0.24269807213548944	3.2333588265297037e-06
82.0	835.2936076304999	3.2e-06	0.24268052461589384	0.24268967871250222	0.24269574604227184	3.912744270613396e-06
82.0	835.2936076304999	3.6e-06	0.2426755907358107	0.24268601192741598	0.24269363478023465	4.835135315783568e-06
82.0	835.2936076304999	4e-06	0.24266998122451255	0.24268096362030622	0.2426901047272194	5.83109411858661e-06
82.0	835.2936076304999	4.4e-06	0.24266376183704352	0.2426738107929994	0.24268474391181183	6.855477299393722e-06
82.0	835.2936076304999	4.800000000000001e-06	0.24265676730642394	0.2426574518724982	0.2426580804271259	3.1866063580630215e-07
82.0	835.2936076304999	5.2e-06	0.24263106204169027	0.24264110937266556	0.24265068286791536	6.926555929356711e-06
82.0	835.2936076304999	5.600000000000001e-06	0.24262588420937448	0.24263412738687512	0.24264455161116238	5.860787360792493e-06
82.0	835.2936076304999	6e-06	0.24262255976546943	0.24262928603879064	0.24263907497650372	4.837451797771497e-06
82.0	835.2936076304999	6.4e-06	0.24262060949605413	0.24262584678020804	0.24263430426106947	3.8990725949783095e-06
82.0	835.2936076304999	6.8e-06	0.24261856648215296	0.24262298505109978	0.24263018865443353	3.198197091333675e-06
82.0	835.2936076304999	7.2e-06	0.2426170870373623	0.24262080922611556	0.2426266286766916	2.5349453363505554e-06
82.0	835.2936076304999	7.6e-06	0.2426157802272222	0.24261888560248807	0.2426235056366286	2.002455910410812e-06
82.0	835.2936076304999	8e-06	0.2426147013306581	0.24261721184076082	0.24262072057073691	1.5137792395246702e-06
82.0	835.2936076304999	8.4e-06	0.24261351091561867	0.24261561626216202	0.2426181882884677	1.1197547668293212e-06
82.0	835.2936076304999	8.8e-06	0.24261295142107464	0.24261413727361975	0.24261583658658203	7.341168409519331e-07
82.0	835.2936076304999	9.2e-06	0.24261196589945389	0.24261266229209433	0.24261360345985494	4.199056553036145e-07
82.0	835.2936076304999	9.600000000000001e-06	0.24261083546785134	0.2426111990659975	0.2426114337729528	1.4112305878082582e-07
82.0	835.2936076304999	9.999999999999999e-06	0.24260923759885333	0.2426097508708601	0.24261003555624683	1.7907843891414145e-07
82.0	835.2936076304999	1.04e-05	0.24260704214349094	0.24260832117508857	0.2426094326092194	5.071033667213738e-07
82.0	835.2936076304999	1.08e-05	0.24260475437411966	0.24260683341988878	0.24260833620906475	8.421830180929258e-07
82.0	835.2936076304999	1.1200000000000001e-05	0.24260231484936767	0.24260530881497508	0.24260734271560302	1.2429188179985366e-06
82.0	835.2936076304999	1.16e-05	0.24259965624333546	0.2426036305726123	0.24260622294546863	1.6775144577465616e-06
82.0	835.2936076304999	1.2e-05	0.24259670274975598	0.24260178702073498	0.24260497554556704	2.2085153835437216e-06
82.0	835.2936076304999	1.24e-05	0.24259337334014486	0.24259945459240922	0.24260329036129935	2.760482925381637e-06
82.0	835.2936076304999	1.28e-05	0.24258958058210123	0.2425967048094755	0.24260172827024107	3.4846067119918294e-06
82.0	835.2936076304999	1.32e-05	0.24258530015074076	0.24259292772639285	0.24259912020671415	4.258417512132668e-06
82.0	835.2936076304999	1.36e-05	0.2425805784318431	0.2425875801560692	0.24259515395866238	5.050862334647093e-06
82.0	835.2936076304999	1.4e-05	0.2425751263339988	0.2425753725534403	0.24257564120657893	1.2271397582178442e-07
82.0	835.2936076304999	1.44e-05	0.24255535964001496	0.24256313405253735	0.24257069444330703	5.2196421708046545e-06
82.0	835.2936076304999	1.48e-05	0.2425515366150952	0.2425579240823326	0.2425660815064914	4.42219140182889e-06
82.0	835.2936076304999	1.52e-05	0.24254909244923262	0.24255432187723203	0.24256197157174775	3.6565111051655683e-06
82.0	835.2936076304999	1.56e-05	0.2425476655336496	0.2425517729709433	0.24255840151489405	2.956261093415616e-06
82.0	835.2936076304999	1.6e-05	0.24254617268707257	0.24254965848246185	0.2425553344195075	2.434459334673862e-06
82.0	835.2936076304999	1.6400000000000002e-05	0.24254510277257246	0.24254806059887543	0.24255268923787643	1.9432727604718837e-06
82.0	835.2936076304999	1.68e-05	0.2425441789166074	0.24254665532513028	0.2425503792589243	1.549242300325816e-06
82.0	835.2936076304999	1.7199999999999998e-05	0.2425433724254864	0.24254544166285041	0.24254833008840748	1.1891039389832158e-06
82.0	835.2936076304999	1.76e-05	0.24254252351638161	0.24254428960020752	0.24254647802290918	9.005051502083265e-07
82.0	835.2936076304999	1.8e-05	0.2425421291937484	0.24254322910582055	0.24254476944217362	6.199699803599646e-07
82.0	835.2936076304999	1.84e-05	0.24254143133659323	0.2425421746953861	0.24254315872871413	3.950270131620515e-07
82.0	835.2936076304999	1.88e-05	0.24254065925275903	0.242541132486688	0.24254160581555784	1.9862324695226582e-07
82.0	835.2936076304999	1.9200000000000003e-05	0.24253987788746212	0.24254010480574037	0.24254031478079696	8.679644993435088e-08
82.0	835.2936076304999	1.9600000000000002e-05	0.24253846623542596	0.24253909351411015	0.24253975338469047	2.717802754845731e-07
82.0	835.2936076304999	1.9999999999999998e-05	0.24253690001157313	0.24253804938542192	0.24253896223639249	4.981006541659783e-07
82.0	835.2936076304999	2.04e-05	0.24253520956486607	0.24253698490038456	0.24253823951351983	7.699484799916127e-07
82.0	835.2936076304999	2.08e-05	0.24253338103198807	0.24253582461037126	0.24253742986622573	1.0646719623131209e-06
82.0	835.2936076304999	2.12e-05	0.24253136363727013	0.24253455940499605	0.24253655458859225	1.4243453974352598e-06
82.0	835.2936076304999	2.16e-05	0.24252910377107817	0.24253297400435048	0.24253539670162017	1.795963335864334e-06
82.0	835.2936076304999	2.2e-05	0.24252654626768777	0.24253111420999884	0.2425343307185912	2.2810307164651052e-06
82.0	835.2936076304999	2.2400000000000002e-05	0.24252367020657672	0.24252857669142724	0.242532572089333	2.796816553477757e-06
82.0	835.2936076304999	2.28e-05	0.24252051106414285	0.24252500248111555	0.24252991679969949	3.3235336981956046e-06
82.0	835.2936076304999	2.32e-05	0.24251660080725213	0.24251690019082775	0.2425172182123818	1.4044803645686976e-07
82.0	835.2936076304999	2.36e-05	0.24250351858403096	0.2425087637165542	0.24251393402293875	3.499460055969022e-06
82.0	835.2936076304999	2.4e-05	0.24250100643897632	0.2425053249687883	0.24251088368857054	2.9690060440319918e-06
82.0	835.2936076304999	2.44e-05	0.24249941273941644	0.24250296067502597	0.24250817822453197	2.4616618732104993e-06
82.0	835.2936076304999	2.48e-05	0.24249848953454833	0.24250130058174763	0.2425058405995042	2.0003879243479524e-06
82.0	835.2936076304999	2.5200000000000003e-05	0.242497530649449	0.24249993190775398	0.24250384609545694	1.6587033354777406e-06
82.0	835.2936076304999	2.56e-05	0.24249685189971082	0.24249891096796308	0.24250213805127796	1.339298920348212e-06
82.0	835.2936076304999	2.6e-05	0.2424962668564552	0.24249802264429207	0.24250065982901248	1.084382497171701e-06
82.0	835.2936076304999	2.64e-05	0.24249576477415413	0.24249726779358782	0.24249936221305735	8.525295699938897e-07
82.0	835.2936076304999	2.68e-05	0.24249524353553742	0.24249655792185879	0.24249820346769635	6.693389611378329e-07
82.0	835.2936076304999	2.72e-05	0.2424950102905603	0.24249591445092933	0.2424971489306813	4.932568390183639e-07
82.0	835.2936076304999	2.76e-05	0.24249458862254336	0.24249527907993162	0.24249616966780696	3.5628809377847255e-07
82.0	835.2936076304999	2.8e-05	0.24249412728588737	0.2424946562993832	0.24249524091888297	2.3911614773752655e-07
82.0	835.2936076304999	2.8400000000000003e-05	0.24249366652191817	0.2424940474930068	0.24249434059914776	1.3379521627692263e-07
82.0	835.2936076304999	2.88e-05	0.24249322738589818	0.24249345293270158	0.2424936938955753	8.625717855643078e-08
82.0	835.2936076304999	2.92e-05	0.24249239378789955	0.24249285045155625	0.24249324191930377	1.7381152121972906e-07
82.0	835.2936076304999	2.96e-05	0.24249152148869424	0.24249224397453523	0.24249283345655126	3.1086307648291927e-07
82.0	835.2936076304999	2.9999999999999997e-05	0.24249058442937077	0.24249159924332112	0.24249237802270773	4.644494763093075e-07
82.0	835.2936076304999	3.04e-05	0.24248950691170368	0.24249090935116227	0.24249190267886256	6.519980120459528e-07
82.0	835.2936076304999	3.0799999999999996e-05	0.24248831613056687	0.24249006721479727	0.24249125422854423	8.435226850939884e-07
82.0	835.2936076304999	3.12e-05	0.2424869922081223	0.2424890929154074	0.2424906917905325	1.0901094803170152e-06
82.0	835.2936076304999	3.16e-05	0.24248552090996078	0.24248778836946958	0.24248977319551202	1.3484089064756856e-06
82.0	835.2936076304999	3.2e-05	0.24248380801438874	0.24248597791077126	0.24248841416066913	1.609531892373075e-06
82.0	835.2936076304999	3.2399999999999995e-05	0.24248166733578547	0.24248195886866114	0.24248227081081808	1.40612149071281e-07
82.0	835.2936076304999	3.2800000000000004e-05	0.2424752101547023	0.24247790481870643	0.2424806465704883	1.7857165408531339e-06
82.0	835.2936076304999	3.32e-05	0.24247399716407703	0.24247622874122146	0.24247915618402516	1.5206730686210594e-06
82.0	835.2936076304999	3.36e-05	0.24247324614498833	0.24247509626779967	0.24247785261182297	1.2704645687738624e-06
82.0	835.2936076304999	3.4e-05	0.2424728218199963	0.24247432048672254	0.24247674839799682	1.047070264182336e-06
82.0	835.2936076304999	3.4399999999999996e-05	0.2424723923349843	0.24247369381639663	0.24247582359839726	8.846993257863482e-07
82.0	835.2936076304999	3.4800000000000006e-05	0.2424721005757533	0.2424732468149551	0.24247505048918416	7.360864325268551e-07
82.0	835.2936076304999	3.52e-05	0.2424718526023737	0.2424728726376664	0.24247440169978862	6.195609280401672e-07
82.0	835.2936076304999	3.56e-05	0.24247165229981782	0.2424725739828346	0.242473853098228	5.15161249391061e-07
82.0	835.2936076304999	3.6e-05	0.24247145548062576	0.24247230371151335	0.24247338480674951	4.3646299954957123e-07
82.0	835.2936076304999	3.64e-05	0.24247138211558283	0.24247207466705695	0.24247298099008496	3.634360468049871e-07
82.0	835.2936076304999	3.68e-05	0.24247123471719156	0.24247185567066248	0.24247262923372492	3.122346816554118e-07
82.0	835.2936076304999	3.72e-05	0.24247108296679176	0.24247164957157427	0.2424723198708003	2.728364959689042e-07
82.0	835.2936076304999	3.76e-05	0.242470940749536	0.24247145680250093	0.24247204538576472	2.401161654725482e-07
82.0	835.2936076304999	3.7999999999999995e-05	0.242470819247548	0.2424712760544806	0.24247179992348933	2.125195072132822e-07
82.0	835.2936076304999	3.8400000000000005e-05	0.24247072030519945	0.2424711118383254	0.2424715788963523	1.887922784764991e-07
82.0	835.2936076304999	3.88e-05	0.24247062105957617	0.2424709596245924	0.24247137867255386	1.675543559715448e-07
82.0	835.2936076304999	3.9200000000000004e-05	0.24247054946627866	0.24247082565673858	0.24247119632824177	1.4727960003761711e-07
82.0	835.2936076304999	3.96e-05	0.242470458378528	0.24247070505586713	0.24247102944516907	1.2758103623525147e-07
82.0	835.2936076304999	3.9999999999999996e-05	0.2424703720897572	0.24247059690824097	0.24247087593106897	1.1173770075648522e-07
82.0	835.2936076304999	4.0400000000000006e-05	0.24247029659459773	0.24247049539867438	0.24247073383830742	9.776918334843884e-08
82.0	835.2936076304999	4.08e-05	0.24247023576781235	0.24247040219502936	0.24247060122296737	8.700909585578113e-08
82.0	835.2936076304999	4.12e-05	0.242470172413225	0.24247031675511518	0.24247047663003585	7.831312556168139e-08
82.0	835.2936076304999	4.16e-05	0.24247010418376025	0.24247024059449238	0.24247036685491974	7.29015529351235e-08
82.0	835.2936076304999	4.2e-05	0.24247005836327062	0.24247019714429552	0.24247030885001397	6.833953709510076e-08
83.0	846.3928795182641	0.0	0.2471675444440109	0.24717062340041	0.2471721471368804	1.0124522158442736e-06
83.0	846.3928795182641	4e-07	0.24716556436883597	0.2471687259025305	0.2471703263249312	1.0500992885120681e-06
83.0	846.3928795182641	8e-07	0.2471633854885642	0.24716684829180044	0.24716882737681	1.172199513598722e-06
83.0	846.3928795182641	1.2000000000000002e-06	0.2471609944510309	0.24716499456748592	0.24716798357895975	1.4088801402636379e-06
83.0	846.3928795182641	1.6e-06	0.24715835841233424	0.24716304126066174	0.24716639471501978	1.6984506256465833e-06
83.0	846.3928795182641	2e-06	0.2471554272035137	0.24716103867308256	0.24716496193780557	2.1114094954871753e-06
83.0	846.3928795182641	2.4000000000000003e-06	0.24715213310285833	0.24715881783573648	0.24716334713034005	2.601779707875436e-06
83.0	846.3928795182641	2.8000000000000003e-06	0.24714839178713088	0.24715636912256347	0.24716165159328352	3.233645060892956e-06
83.0	846.3928795182641	3.2e-06	0.24714410055995906	0.2471532561262716	0.24715932560014942	3.912972166097885e-06
83.0	846.3928795182641	3.6e-06	0.2471391667854066	0.24714958945176466	0.24715721444432148	4.835323278125379e-06
83.0	846.3928795182641	4e-06	0.247133557414557	0.2471445413203539	0.24715368456622944	5.8312721654439606e-06
83.0	846.3928795182641	4.4e-06	0.24712733820680022	0.24713738875291383	0.24714832407694853	6.855701495009142e-06
83.0	846.3928795182641	4.800000000000001e-06	0.24712034376016945	0.24712103021779752	0.24712166074325115	3.1989070277233475e-07
83.0	846.3928795182641	5.2e-06	0.2470946441580102	0.24710468850850678	0.2471142597644942	6.925940265246038e-06
83.0	846.3928795182641	5.600000000000001e-06	0.2470894663697445	0.24709770675872192	0.24710812874305432	5.860301715594621e-06
83.0	846.3928795182641	6e-06	0.2470861419801711	0.2470928655728345	0.24710265233367412	4.837044391555368e-06
83.0	846.3928795182641	6.4e-06	0.24708419173428808	0.24708942643553009	0.24709788182399084	3.898714441506778e-06
83.0	846.3928795182641	6.8e-06	0.24708214874542378	0.2470865648261238	0.24709376635271507	3.19785256556278e-06
83.0	846.3928795182641	7.2e-06	0.24708066938029827	0.2470843890686652	0.2470902065375009	2.534633084936119e-06
83.0	846.3928795182641	7.6e-06	0.24707936187541168	0.2470824654769954	0.2470870836375152	2.002200346710117e-06
83.0	846.3928795182641	8e-06	0.24707828365509066	0.24708079174812914	0.24708429869160042	1.5135548088223142e-06
83.0	846.3928795182641	8.4e-06	0.2470770933359514	0.24707919621906207	0.24708176651145664	1.1195346903786024e-06
83.0	846.3928795182641	8.8e-06	0.24707653365826232	0.24707771726306033	0.24707941489582463	7.339262490903799e-07
83.0	846.3928795182641	9.2e-06	0.2470755451464166	0.24707624231480982	0.24707718184121674	4.197457136014205e-07
83.0	846.3928795182641	9.600000000000001e-06	0.2470744143976713	0.247074779127655	0.2470750122138874	1.4105395463665038e-07
83.0	846.3928795182641	9.999999999999999e-06	0.24707281613002152	0.24707333097708567	0.24707361660324878	1.7933556808594495e-07
83.0	846.3928795182641	1.04e-05	0.24707062071435182	0.24707190132633255	0.2470730151226137	5.073282914216624e-07
83.0	846.3928795182641	1.08e-05	0.2470683329767791	0.24707041360406407	0.24707191868388456	8.423800083717074e-07
83.0	846.3928795182641	1.1200000000000001e-05	0.2470658934776928	0.24706888905206048	0.24707092456208546	1.2431171490939485e-06
83.0	846.3928795182641	1.16e-05	0.24706323489324777	0.24706721087501415	0.24706980555335978	1.6777399275887e-06
83.0	846.3928795182641	1.2e-05	0.24706028141970737	0.24706536736515933	0.2470685581455312	2.208736127729584e-06
83.0	846.3928795182641	1.24e-05	0.24705695199361966	0.24706303496044604	0.2470668730354424	2.7606811807588407e-06
83.0	846.3928795182641	1.28e-05	0.24705315926677596	0.24706028522817614	0.24706531101625462	3.48480667738525e-06
83.0	846.3928795182641	1.32e-05	0.2470488788793883	0.24705650822423125	0.247062703061383	4.258646285236146e-06
83.0	846.3928795182641	1.36e-05	0.24704415722301842	0.24705116076475872	0.24705873702472125	5.051173082838537e-06
83.0	846.3928795182641	1.4e-05	0.24703870967973707	0.24703895317710356	0.24703922010314372	1.2214813510447532e-07
83.0	846.3928795182641	1.44e-05	0.24701894340525232	0.24702671510080393	0.24703427343655893	5.219133320187524e-06
83.0	846.3928795182641	1.48e-05	0.2470151203020201	0.24702150520736052	0.24702966060676346	4.421791442160346e-06
83.0	846.3928795182641	1.52e-05	0.2470126761119733	0.24701790305288038	0.24702555078017774	3.6561659220351774e-06
83.0	846.3928795182641	1.56e-05	0.2470112491743217	0.24701535418800508	0.24702198082536686	2.955940473175519e-06
83.0	846.3928795182641	1.6e-05	0.24700975630175126	0.24701323975216138	0.24701891381655372	2.434133858282723e-06
83.0	846.3928795182641	1.6400000000000002e-05	0.2470086864320935	0.24701164188481328	0.247016268715611	1.942958018127706e-06
83.0	846.3928795182641	1.68e-05	0.24700776248504042	0.24701023659799154	0.2470139588044047	1.5489635205066571e-06
83.0	846.3928795182641	1.7199999999999998e-05	0.24700695600472145	0.24700902292880159	0.24701190968902775	1.188831960694562e-06
83.0	846.3928795182641	1.76e-05	0.24700610716234017	0.24700787087727438	0.24701005766652617	9.002111346625227e-07
83.0	846.3928795182641	1.8e-05	0.24700571264467364	0.2470068103797319	0.24700834911708736	6.196592866630681e-07
83.0	846.3928795182641	1.84e-05	0.24700501471318503	0.2470057559668587	0.2470067384236314	3.946694474959314e-07
83.0	846.3928795182641	1.88e-05	0.24700424249170094	0.2470047137614903	0.24700518551958428	1.9811989038772383e-07
83.0	846.3928795182641	1.9200000000000003e-05	0.2470034611259786	0.24700368608972417	0.24700389516548782	8.610920238950856e-08
83.0	846.3928795182641	1.9600000000000002e-05	0.24700204910979462	0.24700267480816132	0.24700333407431074	2.7174550842087393e-07
83.0	846.3928795182641	1.9999999999999998e-05	0.24700047969817707	0.2470016306761975	0.24700254266882826	4.98166737618338e-07
83.0	846.3928795182641	2.04e-05	0.2469987892228671	0.24700056620669425	0.24700181985403535	7.700748389823016e-07
83.0	846.3928795182641	2.08e-05	0.24699696065280285	0.24699940594089467	0.24700101047204637	1.0648586999681144e-06
83.0	846.3928795182641	2.12e-05	0.24699494321319104	0.24699814073371693	0.24700013597124038	1.424555113540371e-06
83.0	846.3928795182641	2.16e-05	0.24699268329588087	0.24699655530266618	0.24699897889517342	1.7961721813730456e-06
83.0	846.3928795182641	2.2e-05	0.24699012572329604	0.24699469549589953	0.24699791438552143	2.28126526229799e-06
83.0	846.3928795182641	2.2400000000000002e-05	0.2469872496113874	0.24699215797135185	0.24699615580117484	2.797102703438641e-06
83.0	846.3928795182641	2.28e-05	0.2469840904266567	0.24698858375250532	0.2469935006306585	3.3239233134024497e-06
83.0	846.3928795182641	2.32e-05	0.2469801844548858	0.24698048120820784	0.24698079755316282	1.3958108855478605e-07
83.0	846.3928795182641	2.36e-05	0.24696710219463824	0.24697234487531944	0.24697751335074347	3.4990674526295303e-06
83.0	846.3928795182641	2.4e-05	0.24696458988108372	0.24696890608379937	0.24697446302054082	2.9687026976267654e-06
83.0	846.3928795182641	2.44e-05	0.2469629961015638	0.24696654175726965	0.246971757572652	2.4613942253713816e-06
83.0	846.3928795182641	2.48e-05	0.24696207284397165	0.24696488164690902	0.24696941996965371	2.0001263840498624e-06
83.0	846.3928795182641	2.5200000000000003e-05	0.24696111389626996	0.24696351297695388	0.24696742549502826	1.6584235124509815e-06
83.0	846.3928795182641	2.56e-05	0.2469604351701955	0.2469624920174696	0.2469657174720492	1.3390160715627481e-06
83.0	846.3928795182641	2.6e-05	0.24695985000992593	0.24696160365052403	0.2469642392661875	1.0841221397672686e-06
83.0	846.3928795182641	2.64e-05	0.2469593479203409	0.24696084876683325	0.24696294166061517	8.522635344094205e-07
83.0	846.3928795182641	2.68e-05	0.24695882673165492	0.2469601388811344	0.24696178291875004	6.690411875391531e-07
83.0	846.3928795182641	2.72e-05	0.24695859328716097	0.24695949538451153	0.24696072837769112	4.929322663370218e-07
83.0	846.3928795182641	2.76e-05	0.24695817152923816	0.2469588599887816	0.2469597491027402	3.5591802236720413e-07
83.0	846.3928795182641	2.8e-05	0.2469577100353142	0.24695823718956017	0.24695882033336325	2.386566299399031e-07
83.0	846.3928795182641	2.8400000000000003e-05	0.24695724925122597	0.24695762837074023	0.24695791998458638	1.3312628945218815e-07
83.0	846.3928795182641	2.88e-05	0.24695680975908196	0.24695703379942718	0.246957274186002	8.550870631656159e-08
83.0	846.3928795182641	2.92e-05	0.24695597614762033	0.246956431294127	0.24695682193784485	1.7357424458018094e-07
83.0	846.3928795182641	2.96e-05	0.2469551038357647	0.24695582481130365	0.2469564133708726	3.1083490309022487e-07
83.0	846.3928795182641	2.9999999999999997e-05	0.24695416676196924	0.24695518008185	0.246955958188825	4.6453731104279966e-07
83.0	846.3928795182641	3.04e-05	0.24695308603397148	0.24695449016594276	0.24695548256407918	6.52141444113306e-07
83.0	846.3928795182641	3.0799999999999996e-05	0.24695189517364735	0.24695364797457967	0.24695483409072239	8.436841570026903e-07
83.0	846.3928795182641	3.12e-05	0.24695057116614905	0.24695267363520276	0.24695427152676608	1.0903135748047684e-06
83.0	846.3928795182641	3.16e-05	0.24694909977494817	0.24695136904880308	0.24695335283255915	1.3486778265760783e-06
83.0	846.3928795182641	3.2e-05	0.24694739012804412	0.24694955853556697	0.2469519938209883	1.6099152377176609e-06
83.0	846.3928795182641	3.2399999999999995e-05	0.2469452500658864	0.2469455391435148	0.2469458495310466	1.397787472069186e-07
83.0	846.3928795182641	3.2800000000000004e-05	0.246938792655226	0.2469414851200086	0.24694422523880988	1.7853684730256568e-06
83.0	846.3928795182641	3.32e-05	0.24693757945927786	0.24693980895119164	0.2469427348193225	1.5204025754284466e-06
83.0	846.3928795182641	3.36e-05	0.24693682834128694	0.24693867641255549	0.24694143122918621	1.270218176510901e-06
83.0	846.3928795182641	3.4e-05	0.24693640395704186	0.24693790059209503	0.24694032701655821	1.046818066026693e-06
83.0	846.3928795182641	3.4399999999999996e-05	0.2469359743937467	0.24693727390708226	0.24693940221378163	8.844200354248e-07
83.0	846.3928795182641	3.4800000000000006e-05	0.24693568265794497	0.24693682687133195	0.24693862910144126	7.357957280600928e-07
83.0	846.3928795182641	3.52e-05	0.24693543454759315	0.24693645263886468	0.2469379803065035	6.192827254631705e-07
83.0	846.3928795182641	3.56e-05	0.24693523423145258	0.2469361539382503	0.24693743169522353	5.14871354045501e-07
83.0	846.3928795182641	3.6e-05	0.24693503745929934	0.24693588363888855	0.24693696338851634	4.361407821783135e-07
83.0	846.3928795182641	3.64e-05	0.2469349638943008	0.24693565455406416	0.24693655955008165	3.6309349550900447e-07
83.0	846.3928795182641	3.68e-05	0.24693481639524428	0.24693543551723582	0.24693620776461245	3.1187057514074905e-07
83.0	846.3928795182641	3.72e-05	0.246934664464332	0.24693522938221035	0.24693589836466323	2.7244385941658334e-07
83.0	846.3928795182641	3.76e-05	0.246934522203774	0.24693503658171953	0.24693562383433143	2.3968510227201565e-07
83.0	846.3928795182641	3.7999999999999995e-05	0.24693440067561934	0.24693485580246666	0.24693537831836299	2.1204399663919637e-07
83.0	846.3928795182641	3.8400000000000005e-05	0.2469343017676291	0.24693469153833933	0.24693515722923554	1.8828420936329027e-07
83.0	846.3928795182641	3.88e-05	0.24693420241258401	0.24693453929090414	0.2469349569354975	1.6699012444258172e-07
83.0	846.3928795182641	3.9200000000000004e-05	0.24693413098195283	0.2469344052887563	0.2469347745138908	1.4663405950674714e-07
83.0	846.3928795182641	3.96e-05	0.24693403968084215	0.2469342846247605	0.246934607547038	1.2685856519163802e-07
83.0	846.3928795182641	3.9999999999999996e-05	0.24693395331464174	0.24693417637297108	0.2469344539438625	1.1095001430400565e-07
83.0	846.3928795182641	4.0400000000000006e-05	0.2469338777534027	0.24693407477038462	0.24693431175850655	9.68992377254265e-08
83.0	846.3928795182641	4.08e-05	0.24693381675468373	0.24693398147476991	0.24693417905070625	8.605610518384852e-08
83.0	846.3928795182641	4.12e-05	0.24693375356014347	0.2469338959609303	0.24693405437689364	7.728637890428142e-08
83.0	846.3928795182641	4.16e-05	0.2469336852359607	0.24693381974037285	0.2469339446290153	7.183904659564723e-08
83.0	846.3928795182641	4.2e-05	0.2469336396209405	0.2469337762425305	0.24693388679717287	6.729965334778527e-08
84.0	857.4921514060283	0.0	0.25171140053280716	0.25171448071166724	0.25171600589059917	1.0130522418494505e-06
84.0	857.4921514060283	4e-07	0.2517094204586634	0.2517125832176683	0.2517141855360414	1.0506824595976967e-06
84.0	857.4921514060283	8e-07	0.2517072415823538	0.251710705620635	0.25171268666843183	1.1727376610392387e-06
84.0	857.4921514060283	1.2000000000000002e-06	0.25170485055242153	0.2517088519144702	0.251711843066885	1.4093542414164149e-06
84.0	857.4921514060283	1.6e-06	0.25170221452631925	0.25170689862246043	0.25171025413989323	1.6988524595155584e-06
84.0	857.4921514060283	2e-06	0.25169928333708214	0.25170489607622615	0.25170882136704176	2.1117583595754544e-06
84.0	857.4921514060283	2.4000000000000003e-06	0.25169598926571	0.2517026753052672	0.2517072066857571	2.6021091729749534e-06
84.0	857.4921514060283	2.8000000000000003e-06	0.2516922479925041	0.2517002266456303	0.25170551113919615	3.2339272172256233e-06
84.0	857.4921514060283	3.2e-06	0.2516879567113737	0.25169711370509795	0.2517031852381466	3.913199185319366e-06
84.0	857.4921514060283	3.6e-06	0.2516830230265583	0.25169344712753017	0.2517010741730541	4.835513461221039e-06
84.0	857.4921514060283	4e-06	0.25167741377607733	0.25168839915304597	0.251697544451817	5.831455452061386e-06
84.0	857.4921514060283	4.4e-06	0.25167119472307675	0.2516812468187703	0.2516921842599116	6.855932872686263e-06
84.0	857.4921514060283	4.800000000000001e-06	0.25166420036918336	0.25166488860883995	0.251665520995477	3.21056381986423e-07
84.0	857.4921514060283	5.2e-06	0.25163850603513804	0.2516485475939387	0.2516581167459	6.925377809348426e-06
84.0	857.4921514060283	5.600000000000001e-06	0.2516333282680696	0.25164156603866417	0.25165198592578353	5.859861096377604e-06
84.0	857.4921514060283	6e-06	0.2516300039163646	0.25163672498561424	0.25164650970894176	4.836675078663459e-06
84.0	857.4921514060283	6.4e-06	0.2516280536882656	0.2516332859484061	0.25164173937472434	3.898387995654658e-06
84.0	857.4921514060283	6.8e-06	0.2516260107110817	0.2516304244400957	0.25163762401178946	3.197535848211665e-06
84.0	857.4921514060283	7.2e-06	0.2516245314177814	0.2516282487368649	0.2516340643344277	2.5343439300983006e-06
84.0	857.4921514060283	7.6e-06	0.25162322325939	0.25162632516741623	0.25163094155209365	2.0019609686118326e-06
84.0	857.4921514060283	8e-06	0.2516221456603205	0.2516246514608639	0.2516281567055305	1.5133428603527698e-06
84.0	857.4921514060283	8.4e-06	0.25162095542741714	0.25162305596964085	0.2516256246082227	1.1193251664340206e-06
84.0	857.4921514060283	8.8e-06	0.25162039557282867	0.2516215770352402	0.25162327306045995	7.337432277870658e-07
84.0	857.4921514060283	9.2e-06	0.25161940420157247	0.25162010210900837	0.25162104006008246	4.19590895696757e-07
84.0	857.4921514060283	9.600000000000001e-06	0.25161827313759577	0.251618638948691	0.25161887047453124	1.4098951060596974e-07
84.0	857.4921514060283	9.999999999999999e-06	0.2516166744625066	0.25161719082977024	0.2516174773637756	1.79594698660798e-07
84.0	857.4921514060283	1.04e-05	0.2516144790677366	0.25161576121093254	0.25161687727320636	5.075562623706982e-07
84.0	857.4921514060283	1.08e-05	0.2516121913419038	0.25161427350784765	0.25161578078666924	8.425834042918826e-07
84.0	857.4921514060283	1.1200000000000001e-05	0.2516097518465461	0.2516127489929897	0.2516147860738016	1.243324924366839e-06
84.0	857.4921514060283	1.16e-05	0.25160709325912034	0.25161107086153334	0.25161366776569416	1.6779754148859971e-06
84.0	857.4921514060283	1.2e-05	0.25160413977748597	0.25160922737420205	0.25161242033552966	2.2089716896149934e-06
84.0	857.4921514060283	1.24e-05	0.2516008103017251	0.2516068949695221	0.2516107352824637	2.7609002346812494e-06
84.0	857.4921514060283	1.28e-05	0.25159701756724395	0.2516041452590039	0.25160917331250143	3.4850342113905116e-06
84.0	857.4921514060283	1.32e-05	0.2515927371780107	0.25160036829407584	0.2516065654348747	4.258909824737831e-06
84.0	857.4921514060283	1.36e-05	0.2515880155309951	0.2515950208879154	0.25160259955900877	5.0515248713403556e-06
84.0	857.4921514060283	1.4e-05	0.2515825722735654	0.25158281318334574	0.2515830784575268	1.216159910814493e-07
84.0	857.4921514060283	1.44e-05	0.25156280615077087	0.25157057536378746	0.25157813182528255	5.218710651468508e-06
84.0	857.4921514060283	1.48e-05	0.25155898292411294	0.2515653654751114	0.2515735190413686	4.421464801603124e-06
84.0	857.4921514060283	1.52e-05	0.25155653867904704	0.25156176332077324	0.2515694092660725	3.6558827690781253e-06
84.0	857.4921514060283	1.56e-05	0.2515551117049917	0.25155921446114954	0.2515658393621072	2.9556716868292625e-06
84.0	857.4921514060283	1.6e-05	0.2515536187844729	0.25155710004689225	0.25156277239548874	2.4338535205842927e-06
84.0	857.4921514060283	1.6400000000000002e-05	0.2515525489452646	0.2515555021730818	0.25156012733514554	1.9426812766502044e-06
84.0	857.4921514060283	1.68e-05	0.25155162489294813	0.2515540968551308	0.25155781745588346	1.548714193093248e-06
84.0	857.4921514060283	1.7199999999999998e-05	0.2515508184140467	0.25155288316145435	0.25155576836324833	1.1885843820358507e-06
84.0	857.4921514060283	1.76e-05	0.251549969623567	0.2515517311027697	0.25155391635393	8.999388607662113e-07
84.0	857.4921514060283	1.8e-05	0.2515495749146739	0.251550670585163	0.25155220780782095	6.193676131370939e-07
84.0	857.4921514060283	1.84e-05	0.2515488769024312	0.251549616152705	0.25155059710759	3.9433045872561134e-07
84.0	857.4921514060283	1.88e-05	0.2515481045362451	0.25154857393281727	0.2515490441864445	1.976412739020438e-07
84.0	857.4921514060283	1.9200000000000003e-05	0.2515473231547469	0.2515475462517313	0.25154775448539546	8.546630692147652e-08
84.0	857.4921514060283	1.9600000000000002e-05	0.25154591074339994	0.2515465349616982	0.2515471936645959	2.7172841523863304e-07
84.0	857.4921514060283	1.9999999999999998e-05	0.2515443382655258	0.25154549080725225	0.2515464019943989	4.982481544925978e-07
84.0	857.4921514060283	2.04e-05	0.2515426477313554	0.2515444263321163	0.2515456790741313	7.70218042504993e-07
84.0	857.4921514060283	2.08e-05	0.25154081909078396	0.25154326606525734	0.25154486993992187	1.0650629525115277e-06
84.0	857.4921514060283	2.12e-05	0.2515388015687572	0.2515420008307853	0.2515439968839166	1.4247879137937596e-06
84.0	857.4921514060283	2.16e-05	0.25153654155729654	0.2515404153384749	0.251542839832088	1.7964112078406012e-06
84.0	857.4921514060283	2.2e-05	0.2515339838655475	0.2515385554820186	0.2515417767049808	2.2815384039415544e-06
84.0	857.4921514060283	2.2400000000000002e-05	0.251531107644702	0.25153601790024743	0.25154001812634164	2.7974364384070314e-06
84.0	857.4921514060283	2.28e-05	0.25152794835135595	0.251532443600053	0.2515373630127691	3.324368619276906e-06
84.0	857.4921514060283	2.32e-05	0.25152404637848846	0.2515243406370403	0.2515246553836574	1.387620501112681e-07
84.0	857.4921514060283	2.36e-05	0.25151096376442705	0.25151620424634796	0.25152137109323114	3.4987755589086143e-06
84.0	857.4921514060283	2.4e-05	0.2515084512283794	0.2515127653266261	0.25151832069470625	2.968485223099103e-06
84.0	857.4921514060283	2.44e-05	0.25150685733250455	0.2515104009085716	0.25151561519643106	2.4611994015991556e-06
84.0	857.4921514060283	2.48e-05	0.2515059340044177	0.2515087407393913	0.25151327755629627	1.9999260649645886e-06
84.0	857.4921514060283	2.5200000000000003e-05	0.2515049749695022	0.2515073720379988	0.2515112830601929	1.658197263316627e-06
84.0	857.4921514060283	2.56e-05	0.2515042962502445	0.25150635103311003	0.25150957501321525	1.3387789022649404e-06
84.0	857.4921514060283	2.6e-05	0.25150371095804047	0.2515054626023381	0.25150809678394115	1.0838986532402005e-06
84.0	857.4921514060283	2.64e-05	0.25150320885043786	0.2515047076664633	0.25150679915325114	8.520289701978139e-07
84.0	857.4921514060283	2.68e-05	0.2515026876954387	0.2515039977472852	0.2515056403827396	6.687720207226215e-07
84.0	857.4921514060283	2.72e-05	0.2515024540547346	0.25150335420729236	0.2515045858080178	4.926334409292681e-07
84.0	857.4921514060283	2.76e-05	0.2515020321998591	0.25150271876908703	0.2515036064931735	3.555727010373015e-07
84.0	857.4921514060283	2.8e-05	0.251501570541798	0.25150209593298567	0.2515026776766778	2.3822408291134923e-07
84.0	857.4921514060283	2.8400000000000003e-05	0.25150110972220485	0.251501487083106	0.2515017772727388	1.3249380833673534e-07
84.0	857.4921514060283	2.88e-05	0.2515006698566111	0.2515008924823144	0.25150113232871885	8.480761615309208e-08
84.0	857.4921514060283	2.92e-05	0.2514998362048839	0.2515002899341774	0.2515006798020032	1.7336530711065797e-07
84.0	857.4921514060283	2.96e-05	0.25149896385146864	0.25149968342531315	0.25150027111803475	3.108275488090537e-07
84.0	857.4921514060283	2.9999999999999997e-05	0.2514980237651381	0.2514990386741473	0.2514998161700337	4.646428278690764e-07
84.0	857.4921514060283	3.04e-05	0.25149694291285307	0.2514983487112903	0.2514993402557195	6.523055672681092e-07
84.0	857.4921514060283	3.0799999999999996e-05	0.2514957519355434	0.251497506437693	0.25149869174297024	8.438715266023841e-07
84.0	857.4921514060283	3.12e-05	0.25149442779977615	0.25149653202577726	0.2514981290349212	1.0905498313898247e-06
84.0	857.4921514060283	3.16e-05	0.2514929562660999	0.25149522735494456	0.2514972102150077	1.3489856800528579e-06
84.0	857.4921514060283	3.2e-05	0.2514912496379562	0.25149341672563147	0.2514958511815424	1.6103433276730151e-06
84.0	857.4921514060283	3.2399999999999995e-05	0.2514891100933907	0.25148939684839827	0.2514897057600658	1.3899351024806726e-07
84.0	857.4921514060283	3.2800000000000004e-05	0.25148265219145927	0.2514853426837071	0.2514880813532354	1.7851095313729283e-06
84.0	857.4921514060283	3.32e-05	0.2514814387477884	0.25148366635403757	0.25148659084052927	1.5202084854980558e-06
84.0	857.4921514060283	3.36e-05	0.2514806875021627	0.25148253370234175	0.2514852871776041	1.2700373990021927e-06
84.0	857.4921514060283	3.4e-05	0.25148026304510385	0.2514817578089796	0.25148418291820196	1.046622256924211e-06
84.0	857.4921514060283	3.4399999999999996e-05	0.25147983338462154	0.25148113108095543	0.25148325807060257	8.841914052069349e-07
84.0	857.4921514060283	3.4800000000000006e-05	0.25147954165860487	0.25148068399117396	0.2514824849192969	7.355497275044853e-07
84.0	857.4921514060283	3.52e-05	0.2514792934014771	0.2514803096885294	0.25148183608791275	6.190424429243568e-07
84.0	857.4921514060283	3.56e-05	0.2514790930643187	0.25148001092855493	0.2514812874400878	5.146155325891833e-07
84.0	857.4921514060283	3.6e-05	0.25147889632624754	0.25147974058744466	0.25148081909466136	4.3585090257593546e-07
84.0	857.4921514060283	3.64e-05	0.2514788225666127	0.25147951145054204	0.25148041521368114	3.6278114369324484e-07
84.0	857.4921514060283	3.68e-05	0.25147867496361	0.25147929236174493	0.25148006338054785	3.1153537905554e-07
84.0	857.4921514060283	3.72e-05	0.2514785228512926	0.25147908617909537	0.25147975392684696	2.7207988794694435e-07
84.0	857.4921514060283	3.76e-05	0.2514783805374545	0.2514788933354114	0.2514794793360142	2.392833774405119e-07
84.0	857.4921514060283	3.7999999999999995e-05	0.2514782589720701	0.2514787125135301	0.2514792337524172	2.115987035559865e-07
84.0	857.4921514060283	3.8400000000000005e-05	0.25147816008561286	0.25147854819094373	0.2514790125884465	1.8780691152959155e-07
84.0	857.4921514060283	3.88e-05	0.251478060617373	0.2514783958987079	0.2514788122128424	1.6645826034255615e-07
84.0	857.4921514060283	3.9200000000000004e-05	0.2514779893327912	0.25147826185041117	0.251478629702822	1.460241854137102e-07
84.0	857.4921514060283	3.96e-05	0.2514778978192993	0.251478141113798	0.251478462641777	1.2617439244889387e-07
84.0	857.4921514060283	3.9999999999999996e-05	0.25147781136790215	0.2514780327500496	0.2514783089397312	1.1020285857113122e-07
84.0	857.4921514060283	4.0400000000000006e-05	0.25147773573205967	0.25147793104638705	0.25147816665248524	9.607236784180091e-08
84.0	857.4921514060283	4.08e-05	0.25147767456164694	0.2514778376510148	0.251478033843191	8.514844908121047e-08
84.0	857.4921514060283	4.12e-05	0.2514776115074042	0.25147775205543316	0.2514779090790302	7.630676026174589e-08
84.0	857.4921514060283	4.16e-05	0.2514775430807834	0.25147767576710606	0.25147779934641434	7.08245186359484e-08
84.0	857.4921514060283	4.2e-05	0.2514774976507752	0.25147763221138664	0.25147774166847725	6.630672639375724e-08
85.0	868.5914232937924	0.0	0.25633244327571614	0.2563355246394525	0.25633705120890493	1.0136331345620365e-06
85.0	868.5914232937924	4e-07	0.2563304632022172	0.2563336271486832	0.25633523129119595	1.0512473408157054e-06
85.0	868.5914232937924	8e-07	0.25632828432845667	0.2563317495634326	0.2563337324965538	1.1732597706963577e-06
85.0	868.5914232937924	1.2000000000000002e-06	0.2563258933036501	0.25632989587294136	0.2563328890795047	1.4098157581960102e-06
85.0	868.5914232937924	1.6e-06	0.25632325728649885	0.2563279425924385	0.2563313000873437	1.6992453609946104e-06
85.0	868.5914232937924	2e-06	0.25632032611186073	0.2563259400821046	0.2563298673122931	2.1121011295193047e-06
85.0	868.5914232937924	2.4000000000000003e-06	0.2563170320631807	0.25632371936843346	0.25632825275336657	2.602432126748244e-06
85.0	868.5914232937924	2.8000000000000003e-06	0.25631329082392984	0.256321270754221	0.256326557190115	3.234205497392054e-06
85.0	868.5914232937924	3.2e-06	0.2563089994788452	0.25631815785984613	0.2563242313735108	3.9134253589906766e-06
85.0	868.5914232937924	3.6e-06	0.25630406586952503	0.2563144913668721	0.25632212038554414	4.8357056025330945e-06
85.0	868.5914232937924	4e-06	0.25629845672130536	0.2563094435320636	0.2563185908047476	5.831643208596402e-06
85.0	868.5914232937924	4.4e-06	0.2562922378005714	0.2563022914062655	0.256313230883328	6.856169853445893e-06
85.0	868.5914232937924	4.800000000000001e-06	0.2562852435443874	0.25628593346754	0.2562865676164412	3.221638860800223e-07
85.0	868.5914232937924	5.2e-06	0.25625955412175205	0.25626959306118346	0.25627916023172226	6.9248637079003055e-06
85.0	868.5914232937924	5.600000000000001e-06	0.2562543763563596	0.25626261166407543	0.2562730295828537	5.859460950083113e-06
85.0	868.5914232937924	6e-06	0.2562510520278849	0.25625777071802697	0.256267553529562	4.8363398807823345e-06
85.0	868.5914232937924	6.4e-06	0.25624910181208893	0.25625433176209444	0.2562627833439599	3.89809000697269e-06
85.0	868.5914232937924	6.8e-06	0.2562470588350445	0.2562514703381596	0.25625866806600417	3.1972442881366863e-06
85.0	868.5914232937924	7.2e-06	0.25624557960543726	0.25624929467722346	0.2562551085045328	2.5340757665768743e-06
85.0	868.5914232937924	7.6e-06	0.2562442708296624	0.25624737112121787	0.25625198581990016	2.0017364897800106e-06
85.0	868.5914232937924	8e-06	0.2562431938047407	0.2562456974275804	0.25624920105433713	1.5131424567929681e-06
85.0	868.5914232937924	8.4e-06	0.25624200364822336	0.256244101963746	0.2562466690227154	1.1191254981980316e-06
85.0	868.5914232937924	8.8e-06	0.25624144362302737	0.2562426230412366	0.2562443175264839	7.335673029515341e-07
85.0	868.5914232937924	9.2e-06	0.25624044951367964	0.2562411481270181	0.2562420845644455	4.194409156723671e-07
85.0	868.5914232937924	9.600000000000001e-06	0.2562393181381557	0.25623968498276123	0.2562399150048762	1.4092923996981863e-07
85.0	868.5914232937924	9.999999999999999e-06	0.25623771904762016	0.25623823688396885	0.256238524294532	1.798548857171414e-07
85.0	868.5914232937924	1.04e-05	0.25623552365703706	0.25623680728534914	0.25623792552293345	5.077863001135783e-07
85.0	868.5914232937924	1.08e-05	0.25623323592510694	0.25623531958925705	0.2562368289815442	8.427919441308507e-07
85.0	868.5914232937924	1.1200000000000001e-05	0.2562307964139716	0.256233795097519	0.25623583370908687	1.2435405187024733e-06
85.0	868.5914232937924	1.16e-05	0.2562281378017195	0.256232116994188	0.2562347160478389	1.6782193000721698e-06
85.0	868.5914232937924	1.2e-05	0.25622518428698093	0.256230273512108	0.25623346858357365	2.209219958664214e-06
85.0	868.5914232937924	1.24e-05	0.2562218547329955	0.2562279410866149	0.2562317835718648	2.7611374907994127e-06
85.0	868.5914232937924	1.28e-05	0.2562180619563108	0.2562251913720596	0.25623022163122045	3.4852860003778186e-06
85.0	868.5914232937924	1.32e-05	0.2562137815244112	0.2562214144101179	0.2562276138027011	4.259203842257577e-06
85.0	868.5914232937924	1.36e-05	0.2562090598393594	0.2562160670054425	0.25622364804157804	5.051912142497951e-06
85.0	868.5914232937924	1.4e-05	0.25620362061822544	0.2562038590667261	0.25620412275945714	1.2111491696035645e-07
85.0	868.5914232937924	1.44e-05	0.25618385441031055	0.25619162135461165	0.25619917610630516	5.218365631682074e-06
85.0	868.5914232937924	1.48e-05	0.25618003102110176	0.25618641140735043	0.2561945633140903	4.421203815900377e-06
85.0	868.5914232937924	1.52e-05	0.2561775866937728	0.2561828092086251	0.2561904535396513	3.655655068526636e-06
85.0	868.5914232937924	1.56e-05	0.25617615967032936	0.25618026032218044	0.2561868836410994	2.955449329587723e-06
85.0	868.5914232937924	1.6e-05	0.25617466668269984	0.25617814590178223	0.25618381667686574	2.433613842388822e-06
85.0	868.5914232937924	1.6400000000000002e-05	0.25617359686011465	0.2561765480012595	0.2561811716215283	1.9424389064318743e-06
85.0	868.5914232937924	1.68e-05	0.25617267269145927	0.25617514263605795	0.2561788617424332	1.5484917036587442e-06
85.0	868.5914232937924	1.7199999999999998e-05	0.2561718662053529	0.25617392890227497	0.2561768126437949	1.1883591413000672e-06
85.0	868.5914232937924	1.76e-05	0.2561710174524521	0.2561727768201574	0.25617496062121514	8.996866375692067e-07
85.0	868.5914232937924	1.8e-05	0.2561706225564562	0.2561717162675101	0.2561732520536477	6.190935455791415e-07
85.0	868.5914232937924	1.84e-05	0.25616992445810016	0.25617066180026987	0.25617164132292203	3.9400874181628555e-07
85.0	868.5914232937924	1.88e-05	0.25616915194279066	0.2561696195500254	0.2561700883614835	1.9718564891589532e-07
85.0	868.5914232937924	1.9200000000000003e-05	0.25616837053174724	0.2561685918431859	0.2561687992872974	8.486416785638781e-08
85.0	868.5914232937924	1.9600000000000002e-05	0.25616695769773123	0.25616758052820526	0.2561682387045563	2.717267615222646e-07
85.0	868.5914232937924	1.9999999999999998e-05	0.2561653822682848	0.2561665363342953	0.25616744676444725	4.983427947707851e-07
85.0	868.5914232937924	2.04e-05	0.25616369164845665	0.2561654718347696	0.25616672372711236	7.703756970934945e-07
85.0	868.5914232937924	2.08e-05	0.256161862907871	0.25616431154451036	0.25616591482325735	1.0652822449326764e-06
85.0	868.5914232937924	2.12e-05	0.25615984527020874	0.2561630462602206	0.2561650431252378	1.4250407052692788e-06
85.0	868.5914232937924	2.16e-05	0.25615758512649567	0.25616146067943074	0.2561638860765383	1.7966766702139863e-06
85.0	868.5914232937924	2.2e-05	0.2561550272717268	0.25615960074017463	0.25616282424827386	2.281845445925475e-06
85.0	868.5914232937924	2.2400000000000002e-05	0.25615215089038745	0.2561570630554257	0.25616106564031416	2.7978118486987703e-06
85.0	868.5914232937924	2.28e-05	0.25614899142956915	0.25615348860873566	0.256158410527509	3.324862221643777e-06
85.0	868.5914232937924	2.32e-05	0.25614509318927503	0.2561453850811125	0.25614569830340184	1.3798769854119198e-07
85.0	868.5914232937924	2.36e-05	0.25613200994163954	0.2561372484557997	0.25614241385855774	3.498574157347935e-06
85.0	868.5914232937924	2.4e-05	0.25612949713621536	0.2561338093335592	0.2561393633275175	2.9683445426892536e-06
85.0	868.5914232937924	2.44e-05	0.2561279030919561	0.2561314447721777	0.2561366577198845	2.461069631865704e-06
85.0	868.5914232937924	2.48e-05	0.256126979677485	0.2561297845072191	0.25613431999013603	1.999780544336143e-06
85.0	868.5914232937924	2.5200000000000003e-05	0.2561260205337774	0.2561284157427883	0.2561323254268073	1.6580192109664755e-06
85.0	868.5914232937924	2.56e-05	0.2561253418054763	0.25612739466961254	0.25613061731573694	1.3385829973113964e-06
85.0	868.5914232937924	2.6e-05	0.25612475636944243	0.25612650615672256	0.2561291390277409	1.083708673431475e-06
85.0	868.5914232937924	2.64e-05	0.25612425423407004	0.2561257511516295	0.25612784134046507	8.518231435332834e-07
85.0	868.5914232937924	2.68e-05	0.2561237330972812	0.25612504118162777	0.2561266825128312	6.685291500368219e-07
85.0	868.5914232937924	2.72e-05	0.2561234992640511	0.2561243975826405	0.256125627878232	4.923583795468839e-07
85.0	868.5914232937924	2.76e-05	0.25612307730634143	0.2561237620862719	0.25612464849889705	3.552503359029566e-07
85.0	868.5914232937924	2.8e-05	0.2561226154799572	0.25612313919717583	0.2561237196117343	2.3781665429262485e-07
85.0	868.5914232937924	2.8400000000000003e-05	0.2561221546111865	0.2561225302997421	0.2561228191296019	1.3189534573595674e-07
85.0	868.5914232937924	2.88e-05	0.25612171435695696	0.25612193565310015	0.25612217499169354	8.415035117042211e-08
85.0	868.5914232937924	2.92e-05	0.2561208806411983	0.25612133304566476	0.2561217221820442	1.7318179305362207e-07
85.0	868.5914232937924	2.96e-05	0.25612000822057546	0.25612072649288364	0.2561213133701985	3.108384352411733e-07
85.0	868.5914232937924	2.9999999999999997e-05	0.2561190652183498	0.25612008169931844	0.25612085863885703	4.647636441282916e-07
85.0	868.5914232937924	3.04e-05	0.25611798423168786	0.2561193916690931	0.25612038242880253	6.524875859579033e-07
85.0	868.5914232937924	3.0799999999999996e-05	0.25611679310410285	0.2561185492893428	0.25611973386206355	8.440815015452741e-07
85.0	868.5914232937924	3.12e-05	0.2561154688019931	0.25611757477607905	0.2561191709944799	1.0908141897282424e-06
85.0	868.5914232937924	3.16e-05	0.2561139970824211	0.2561162699816831	0.2561182520257397	1.349327402791862e-06
85.0	868.5914232937924	3.2e-05	0.2561122932597115	0.2561144591813979	0.25611689292991446	1.6108098572573697e-06
85.0	868.5914232937924	3.2399999999999995e-05	0.25611015414145566	0.2561104386997278	0.2561107462105525	1.382535248955978e-07
85.0	868.5914232937924	3.2800000000000004e-05	0.2561036955180791	0.2561063842453776	0.2561091216337461	1.7849307122625534e-06
85.0	868.5914232937924	3.32e-05	0.2561024817901618	0.2561047076938746	0.25610763097457756	1.5200827499778793e-06
85.0	868.5914232937924	3.36e-05	0.25610173039173834	0.2561035748870522	0.2561063271902855	1.2699152808236433e-06
85.0	868.5914232937924	3.4e-05	0.2561013058497901	0.2561027988911561	0.25610522284115245	1.046476990916845e-06
85.0	868.5914232937924	3.4399999999999996e-05	0.25610087607550813	0.25610217209488495	0.2561042979117767	8.840084442895341e-07
85.0	868.5914232937924	3.4800000000000006e-05	0.25610058434634286	0.256101724933511	0.256103524689701	7.353442154043417e-07
85.0	868.5914232937924	3.52e-05	0.25610033593483905	0.25610135054732996	0.2561028757944488	6.188367118286092e-07
85.0	868.5914232937924	3.56e-05	0.25610013556981404	0.2561010517159581	0.25610232708629077	5.143908919580678e-07
85.0	868.5914232937924	3.6e-05	0.256099938853275	0.2561007813209066	0.25610185868133506	4.355907838874388e-07
85.0	868.5914232937924	3.64e-05	0.2560998649044448	0.25610055212160543	0.25610145473943735	3.6249667287302084e-07
85.0	868.5914232937924	3.68e-05	0.256099717194882	0.2561003329706791	0.25610110284227083	3.1122696828651565e-07
85.0	868.5914232937924	3.72e-05	0.25609956490234076	0.2561001267301015	0.25610079332011004	2.717425716109809e-07
85.0	868.5914232937924	3.76e-05	0.2560994225263986	0.2560999338328338	0.2561005186554519	2.389090392403775e-07
85.0	868.5914232937924	3.7999999999999995e-05	0.2560993009139345	0.25609975295827864	0.25610027299207605	2.1118174847786531e-07
85.0	868.5914232937924	3.8400000000000005e-05	0.25609920203735115	0.25609958856811627	0.25610005174211103	1.8735853126135127e-07
85.0	868.5914232937924	3.88e-05	0.25609910245288514	0.25609943622140147	0.2560998512743522	1.659569045646123e-07
85.0	868.5914232937924	3.9200000000000004e-05	0.25609903129887623	0.2560993021167337	0.25609966866638345	1.454479202376201e-07
85.0	868.5914232937924	3.96e-05	0.25609893957548024	0.25609918129946546	0.2560995015022689	1.255263101349516e-07
85.0	868.5914232937924	3.9999999999999996e-05	0.2560988530323991	0.25609907281742855	0.25609934769304843	1.0949382712512929e-07
85.0	868.5914232937924	4.0400000000000006e-05	0.25609877731462927	0.2560989710060335	0.25609920529607244	9.528601936735836e-08
85.0	868.5914232937924	4.08e-05	0.2560987159733994	0.256098877504423	0.25609907237768237	8.428347916573361e-08
85.0	868.5914232937924	4.12e-05	0.25609865304117463	0.2560987918204417	0.25609894751516205	7.53715601016815e-08
85.0	868.5914232937924	4.16e-05	0.2560985845057804	0.2560987154574871	0.2560988377869382	6.985525436768273e-08
85.0	868.5914232937924	4.2e-05	0.2560985392408268	0.25609867183400353	0.25609878024534094	6.535865852923912e-08
86.0	879.6906951815566	0.0	0.2610264300339935	0.26102951254606	0.261031040455487	1.0141951671814458e-06
86.0	879.6906951815566	4e-07	0.26102444996079743	0.26102761505794064	0.26102922095546255	1.051794159069234e-06
86.0	879.6906951815566	8e-07	0.2610222710883212	0.2610257374827405	0.2610277222266202	1.173765936369765e-06
86.0	879.6906951815566	1.2000000000000002e-06	0.26101988006642873	0.2610238838056613	0.26102687898270194	1.410264538835213e-06
86.0	879.6906951815566	1.6e-06	0.2610172440549716	0.26102193053371336	0.26102528992437257	1.6996289825293544e-06
86.0	879.6906951815566	2e-06	0.2610143128904685	0.26101992805436186	0.26102385714134524	2.1124372878830557e-06
86.0	879.6906951815566	2.4000000000000003e-06	0.26101101885857947	0.26101770738981084	0.2610222426999398	2.6027482335740334e-06
86.0	879.6906951815566	2.8000000000000003e-06	0.2610072776456027	0.2610152588137355	0.26102054711427947	3.234479438934307e-06
86.0	879.6906951815566	3.2e-06	0.2610029862299461	0.2610121459568992	0.26101822137491304	3.913650118843344e-06
86.0	879.6906951815566	3.6e-06	0.2609980526832283	0.2610084795372362	0.2610161104518385	4.835898920759929e-06
86.0	879.6906951815566	4e-06	0.26099244362085283	0.26100343182615393	0.2610125809962902	5.831834276239148e-06
86.0	879.6906951815566	4.4e-06	0.26098622481197786	0.2609962798859307	0.26100722132008247	6.856410706039759e-06
86.0	879.6906951815566	4.800000000000001e-06	0.26097923065724515	0.2609799221697514	0.2609805579879998	3.232161683657002e-07
86.0	879.6906951815566	5.2e-06	0.2609535458131562	0.26096358229449035	0.26097314945751293	6.924394129406398e-06
86.0	879.6906951815566	5.600000000000001e-06	0.2609483680327376	0.26095660102337703	0.2609670170939298	5.8590977533199304e-06
86.0	879.6906951815566	6e-06	0.26094504371461635	0.26095176016138244	0.26096154117810677	4.83603575364252e-06
86.0	879.6906951815566	6.4e-06	0.2609430935061221	0.26094832126987555	0.26095677111695004	3.897818014570634e-06
86.0	879.6906951815566	6.8e-06	0.26094105051901906	0.2609454599151826	0.2609526559036732	3.196975908420931e-06
86.0	879.6906951815566	7.2e-06	0.26093957134505796	0.26094328428576274	0.260949096438269	2.533827088953466e-06
86.0	879.6906951815566	7.6e-06	0.260938261984232	0.26094136073526797	0.2609459738333548	2.0015260715203294e-06
86.0	879.6906951815566	8e-06	0.2609371854922058	0.26093968704613557	0.2609431891322931	1.5129530813849217e-06
86.0	879.6906951815566	8.4e-06	0.2609359954023276	0.2609380916003129	0.26094065715097337	1.118935386132046e-06
86.0	879.6906951815566	8.8e-06	0.2609354352128781	0.2609366126810859	0.26093830569166254	7.333983640077692e-07
86.0	879.6906951815566	9.2e-06	0.2609344384812218	0.26093513777001	0.26093607275380837	4.192958050629123e-07
86.0	879.6906951815566	9.600000000000001e-06	0.26093330679963866	0.2609336746322441	0.26093390320619925	1.4087288117596123e-07
86.0	879.6906951815566	9.999999999999999e-06	0.26093170728785786	0.26093222654333714	0.26093251479935997	1.8011487273957573e-07
86.0	879.6906951815566	1.04e-05	0.2609295118867019	0.26093079695453436	0.2609319172792146	5.080171480924997e-07
86.0	879.6906951815566	1.08e-05	0.26092722413296876	0.2609293092547004	0.2609308206777001	8.430041261695867e-07
86.0	879.6906951815566	1.1200000000000001e-05	0.260924784588914	0.260927784773686	0.26092982487316885	1.2437621043681133e-06
86.0	879.6906951815566	1.16e-05	0.2609221259326642	0.26092610668310035	0.26092870781066857	1.6784696940601744e-06
86.0	879.6906951815566	1.2e-05	0.26091917236288253	0.2609242631911057	0.26092746030264546	2.2094785835700423e-06
86.0	879.6906951815566	1.24e-05	0.260915842706428	0.2609219307265577	0.2609257753183334	2.761390105193654e-06
86.0	879.6906951815566	1.28e-05	0.260912049857156	0.26091918098518035	0.2609242133894307	3.4855584812950133e-06
86.0	879.6906951815566	1.32e-05	0.26090776934666504	0.2609154039942048	0.26092160558488864	4.259523854153762e-06
86.0	879.6906951815566	1.36e-05	0.26090304758179883	0.26091005654484223	0.26091763989695327	5.052329283592048e-06
86.0	879.6906951815566	1.4e-05	0.260897612160238	0.26089784826894363	0.2608981104483963	1.2064317566618215e-07
86.0	879.6906951815566	1.44e-05	0.2608778456594827	0.2608856105321677	0.2608931637256333	5.218090575680406e-06
86.0	879.6906951815566	1.48e-05	0.26087402207411436	0.2608804004708801	0.2608885508772909	4.421001680667787e-06
86.0	879.6906951815566	1.52e-05	0.26087157764078306	0.2608767981887161	0.26088444105913844	3.655477037459031e-06
86.0	879.6906951815566	1.56e-05	0.26087015055650653	0.26087424924719094	0.26088087112580816	2.9552686841757447e-06
86.0	879.6906951815566	1.6e-05	0.2608686574849939	0.26087213479604393	0.2608778041287305	2.4334109452413774e-06
86.0	879.6906951815566	1.6400000000000002e-05	0.26086758766612306	0.26087053685087636	0.26087515904687386	1.9422278238122555e-06
86.0	879.6906951815566	1.68e-05	0.26086666337241216	0.26086913142417834	0.2608728491398198	1.5482938702972358e-06
86.0	879.6906951815566	1.7199999999999998e-05	0.2608658568713125	0.2608679176365409	0.2608708000097586	1.1881545867332725e-06
86.0	879.6906951815566	1.76e-05	0.2608650081424253	0.2608667655166192	0.2608689479505726	8.994531850249055e-07
86.0	879.6906951815566	1.8e-05	0.2608646130638119	0.260865704915807	0.26086723933970024	6.188361029579986e-07
86.0	879.6906951815566	1.84e-05	0.26086391487498695	0.26086465040046564	0.2608656285576174	3.9370347274659356e-07
86.0	879.6906951815566	1.88e-05	0.2608631422086729	0.2608636081059629	0.2608640755355358	1.9675192407439692e-07
86.0	879.6906951815566	1.9200000000000003e-05	0.2608623607559677	0.260862580358924	0.26086278706235166	8.430003858684366e-08
86.0	879.6906951815566	1.9600000000000002e-05	0.26086094747594313	0.2608615690045093	0.2608622266869718	2.717384554640189e-07
86.0	879.6906951815566	1.9999999999999998e-05	0.26085936920619357	0.26086052475630933	0.26086143447390775	4.984485547829322e-07
86.0	879.6906951815566	2.04e-05	0.26085767847734953	0.2608594602159558	0.2608607113097854	7.705453533632524e-07
86.0	879.6906951815566	2.08e-05	0.2608558496110538	0.2608582998827632	0.2608599026195426	1.0655139505476921e-06
86.0	879.6906951815566	2.12e-05	0.2608538318288378	0.2608570345290237	0.2608590321987574	1.425310227249909e-06
86.0	879.6906951815566	2.16e-05	0.2608515715197033	0.2608554488361013	0.26085787557711804	1.7969646255120964e-06
86.0	879.6906951815566	2.2e-05	0.26084901346390676	0.26085358878505044	0.26085681452736686	2.2821814676832224e-06
86.0	879.6906951815566	2.2400000000000002e-05	0.2608461368770483	0.26085105095707417	0.26085505585915403	2.7982228275414837e-06
86.0	879.6906951815566	2.28e-05	0.2608429771972949	0.2608474763064571	0.26085240069705584	3.3253966150888407e-06
86.0	879.6906951815566	2.32e-05	0.26083908243897724	0.26083937208701546	0.260839683856422	1.3725583421701723e-07
86.0	879.6906951815566	2.36e-05	0.2608259983139183	0.2608312350717741	0.2608363991990217	3.4984536258775764e-06
86.0	879.6906951815566	2.4e-05	0.26082348519896303	0.26082779568235603	0.2608333484792018	2.968272192715049e-06
86.0	879.6906951815566	2.44e-05	0.26082189097855846	0.26082543093249505	0.2608306427104745	2.4609977293021993e-06
86.0	879.6906951815566	2.48e-05	0.26082096746385375	0.26082377053941613	0.2608283048450284	1.999683910185143e-06
86.0	879.6906951815566	2.5200000000000003e-05	0.2608200081925718	0.2608224016841136	0.2608263101739192	1.6578844268964943e-06
86.0	879.6906951815566	2.56e-05	0.26081932944068953	0.26082138052254256	0.2608246019634848	1.338424346234878e-06
86.0	879.6906951815566	2.6e-05	0.2608187438513365	0.2608204919115072	0.26082312358570814	1.0835491511799667e-06
86.0	879.6906951815566	2.64e-05	0.2608182416794982	0.26081973682231585	0.26082182581418767	8.516436013391436e-07
86.0	879.6906951815566	2.68e-05	0.26081772054648233	0.26081902678627866	0.26082066690443195	6.683105455049962e-07
86.0	879.6906951815566	2.72e-05	0.26081748652484293	0.2608183831146897	0.26081961218697014	4.921054014781159e-07
86.0	879.6906951815566	2.76e-05	0.26081706445950736	0.26081774754649484	0.2608186327216213	3.5494946467621165e-07
86.0	879.6906951815566	2.8e-05	0.26081660246312666	0.2608171245903465	0.2608177037432249	2.3743289190710546e-07
86.0	879.6906951815566	2.8400000000000003e-05	0.26081614153319777	0.26081651563094566	0.2608168031628173	1.313290394714677e-07
86.0	879.6906951815566	2.88e-05	0.2608157008780667	0.2608159209241442	0.26081615978371353	8.35340000391666e-08
86.0	879.6906951815566	2.92e-05	0.26081486707750123	0.2608153182431224	0.260815706688855	1.730211037565423e-07
86.0	879.6906951815566	2.96e-05	0.2608139945672434	0.2608147116308316	0.26081529774010104	3.1086512074666395e-07
86.0	879.6906951815566	2.9999999999999997e-05	0.2608130487620759	0.26081406677685287	0.2608148432089141	4.6489736878540005e-07
86.0	879.6906951815566	3.04e-05	0.26081196761545744	0.26081337666155446	0.26081436669920066	6.526846486009915e-07
86.0	879.6906951815566	3.0799999999999996e-05	0.2608107763087588	0.26081253415499694	0.26081371806595754	8.443106941075236e-07
86.0	879.6906951815566	3.12e-05	0.26080945180729564	0.26081155951528245	0.26081315502588875	1.0911024586924186e-06
86.0	879.6906951815566	3.16e-05	0.26080797986339466	0.2608102545630461	0.2608122358885625	1.3496978150521476e-06
86.0	879.6906951815566	3.2e-05	0.2608062786479861	0.2608084435435783	0.2608108766947952	1.6113084645704014e-06
86.0	879.6906951815566	3.2399999999999995e-05	0.2608041398723264	0.2608044223541045	0.26080472853614367	1.3755632908007235e-07
86.0	879.6906951815566	3.2800000000000004e-05	0.2607976803277303	0.2608003674800792	0.2608031037410399	1.7848234821741232e-06
86.0	879.6906951815566	3.32e-05	0.26079646628457454	0.2607986906539211	0.2608016128888897	1.520017804978234e-06
86.0	879.6906951815566	3.36e-05	0.2607957147116222	0.26079755765543855	0.26080030894073136	1.2698453254550594e-06
86.0	879.6906951815566	3.4e-05	0.26079529007432356	0.2607967815311326	0.26079920446282046	1.0463768204543752e-06
86.0	879.6906951815566	3.4399999999999996e-05	0.2607948601717949	0.26079615464438455	0.2607982794191601	8.838665063302611e-07
86.0	879.6906951815566	3.4800000000000006e-05	0.2607945684275528	0.2607957073959863	0.2607975060983154	7.351752699586908e-07
86.0	879.6906951815566	3.52e-05	0.26079431985582424	0.26079533291457674	0.26079685711504297	6.186623542672181e-07
86.0	879.6906951815566	3.56e-05	0.26079411945676156	0.2607950340013027	0.26079630832559975	5.141946935251571e-07
86.0	879.6906951815566	3.6e-05	0.26079392274995516	0.26079476354159814	0.2607958398427961	4.353579910222569e-07
86.0	879.6906951815566	3.64e-05	0.2607938486175643	0.2607945342709197	0.2607954358238276	3.622379056425571e-07
86.0	879.6906951815566	3.68e-05	0.2607937007994465	0.260794315049025	0.2607950838482678	3.109433530953217e-07
86.0	879.6906951815566	3.72e-05	0.2607935483294561	0.26079410874153747	0.2607947742447756	2.714300332711565e-07
86.0	879.6906951815566	3.76e-05	0.26079340588364097	0.2607939157816118	0.26079449949467737	2.385602699142545e-07
86.0	879.6906951815566	3.7999999999999995e-05	0.2607932842152554	0.26079373484561397	0.26079425374097376	2.1079137992165988e-07
86.0	879.6906951815566	3.8400000000000005e-05	0.26079318533794726	0.2607935703800306	0.2607940323953839	1.8693734504115512e-07
86.0	879.6906951815566	3.88e-05	0.2607930856349343	0.26079341797044675	0.26079383182663385	1.6548434475539053e-07
86.0	879.6906951815566	3.9200000000000004e-05	0.26079301459686643	0.26079328380061806	0.2607936491125713	1.449034216141824e-07
86.0	879.6906951815566	3.96e-05	0.26079292266723986	0.2607931628959455	0.260793481837851	1.2491237485260085e-07
86.0	879.6906951815566	3.9999999999999996e-05	0.26079283602710923	0.26079305429059524	0.26079332791443743	1.0882082296409947e-07
86.0	879.6906951815566	4.0400000000000006e-05	0.26079276022128894	0.2607929523660662	0.2607931854011243	9.453796528089226e-08
86.0	879.6906951815566	4.08e-05	0.2607926987109721	0.26079285875293634	0.2607930523672186	8.345885703717275e-08
86.0	879.6906951815566	4.12e-05	0.2607926358838979	0.2607927729749904	0.2607929273994749	7.447832195167785e-08
86.0	879.6906951815566	4.16e-05	0.26079256723492783	0.26079269653149095	0.2607928176660206	6.892866051546123e-08
86.0	879.6906951815566	4.2e-05	0.2607925221167049	0.26079265283008723	0.26079276024391174	6.445293302810701e-08
87.0	890.7899670693208	0.0	0.26578887056534395	0.26579195418867907	0.26579348338836795	1.0147382797527523e-06
87.0	890.7899670693208	4e-07	0.26578689049215587	0.2657900567026859	0.26579166428700773	1.0523228085501147e-06
87.0	890.7899670693208	8e-07	0.2657847116198724	0.2657881791359538	0.2657901656171209	1.1742559188622324e-06
87.0	890.7899670693208	1.2000000000000002e-06	0.26578232059898177	0.26578632547021774	0.2657893225353227	1.410700110832685e-06
87.0	890.7899670693208	1.6e-06	0.2657796845903997	0.2657843722042173	0.26578773341069173	1.700002666198255e-06
87.0	890.7899670693208	2e-06	0.26577675343216356	0.26578236975143577	0.26578630061464725	2.1127659958270734e-06
87.0	890.7899670693208	2.4000000000000003e-06	0.26577345941193187	0.26578014912872083	0.26578468628550933	2.6030567635079336e-06
87.0	890.7899670693208	2.8000000000000003e-06	0.265769718218535	0.26577770058433153	0.26578299067290434	3.234748159623724e-06
87.0	890.7899670693208	3.2e-06	0.26576542672669223	0.2657745877574582	0.26578066500422803	3.91387243453347e-06
87.0	890.7899670693208	3.6e-06	0.2657604932312463	0.2657709214010001	0.265778554135073	4.836092117326807e-06
87.0	890.7899670693208	4e-06	0.26575488424025906	0.2657658737992423	0.2657750247909787	5.832026956622017e-06
87.0	890.7899670693208	4.4e-06	0.2657486655252512	0.2657587220238726	0.26576966533679425	6.856653166015216e-06
87.0	890.7899670693208	4.800000000000001e-06	0.2657416714749026	0.26574236448773375	0.2657430018874214	3.242156861869629e-07
87.0	890.7899670693208	5.2e-06	0.26571599090042586	0.26572602507478815	0.26573559348460574	6.923965264432623e-06
87.0	890.7899670693208	5.600000000000001e-06	0.26571081309105704	0.26571904390175216	0.2657294582363656	5.858768075730795e-06
87.0	890.7899670693208	6e-06	0.2657074887722395	0.2657142031038449	0.2657239824349986	4.835759781918062e-06
87.0	890.7899670693208	6.4e-06	0.26570553856678014	0.26571076426201223	0.2657192124769576	3.897569684780286e-06
87.0	890.7899670693208	6.8e-06	0.26570349556077755	0.26570790296315533	0.26571509731029863	3.1967288549441348e-06
87.0	890.7899670693208	7.2e-06	0.2657020164349069	0.2657057273557825	0.2657115379234689	2.5335965146154842e-06
87.0	890.7899670693208	7.6e-06	0.26570070651873134	0.2657038038039124	0.26570841538244583	2.0013289394755737e-06
87.0	890.7899670693208	8e-06	0.2656996305228212	0.2657021301120345	0.2657056307314054	1.5127742742276708e-06
87.0	890.7899670693208	8.4e-06	0.26569844049035307	0.26570053467606686	0.2657030987869451	1.1187546058465937e-06
87.0	890.7899670693208	8.8e-06	0.2656978801431631	0.26569905575274455	0.2657007473518549	7.332364078379515e-07
87.0	890.7899670693208	9.2e-06	0.265696880900796	0.26569758083720924	0.2656985144259405	4.1915573360079023e-07
87.0	890.7899670693208	9.600000000000001e-06	0.26569574892049985	0.2656961176977086	0.26569634594666436	1.408203649609073e-07
87.0	890.7899670693208	9.999999999999999e-06	0.26569414898523025	0.26569466960985866	0.2656949586801307	1.803733111041691e-07
87.0	890.7899670693208	1.04e-05	0.265691953560915	0.26569324002190764	0.26569436234647714	5.082473768297879e-07
87.0	890.7899670693208	1.08e-05	0.265689665772042	0.2656917523091958	0.26569326568117013	8.432182241745053e-07
87.0	890.7899670693208	1.1200000000000001e-05	0.2656872261805674	0.26569022782825974	0.26569226936959556	1.2439875477092638e-06
87.0	890.7899670693208	1.16e-05	0.26568456746413727	0.26568854973724326	0.2656911528625292	1.6787242584216208e-06
87.0	890.7899670693208	1.2e-05	0.2656816138208189	0.2656867062224716	0.2656899053030788	2.209744667238059e-06
87.0	890.7899670693208	1.24e-05	0.26567828404148663	0.26568437370353637	0.2656882203342317	2.761654585164446e-06
87.0	890.7899670693208	1.28e-05	0.26567449109393326	0.26568162391595046	0.26568665840190064	3.4858473075497785e-06
87.0	890.7899670693208	1.32e-05	0.26567021047440686	0.26567784686854945	0.2656840505996696	4.259864482436623e-06
87.0	890.7899670693208	1.36e-05	0.265665488594248	0.2656724993349062	0.265680084948678	5.052769706367576e-06
87.0	890.7899670693208	1.4e-05	0.26566005674886384	0.26566029063501817	0.26566055136743394	1.2019924769268983e-07
87.0	890.7899670693208	1.44e-05	0.2656402897788128	0.2656480527601755	0.2656556045335501	5.217877294012206e-06
87.0	890.7899670693208	1.48e-05	0.26563646596955515	0.26564284253793724	0.26565099158823724	4.420851233327761e-06
87.0	890.7899670693208	1.52e-05	0.26563402141029613	0.2656392401392154	0.26564688168825423	3.6553426432717516e-06
87.0	890.7899670693208	1.56e-05	0.2656325942556572	0.2656366911185374	0.2656433116857313	2.9551248533106707e-06
87.0	890.7899670693208	1.6e-05	0.2656311010860595	0.26563457661549633	0.2656402446252537	2.433240818952149e-06
87.0	890.7899670693208	1.6400000000000002e-05	0.26563003125938955	0.26563297861037355	0.2656375994898328	1.942044858689955e-06
87.0	890.7899670693208	1.68e-05	0.2656291068340355	0.2656315731101389	0.2656352895307048	1.548118401192652e-06
87.0	890.7899670693208	1.7199999999999998e-05	0.26562830031124296	0.26563035925704115	0.2656332403474613	1.1879689901242956e-06
87.0	890.7899670693208	1.76e-05	0.26562745159406465	0.265629207087085	0.2656313882317214	8.992371950426438e-07
87.0	890.7899670693208	1.8e-05	0.2656270563378129	0.265628146427047	0.2656296795589297	6.185943420859585e-07
87.0	890.7899670693208	1.84e-05	0.2656263580552647	0.26562709185237554	0.2656280687077732	3.9341393249228803e-07
87.0	890.7899670693208	1.88e-05	0.26562558523834934	0.2656260495018587	0.2656265156078206	1.9633922411298174e-07
87.0	890.7899670693208	1.9200000000000003e-05	0.2656248037336262	0.26562502170236757	0.265625227710494	8.377146028202743e-08
87.0	890.7899670693208	1.9600000000000002e-05	0.26562338998956836	0.2656240102962255	0.2656246675131113	2.7176141880955693e-07
87.0	890.7899670693208	1.9999999999999998e-05	0.26562180898886645	0.2656229659812662	0.26562387502623164	4.98563232149574e-07
87.0	890.7899670693208	2.04e-05	0.2656201181314355	0.2656219013861458	0.2656231517276071	7.707243570614297e-07
87.0	890.7899670693208	2.08e-05	0.2656182891179295	0.26562074099345834	0.26562234323554534	1.065755072364813e-06
87.0	890.7899670693208	2.12e-05	0.2656162711669756	0.2656194755537665	0.26562147401689096	1.425592734294647e-06
87.0	890.7899670693208	2.16e-05	0.2656140106646623	0.26561788972897293	0.265620318571016	1.7972705337153867e-06
87.0	890.7899670693208	2.2e-05	0.2656114523756461	0.2656160295416839	0.2656192574627969	2.2825408084879596e-06
87.0	890.7899670693208	2.2400000000000002e-05	0.2656085755454196	0.2656134915363847	0.2656174987079529	2.798662401780826e-06
87.0	890.7899670693208	2.28e-05	0.2656054156033667	0.2656099166330861	0.26561484345339004	3.3259633376616813e-06
87.0	890.7899670693208	2.32e-05	0.26560152409301363	0.26560181161537255	0.26560212200078315	1.365644162844635e-07
87.0	890.7899670693208	2.36e-05	0.26558843888463013	0.26559367407796697	0.26559883708166243	3.498403797689623e-06
87.0	890.7899670693208	2.4e-05	0.26558592542711956	0.2655902343669787	0.2655957861253855	2.9682593164373102e-06
87.0	890.7899670693208	2.44e-05	0.265584331007382	0.2655878693905855	0.2655930801516435	2.4609762206107895e-06
87.0	890.7899670693208	2.48e-05	0.26558340738095776	0.2655862088420152	0.2655907421113266	1.999630039903251e-06
87.0	890.7899670693208	2.5200000000000003e-05	0.2655824479662936	0.26558483987209164	0.26558874729720205	1.6577878245951911e-06
87.0	890.7899670693208	2.56e-05	0.2655817691779978	0.26558381860506913	0.26558703895733693	1.3382988228174613e-06
87.0	890.7899670693208	2.6e-05	0.265581183428127	0.26558292988242166	0.2655855604633137	1.0834169009190862e-06
87.0	890.7899670693208	2.64e-05	0.26558068121238687	0.26558217469663487	0.2655842625839915	8.514877935926644e-07
87.0	890.7899670693208	2.68e-05	0.26558016007018637	0.2655814645816797	0.26558310357084913	6.68114126470887e-07
87.0	890.7899670693208	2.72e-05	0.26557992586482637	0.2655808208260678	0.2655820487510159	4.918728377338985e-07
87.0	890.7899670693208	2.76e-05	0.26557950368825445	0.2655801851745729	0.2655810691814233	3.546686955932199e-07
87.0	890.7899670693208	2.8e-05	0.26557904152226985	0.26557956213952627	0.265580140094424	2.37071492654778e-07
87.0	890.7899670693208	2.8400000000000003e-05	0.2655785805209714	0.2655789531059723	0.26557923939883654	1.307933126161229e-07
87.0	890.7899670693208	2.88e-05	0.26557813945628883	0.26557835832690385	0.2655785967326878	8.295601571431925e-08
87.0	890.7899670693208	2.92e-05	0.2655773055533066	0.26557775556030894	0.26557814335242735	1.7288080574019213e-07
87.0	890.7899670693208	2.96e-05	0.26557643293438726	0.26557714887530726	0.26557773425967657	3.1090517850027624e-07
87.0	890.7899670693208	2.9999999999999997e-05	0.26557548443757906	0.2655765039456558	0.2655772799134395	4.650414682348286e-07
87.0	890.7899670693208	3.04e-05	0.265574403109639	0.26557581373042377	0.2655768031023724	6.52893663611909e-07
87.0	890.7899670693208	3.0799999999999996e-05	0.2655732115997189	0.26557497107986827	0.2655761543924884	8.445553952053898e-07
87.0	890.7899670693208	3.12e-05	0.2655718868712551	0.26557399629255757	0.26557559116949747	1.0914100315539211e-06
87.0	890.7899670693208	3.16e-05	0.2655704146698028	0.2655726911534325	0.2655746718473875	1.3500912452017833e-06
87.0	890.7899670693208	3.2e-05	0.26556871587795605	0.26557087987381306	0.26557331252528815	1.6118322574060021e-06
87.0	890.7899670693208	3.2399999999999995e-05	0.2655665773695093	0.2655668578901731	0.26556716281253845	1.368997817885938e-07
87.0	890.7899670693208	3.2800000000000004e-05	0.26556011673486246	0.2655628024855184	0.2655655377581656	1.7847791875105695e-06
87.0	890.7899670693208	3.32e-05	0.26555890235114443	0.26556112534023074	0.26556404667347966	1.520006055680269e-06
87.0	890.7899670693208	3.36e-05	0.26555815058550536	0.26555999211923303	0.26556274252522716	1.2698210556607282e-06
87.0	890.7899670693208	3.4e-05	0.2655577258441504	0.2655592158445219	0.2655616378840939	1.0463163460212616e-06
87.0	890.7899670693208	3.4399999999999996e-05	0.26555729580120513	0.26555858884819133	0.2655607126982833	8.837610076635808e-07
87.0	890.7899670693208	3.4800000000000006e-05	0.26555700403113836	0.2655581414995838	0.2655599392546266	7.350390383584174e-07
87.0	890.7899670693208	3.52e-05	0.265556755295032	0.2655577669130559	0.2655592901625692	6.185162329047276e-07
87.0	890.7899670693208	3.56e-05	0.26555655485654306	0.2655574679090005	0.2655587412738152	5.140242573823075e-07
87.0	890.7899670693208	3.6e-05	0.2655563581486824	0.26555719737548256	0.2655582726974055	4.351501706195398e-07
87.0	890.7899670693208	3.64e-05	0.2655562838386807	0.26555696802584167	0.2655578685874813	3.6200278039174994e-07
87.0	890.7899670693208	3.68e-05	0.2655561359106784	0.26555674872550894	0.2655575165211994	3.106826844897311e-07
87.0	890.7899670693208	3.72e-05	0.2655559832669372	0.2655565423434902	0.2655572068253589	2.7114055692261426e-07
87.0	890.7899670693208	3.76e-05	0.2655558407446694	0.2655563493131798	0.26555693197991026	2.3823543030303389e-07
87.0	890.7899670693208	3.7999999999999995e-05	0.26555571901278263	0.2655561683082716	0.2655566861269216	2.1042603842148644e-07
87.0	890.7899670693208	3.8400000000000005e-05	0.2655556201252134	0.26555600376070293	0.2655564646775721	1.865418392605791e-07
87.0	890.7899670693208	3.88e-05	0.26555552030231766	0.2655558512811383	0.26555626400041366	1.6503910056115442e-07
87.0	890.7899670693208	3.9200000000000004e-05	0.26555544936629616	0.26555571703873637	0.2655560811734716	1.4438913249336507e-07
87.0	890.7899670693208	3.96e-05	0.26555535723498824	0.26555559604115936	0.2655559137819061	1.24330978625809e-07
87.0	890.7899670693208	3.9999999999999996e-05	0.2655552704936923	0.2655554873087413	0.26555575973853074	1.0818213628455609e-07
87.0	890.7899670693208	4.0400000000000006e-05	0.2655551945949419	0.26555538526691486	0.2655556171034732	9.38264062084856e-08
87.0	890.7899670693208	4.08e-05	0.2655551329184487	0.26555529153819435	0.2655554839487815	8.267269997929862e-08
87.0	890.7899670693208	4.12e-05	0.26555507018095614	0.2655552056618514	0.26555535887006076	7.362506121563137e-08
87.0	890.7899670693208	4.16e-05	0.26555500141514266	0.2655551291329601	0.26555524912296136	6.804259095301463e-08
87.0	890.7899670693208	4.2e-05	0.26555495642721816	0.2655550853435971	0.2655551918040837	6.3586915680536e-08
88.0	901.889238957085	0.0	0.2706160252563148	0.2706191099532407	0.2706206403942284	1.0152623150357637e-06
88.0	901.889238957085	4e-07	0.27061404518287535	0.27061721246889353	0.2706188216718486	1.0528330971219185e-06
88.0	901.889238957085	8e-07	0.27061186630983247	0.2706153349091738	0.2706173230545348	1.1747294322104923e-06
88.0	901.889238957085	1.2000000000000002e-06	0.2706094752882704	0.27061348125287926	0.2706164801242279	1.4111220185895878e-06
88.0	901.889238957085	1.6e-06	0.27060683928009155	0.27061152799050986	0.27061489093388325	1.7003658210831662e-06
88.0	901.889238957085	2e-06	0.2706039081247198	0.2706095255602958	0.2706134581204651	2.1130865196342964e-06
88.0	901.889238957085	2.4000000000000003e-06	0.2706006141116175	0.27060730497285607	0.27061184389807913	2.603357076806688e-06
88.0	901.889238957085	2.8000000000000003e-06	0.27059687293187906	0.27060485645437954	0.2706101482549501	3.2350108992664704e-06
88.0	901.889238957085	3.2e-06	0.27059258135909836	0.2706017436507412	0.27060782265097405	3.914091437502147e-06
88.0	901.889238957085	3.6e-06	0.27058764790483103	0.2705980773483278	0.27060571182580784	4.8362841189625165e-06
88.0	901.889238957085	4e-06	0.270582038972333	0.2705930298427206	0.2706021825805349	5.8322198616185e-06
88.0	901.889238957085	4.4e-06	0.27057582033511984	0.27058587821321334	0.2705968233269038	6.856895406151336e-06
88.0	901.889238957085	4.800000000000001e-06	0.2705688263909538	0.270569520819516	0.27057015971659304	3.251643466331187e-07
88.0	901.889238957085	5.2e-06	0.27054314979659466	0.27055318180709037	0.27056275141869257	6.923574058504944e-06
88.0	901.889238957085	5.600000000000001e-06	0.2705379719465366	0.27054620070765334	0.2705566134122126	5.8584691768258375e-06
88.0	901.889238957085	6e-06	0.27053464761744195	0.2705413599562825	0.2705511377047447	4.835509638097635e-06
88.0	901.889238957085	6.4e-06	0.27053269741132	0.2705379211510697	0.2705463678307778	3.89734316057138e-06
88.0	901.889238957085	6.8e-06	0.2705306543786934	0.2705350598960367	0.27054225269468013	3.1965016606449287e-06
88.0	901.889238957085	7.2e-06	0.27052917529378995	0.27053288430230565	0.2705386933708045	2.533382950179472e-06
88.0	901.889238957085	7.6e-06	0.27052786485017144	0.27053096074302174	0.27053557087956737	2.0011444910420144e-06
88.0	901.889238957085	8e-06	0.27052678931679264	0.27052928704209633	0.2705327862656839	1.5126056766477642e-06
88.0	901.889238957085	8.4e-06	0.2705255993330766	0.2705276916088216	0.27053025434618583	1.1185829807739362e-06
88.0	901.889238957085	8.8e-06	0.2705250388347862	0.2705262126750225	0.27052790292412787	7.330814339352669e-07
88.0	901.889238957085	9.2e-06	0.2705240371899178	0.27052473774845254	0.2705256699994303	4.190208287226956e-07
88.0	901.889238957085	9.600000000000001e-06	0.27052290491961717	0.2705232746000794	0.27052350406570813	1.4077154990233416e-07
88.0	901.889238957085	9.999999999999999e-06	0.2705213045618535	0.2705218265056035	0.2705221163586904	1.8062900732771675e-07
88.0	901.889238957085	1.04e-05	0.27051910910357346	0.270520396910702	0.27052152114854433	5.084757793668072e-07
88.0	901.889238957085	1.08e-05	0.270516821268167	0.2705189091772628	0.2705204244169259	8.434327963507045e-07
88.0	901.889238957085	1.1200000000000001e-05	0.27051438161692154	0.2705173846871676	0.2705194276217098	1.2442150760578938e-06
88.0	901.889238957085	1.16e-05	0.27051172282655855	0.2705157065843278	0.27051831163033935	1.6789810615891582e-06
88.0	901.889238957085	1.2e-05	0.2705087690939951	0.2705138630357746	0.27051706401337583	2.210015821679715e-06
88.0	901.889238957085	1.24e-05	0.2705054391742152	0.2705115304494743	0.2705153790496544	2.761928065173396e-06
88.0	901.889238957085	1.28e-05	0.2705016461065002	0.27050878059904	0.270513817100694	3.486148927852873e-06
88.0	901.889238957085	1.32e-05	0.27049736535196445	0.27050500347155415	0.2705112092818833	4.260221342749729e-06
88.0	901.889238957085	1.36e-05	0.2704926433261692	0.27049965581934465	0.27050724363588774	5.053228057493814e-06
88.0	901.889238957085	1.4e-05	0.2704872139314274	0.2704874466217772	0.270487705971866	1.1978185969190352e-07
88.0	901.889238957085	1.44e-05	0.2704674472534494	0.27047520851059875	0.27048275899114405	5.217719184196709e-06
88.0	901.889238957085	1.48e-05	0.270463623197311	0.27046999808738986	0.2704781459136498	4.420746712457637e-06
88.0	901.889238957085	1.52e-05	0.2704611784953084	0.2704663955438021	0.2704740358989186	3.6552470400874237e-06
88.0	901.889238957085	1.56e-05	0.2704597512622984	0.27046384642329113	0.2704704657974526	2.9550139141903354e-06
88.0	901.889238957085	1.6e-05	0.27045825798254963	0.27046173185001293	0.27046739864707003	2.4331002612320346e-06
88.0	901.889238957085	1.6400000000000002e-05	0.2704571881377147	0.2704601337717526	0.2704647534346689	1.941887483575411e-06
88.0	901.889238957085	1.68e-05	0.27045626357582986	0.2704587281877244	0.2704624434025966	1.5479634843214917e-06
88.0	901.889238957085	1.7199999999999998e-05	0.270455457025486	0.27045751425930253	0.27046039414735557	1.1878009919926582e-06
88.0	901.889238957085	1.76e-05	0.2704546083088628	0.27045636202881895	0.27045854195784624	8.99037646719902e-07
88.0	901.889238957085	1.8e-05	0.2704542128803551	0.2704553013001627	0.2704568332071098	6.183675471339975e-07
88.0	901.889238957085	1.84e-05	0.27045351450164024	0.27045424665662204	0.27045522227167496	3.9313959956058553e-07
88.0	901.889238957085	1.88e-05	0.2704527415357427	0.2704532042400714	0.27045366907911905	1.9594692253835165e-07
88.0	901.889238957085	1.9200000000000003e-05	0.2704519599701207	0.27045217637765295	0.27045238173314345	8.327652946376659e-08
88.0	901.889238957085	1.9600000000000002e-05	0.27045054574882155	0.2704511649092677	0.2704518216856453	2.7179395440968577e-07
88.0	901.889238957085	1.9999999999999998e-05	0.2704489621255508	0.2704501205169816	0.27045102892577777	4.986850183493869e-07
88.0	901.889238957085	2.04e-05	0.270447271123035	0.27044905585517065	0.2704503054866372	7.709105283200375e-07
88.0	901.889238957085	2.08e-05	0.2704454419442106	0.27044789538883407	0.2704494971783937	1.066003160843922e-06
88.0	901.889238957085	2.12e-05	0.2704434238041422	0.27044662984921153	0.270448629091141	1.4258851649767956e-06
88.0	901.889238957085	2.16e-05	0.27044116308524213	0.27044504387597096	0.27044747475432107	1.7975906917166885e-06
88.0	901.889238957085	2.2e-05	0.2704386045353626	0.2704431835316779	0.27044641357215315	2.2829188647316827e-06
88.0	901.889238957085	2.2400000000000002e-05	0.2704357274297573	0.27044064531992784	0.2704446547079602	2.7991249114882534e-06
88.0	901.889238957085	2.28e-05	0.27043256718865294	0.27043707012219087	0.2704419993233458	3.326555529746204e-06
88.0	901.889238957085	2.32e-05	0.27042867870540466	0.27042896421652957	0.2704292732846003	1.3591180406967546e-07
88.0	901.889238957085	2.36e-05	0.27041559223853984	0.270420826043395	0.2704259880617652	3.4984164544328953e-06
88.0	901.889238957085	2.4e-05	0.2704130784112513	0.27041738596477105	0.27042293682822827	2.9682987530438103e-06
88.0	901.889238957085	2.44e-05	0.2704114837727447	0.2704150207295483	0.2704202306118262	2.4609990656842876e-06
88.0	901.889238957085	2.48e-05	0.2704105600250015	0.2704133600021433	0.27041789236302094	1.9996139874487745e-06
88.0	901.889238957085	2.5200000000000003e-05	0.270409600453668	0.2704119908971622	0.27041589737571936	1.6577252899492668e-06
88.0	901.889238957085	2.56e-05	0.2704089216175216	0.2704109695101114	0.270414188880574	1.338203078640773e-06
88.0	901.889238957085	2.6e-05	0.27040833570179235	0.27041008066445466	0.27041271024753666	1.0833093377573192e-06
88.0	901.889238957085	2.64e-05	0.27040783343570585	0.27040932537150225	0.2704114122401542	8.513536473430959e-07
88.0	901.889238957085	2.68e-05	0.27040731227267667	0.270408615166626	0.27041025310535627	6.679381991881396e-07
88.0	901.889238957085	2.72e-05	0.2704070778887582	0.2704079713173269	0.2704091981664112	4.916593334650204e-07
88.0	901.889238957085	2.76e-05	0.27040665559824983	0.27040733557281815	0.2704082184769705	3.544069036455487e-07
88.0	901.889238957085	2.8e-05	0.2704061932640398	0.27040671244881437	0.2704072892665401	2.367313933081991e-07
88.0	901.889238957085	2.8400000000000003e-05	0.27040573218276	0.27040610333072856	0.2704063884413772	1.3028685206064872e-07
88.0	901.889238957085	2.88e-05	0.2704052907033603	0.27040550846907263	0.2704057464433349	8.241424530096993e-08
88.0	901.889238957085	2.92e-05	0.27040445668296	0.2704049056067805	0.2704052927790439	1.7275885576807258e-07
88.0	901.889238957085	2.96e-05	0.2704035839391583	0.2704042988377999	0.2704048835368251	3.10956605411516e-07
88.0	901.889238957085	2.9999999999999997e-05	0.2704026328600877	0.2704036538194401	0.270404429361375	4.651938701357847e-07
88.0	901.889238957085	3.04e-05	0.27040155133284305	0.2704029634916981	0.27040395224906	6.531121035001315e-07
88.0	901.889238957085	3.0799999999999996e-05	0.27040035959937025	0.2704021206827407	0.27040330345429187	8.448125742948271e-07
88.0	901.889238957085	3.12e-05	0.27039903462052894	0.27040114572988644	0.2704027400400033	1.0917331578704472e-06
88.0	901.889238957085	3.16e-05	0.2703975621328274	0.27039984037905296	0.2704018205197718	1.3505030860357732e-06
88.0	901.889238957085	3.2e-05	0.2703958655933878	0.2703980288041631	0.2704004610431534	1.6123756301051283e-06
88.0	901.889238957085	3.2399999999999995e-05	0.2703937272837873	0.27039400595379737	0.2703943096823842	1.362817671534043e-07
88.0	901.889238957085	3.2800000000000004e-05	0.2703872654155184	0.2703899499230966	0.2703926843336175	1.7847907105368336e-06
88.0	901.889238957085	3.32e-05	0.27038605067057997	0.2703882724210369	0.2703911929823999	1.5200412203976763e-06
88.0	901.889238957085	3.36e-05	0.2703852986970263	0.2703871389513154	0.2703898886028542	1.2698370910204822e-06
88.0	901.889238957085	3.4e-05	0.27038487384431864	0.27038636250738496	0.27038878376895426	1.0462910535583443e-06
88.0	901.889238957085	3.4399999999999996e-05	0.27038444365076497	0.2703857353849442	0.27038785841691926	8.836880743028372e-07
88.0	901.889238957085	3.4800000000000006e-05	0.270384151845124	0.2703852879248032	0.27038708482963525	7.349322133402012e-07
88.0	901.889238957085	3.52e-05	0.2703839029419255	0.2703849132247537	0.270386435610793	6.183956077234514e-07
88.0	901.889238957085	3.56e-05	0.27038370245929766	0.2703846141223635	0.2703858866070892	5.138772048297801e-07
88.0	901.889238957085	3.6e-05	0.27038350574049463	0.2703843435071363	0.2703854179233982	4.3496519954444973e-07
88.0	901.889238957085	3.64e-05	0.2703834312591411	0.27038411407207896	0.2703850137104835	3.6178939930069024e-07
88.0	901.889238957085	3.68e-05	0.2703832832205588	0.2703838946869496	0.2703846615428178	3.1044323042506944e-07
88.0	901.889238957085	3.72e-05	0.2703831304071711	0.270383688223896	0.27038435174513076	2.7087250028840673e-07
88.0	901.889238957085	3.76e-05	0.27038298780297154	0.27038349511659104	0.27038407679583276	2.3793290946520752e-07
88.0	901.889238957085	3.7999999999999995e-05	0.27038286600116734	0.2703833140363857	0.27038383083592255	2.1008414742053015e-07
88.0	901.889238957085	3.8400000000000005e-05	0.27038276709478204	0.270383149401333	0.27038360927592997	1.8617044486473551e-07
88.0	901.889238957085	3.88e-05	0.2703826671514431	0.27038299684574474	0.27038340848414943	1.6461959857172376e-07
88.0	901.889238957085	3.9200000000000004e-05	0.27038259630426165	0.27038286252450594	0.2703832255387013	1.4390337912436115e-07
88.0	901.889238957085	3.96e-05	0.2703825039765251	0.27038274142955904	0.27038305802518536	1.2378036419819857e-07
88.0	901.889238957085	3.9999999999999996e-05	0.27038241713095346	0.2703826325673783	0.2703829038571879	1.0757588537961373e-07
88.0	901.889238957085	4.0400000000000006e-05	0.2703823411354742	0.2703825304051412	0.27038276109607207	9.314934308940213e-08
88.0	901.889238957085	4.08e-05	0.27038227929686354	0.27038243655779653	0.27038262781641986	8.192291142494606e-08
88.0	901.889238957085	4.12e-05	0.2703822166342498	0.2703823505796033	0.2703825026220761	7.280958828778797e-08
88.0	901.889238957085	4.16e-05	0.27038214774952074	0.27038227396144937	0.27038239285371635	6.719477512218183e-08
88.0	901.889238957085	4.2e-05	0.27038210287694486	0.27038223007458645	0.27038233562286607	6.275814884108607e-08
89.0	912.9885108448492	0.0	0.27550464858265045	0.27550773431566655	0.27550926595077563	1.0157676765850164e-06
89.0	912.9885108448492	4e-07	0.2755026685087216	0.2755058368325245	0.2755074475868886	1.05332539835479e-06
89.0	912.9885108448492	8e-07	0.2755004896340436	0.27550395927847104	0.27550594901637826	1.175186765607818e-06
89.0	912.9885108448492	1.2000000000000002e-06	0.27549809861027086	0.2755021056298503	0.27550510622732016	1.4115304030412442e-06
89.0	912.9885108448492	1.6e-06	0.2754954626002091	0.2755001523689971	0.27550351697247333	1.7007184667734314e-06
89.0	912.9885108448492	2e-06	0.2754925314445398	0.27549814995762983	0.2755020841379796	2.113398758884059e-06
89.0	912.9885108448492	2.4000000000000003e-06	0.27548923743434806	0.27549592939942913	0.2755004700164658	2.6036491873596927e-06
89.0	912.9885108448492	2.8000000000000003e-06	0.27548549626271956	0.2754934809015229	0.2754987743400559	3.2352675899472054e-06
89.0	912.9885108448492	3.2e-06	0.2754812046027011	0.27549036811489147	0.27549644879504953	3.914307018116552e-06
89.0	912.9885108448492	3.6e-06	0.27547627118022255	0.27548670185788177	0.2754943380047994	4.836474728890213e-06
89.0	912.9885108448492	4e-06	0.27547066229422956	0.27548165443583994	0.27549080884643473	5.832412626709508e-06
89.0	912.9885108448492	4.4e-06	0.27546444371991363	0.2754745029339592	0.2754854497728907	6.85713677963584e-06
89.0	912.9885108448492	4.800000000000001e-06	0.2754574498824791	0.2754581456475075	0.27545878596216955	3.2606447007950014e-07
89.0	912.9885108448492	5.2e-06	0.27543177699526566	0.27544180697809095	0.27545137774803674	6.9232185080762955e-06
89.0	912.9885108448492	5.600000000000001e-06	0.275426599094061	0.2754348259299406	0.27544523710510393	5.8581991914316e-06
89.0	912.9885108448492	6e-06	0.27542327474593975	0.2754299852090374	0.2754397614723727	4.835283698552906e-06
89.0	912.9885108448492	6.4e-06	0.2754213245355981	0.27542654642838676	0.27543499166475804	3.897137113513369e-06
89.0	912.9885108448492	6.8e-06	0.2754192814693921	0.27542368520596827	0.27543087654407206	3.1962932302440234e-06
89.0	912.9885108448492	7.2e-06	0.27541780241843394	0.27542150961805	0.27542731726866343	2.533185515567871e-06
89.0	912.9885108448492	7.6e-06	0.27541649147322467	0.2754195860457032	0.2754241948141152	2.000972191643802e-06
89.0	912.9885108448492	8e-06	0.2754154163715983	0.2754179123298974	0.27542141022544353	1.512446900233843e-06
89.0	912.9885108448492	8.4e-06	0.2754142264282651	0.2754163168926537	0.27541887831986234	1.1184202252965498e-06
89.0	912.9885108448492	8.8e-06	0.27541366578549376	0.2754148379424908	0.27541652690045826	7.329332564213427e-07
89.0	912.9885108448492	9.2e-06	0.2754126618415844	0.2754133629988193	0.27541429396704675	4.1889097289949853e-07
89.0	912.9885108448492	9.600000000000001e-06	0.2754115292902881	0.27541189983499953	0.2754121304519641	1.4072608229304271e-07
89.0	912.9885108448492	9.999999999999999e-06	0.2754099285127207	0.27541045172683143	0.27541074233206064	1.8088135867657396e-07
89.0	912.9885108448492	1.04e-05	0.2754077330105904	0.27540902211780144	0.27541014818470533	5.087018518719516e-07
89.0	912.9885108448492	1.08e-05	0.27540544511824017	0.2754075343564679	0.2754090513848837	8.436472515506203e-07
89.0	912.9885108448492	1.1200000000000001e-05	0.27540300539594487	0.27540600984872987	0.275408054127408	1.2444439591305754e-06
89.0	912.9885108448492	1.16e-05	0.2754003465190813	0.2754043317236494	0.27540693861503485	1.679239387396695e-06
89.0	912.9885108448492	1.2e-05	0.27539739268289853	0.2754024881312534	0.2754056909354343	2.2102911132376856e-06
89.0	912.9885108448492	1.24e-05	0.2753940626058462	0.27540015546576313	0.2754040059671876	2.762209393678943e-06
89.0	912.9885108448492	1.28e-05	0.27539026939794553	0.27539740553716663	0.27540244398960834	3.486461884005985e-06
89.0	912.9885108448492	1.32e-05	0.27538598848463813	0.27539362830767705	0.27539983613679464	4.260592572411968e-06
89.0	912.9885108448492	1.36e-05	0.27538126628546156	0.2753882805050398	0.27539587046606595	5.053701949278849e-06
89.0	912.9885108448492	1.4e-05	0.27537583822238965	0.27537607074235965	0.2753763287727242	1.19389513601771e-07
89.0	912.9885108448492	1.44e-05	0.27535607261461426	0.27536383230466915	0.27537138161231045	5.217612512194505e-06
89.0	912.9885108448492	1.48e-05	0.2753522482910551	0.27535862164425084	0.27536676837026075	4.420684763968963e-06
89.0	912.9885108448492	1.52e-05	0.2753498034310553	0.2753550189300911	0.2753626582105344	3.6551873437620646e-06
89.0	912.9885108448492	1.56e-05	0.27534837611226415	0.2753524696908619	0.2753590879827996	2.9549334770719682e-06
89.0	912.9885108448492	1.6e-05	0.2753468827115366	0.2753503550304745	0.27535602071849397	2.4329872566521927e-06
89.0	912.9885108448492	1.6400000000000002e-05	0.2753458128386139	0.2753487568669786	0.27535337540760185	1.941754021146561e-06
89.0	912.9885108448492	1.68e-05	0.2753448881363596	0.2753473511897395	0.27535106528339615	1.5478278687601362e-06
89.0	912.9885108448492	1.7199999999999998e-05	0.27534408155289114	0.2753461371769711	0.2753490159388523	1.1876495635113015e-06
89.0	912.9885108448492	1.76e-05	0.27534323282622175	0.2753449848763159	0.2753471636597409	8.988536595537237e-07
89.0	912.9885108448492	1.8e-05	0.27534283723098074	0.2753439240704558	0.2753454548163283	6.181549449633539e-07
89.0	912.9885108448492	1.84e-05	0.2753421387540014	0.2753428693493228	0.2753438437826512	3.928797139066175e-07
89.0	912.9885108448492	1.88e-05	0.275341365640867	0.2753418268575809	0.27534229048398284	1.9557393621831174e-07
89.0	912.9885108448492	1.9200000000000003e-05	0.2753405840064014	0.2753407989226657	0.27534100366547953	8.281305786794509e-08
89.0	912.9885108448492	1.9600000000000002e-05	0.27533916929715563	0.27533978738242587	0.2753404437406237	2.718349312550023e-07
89.0	912.9885108448492	1.9999999999999998e-05	0.27533758315494694	0.2753387429032067	0.2753396507093848	4.988129588362951e-07
89.0	912.9885108448492	2.04e-05	0.27533589199235564	0.27533767816381116	0.27533892712470465	7.711028346600097e-07
89.0	912.9885108448492	2.08e-05	0.2753340626317522	0.2753365176109207	0.27533811930844454	1.0662571747546269e-06
89.0	912.9885108448492	2.12e-05	0.27533204428403124	0.27533525195863123	0.27533725196384395	1.4261862028689695e-06
89.0	912.9885108448492	2.16e-05	0.275329783327221	0.2753336658218918	0.2753360986731721	1.7979234947531343e-06
89.0	912.9885108448492	2.2e-05	0.2753272244909519	0.2753318053015918	0.275335037403031	2.283313628143305e-06
89.0	912.9885108448492	2.2400000000000002e-05	0.27532434708082665	0.2753292668565959	0.27533327840869326	2.799607840904519e-06
89.0	912.9885108448492	2.28e-05	0.27532118650720516	0.27532569132591206	0.27533062285931464	3.3271700448938106e-06
89.0	912.9885108448492	2.32e-05	0.2753173008419161	0.2753175844506391	0.2753178922653303	1.3529584051012464e-07
89.0	912.9885108448492	2.36e-05	0.27530421295719787	0.27530944553792625	0.27531460670032715	3.4984870830823336e-06
89.0	912.9885108448492	2.4e-05	0.27530169873576593	0.27530600505001807	0.2753115551521592	2.968386468915437e-06
89.0	912.9885108448492	2.44e-05	0.27530010386086534	0.27530363952670056	0.27530884865861527	2.4610627872138443e-06
89.0	912.9885108448492	2.48e-05	0.27529917998298004	0.2753019785992114	0.275306510170533	1.9996328356347903e-06
89.0	912.9885108448492	2.5200000000000003e-05	0.2752982202430614	0.2753006093404551	0.2753045149831017	1.6576943188058154e-06
89.0	912.9885108448492	2.56e-05	0.2752975413482064	0.27529958782006064	0.27530280630899817	1.3381349749147657e-06
89.0	912.9885108448492	2.6e-05	0.27529695526239095	0.27529869884098995	0.27530132751607894	1.083224748047252e-06
89.0	912.9885108448492	2.64e-05	0.27529645293992555	0.27529794343124053	0.27530002936206	8.512396829322979e-07
89.0	912.9885108448492	2.68e-05	0.275295931745017	0.27529723312636634	0.275298870088851	6.677814344359018e-07
89.0	912.9885108448492	2.72e-05	0.2752956971879099	0.27529658917457317	0.2752978150154535	4.914636640132976e-07
89.0	912.9885108448492	2.76e-05	0.27529527478121807	0.27529595332819207	0.27529683519187653	3.5416289311690685e-07
89.0	912.9885108448492	2.8e-05	0.27529481228043995	0.2752953301060571	0.2752959058444544	2.3641125600789306e-07
89.0	912.9885108448492	2.8400000000000003e-05	0.2752943511114232	0.27529472089397206	0.2752950048765772	1.298078023981157e-07
89.0	912.9885108448492	2.88e-05	0.27529390921384334	0.27529412594030755	0.275294363502244	8.190609636676178e-08
89.0	912.9885108448492	2.92e-05	0.275293075062363	0.27529352297312587	0.2752939095559741	1.726535214252926e-07
89.0	912.9885108448492	2.96e-05	0.27529220217890416	0.2752929161098799	0.27529350015969456	3.110180772888865e-07
89.0	912.9885108448492	2.9999999999999997e-05	0.2752912486210155	0.2752922709909338	0.2752930461412939	4.6535343865078325e-07
89.0	912.9885108448492	3.04e-05	0.2752901668781629	0.2752915805392405	0.27529256872875507	6.533386750455789e-07
89.0	912.9885108448492	3.0799999999999996e-05	0.2752889749026899	0.2752907375588495	0.27529191984163504	8.450807308250825e-07
89.0	912.9885108448492	3.12e-05	0.27528764965223207	0.2752897624240829	0.2752913562287773	1.0920700206382088e-06
89.0	912.9885108448492	3.16e-05	0.2752861768526138	0.2752884568387881	0.27529043649845697	1.3509311019991494e-06
89.0	912.9885108448492	3.2e-05	0.2752844824053087	0.27528664493635807	0.2752890768431877	1.6129358139023262e-06
89.0	912.9885108448492	3.2399999999999995e-05	0.27528234422966236	0.2752826211535977	0.2752829237509591	1.3569996404773442e-07
89.0	912.9885108448492	3.2800000000000004e-05	0.2752758809972642	0.2752785644098013	0.27528129807573976	1.7848540076926675e-06
89.0	912.9885108448492	3.32e-05	0.27527466587267213	0.2752768865170686	0.2752798064269415	1.5201196651655957e-06
89.0	912.9885108448492	3.36e-05	0.27527391367739007	0.2752757527749602	0.27527850178759206	1.2698902647014686e-06
89.0	912.9885108448492	3.4e-05	0.2752734887066399	0.27527497614473667	0.2752773967353308	1.0462982339982593e-06
89.0	912.9885108448492	3.4399999999999996e-05	0.2752730583533216	0.27527434888107705	0.27527647119513077	8.836453269941402e-07
89.0	912.9885108448492	3.4800000000000006e-05	0.27527276650283916	0.27527390129909934	0.27527569744523994	7.348526981756502e-07
89.0	912.9885108448492	3.52e-05	0.2752725174306647	0.275273526477905	0.2752750480831887	6.182987111233337e-07
89.0	912.9885108448492	3.56e-05	0.27527231689948906	0.2752732272703507	0.2752744989502709	5.137519378593145e-07
89.0	912.9885108448492	3.6e-05	0.27527212016028724	0.2752729565662213	0.2752740301468428	4.3480158863158873e-07
89.0	912.9885108448492	3.64e-05	0.2752720455139954	0.27527272703992156	0.2752736258199926	3.615963659583958e-07
89.0	912.9885108448492	3.68e-05	0.27527189736448054	0.2752725075642541	0.27527327354127884	3.10223667292184e-07
89.0	912.9885108448492	3.72e-05	0.2752717443858854	0.27527230101428946	0.2752729636331681	2.706245696501179e-07
89.0	912.9885108448492	3.76e-05	0.2752716016947998	0.27527210782401657	0.27527268857238685	2.376514067320666e-07
89.0	912.9885108448492	3.7999999999999995e-05	0.2752714798172402	0.2752719266627446	0.2752724424987445	2.0976440505835195e-07
89.0	912.9885108448492	3.8400000000000005e-05	0.2752713808840008	0.2752717619353228	0.2752722208220284	1.8582184558441946e-07
89.0	912.9885108448492	3.88e-05	0.27527128082003216	0.275271609298301	0.275272019910191	1.6422449355119662e-07
89.0	912.9885108448492	3.9200000000000004e-05	0.27527121004896316	0.2752714748926947	0.2752718368413829	1.4344469385923088e-07
89.0	912.9885108448492	3.96e-05	0.2752711175306164	0.2752713536965664	0.27527166920157686	1.2325894888907045e-07
89.0	912.9885108448492	3.9999999999999996e-05	0.2752710305783195	0.2752712447026153	0.27527151490506707	1.070003489481401e-07
89.0	912.9885108448492	4.0400000000000006e-05	0.27527095448301964	0.275271142417546	0.27527137201435625	9.250492375790766e-08
89.0	912.9885108448492	4.08e-05	0.2752708924870433	0.2752710484492402	0.2752712386063658	8.120754135834949e-08
89.0	912.9885108448492	4.12e-05	0.2752708298851694	0.2752709623664036	0.27527111329259135	7.202987277198578e-08
89.0	912.9885108448492	4.16e-05	0.27527076088029023	0.27527088565579455	0.27527100349578326	6.63831547384313e-08
89.0	912.9885108448492	4.2e-05	0.27527071610934506	0.27527084166237104	0.2752709463387575	6.196473327541751e-08
90.0	924.0877827326134	0.0	0.28045141671991036	0.280454503453033	0.2804560362371049	1.0162550294279578e-06
90.0	924.0877827326134	4e-07	0.2804494366452692	0.28045260597068994	0.280454218211295	1.0538003499105825e-06
90.0	924.0877827326134	8e-07	0.2804472577681256	0.28045072842105245	0.2804527196823621	1.175628483017046e-06
90.0	924.0877827326134	1.2000000000000002e-06	0.2804448667406767	0.28044887477845126	0.2804518770246336	1.411925697194633e-06
90.0	924.0877827326134	1.6e-06	0.2804422307265506	0.2804469215171598	0.2804502877069268	1.701060937520907e-06
90.0	924.0877827326134	2e-06	0.28043929956755864	0.2804449191211388	0.28044885484820536	2.11370295549387e-06
90.0	924.0877827326134	2.4000000000000003e-06	0.28043600555621584	0.2804426985865355	0.28044724082141936	2.6039334453414367e-06
90.0	924.0877827326134	2.8000000000000003e-06	0.2804322643873487	0.28044025010414614	0.28044554510962616	3.2355185179595625e-06
90.0	924.0877827326134	3.2e-06	0.280427972634274	0.2804371373286024	0.2804432196179629	3.914519440249331e-06
90.0	924.0877827326134	3.6e-06	0.28042303923452305	0.2804334711086627	0.2804411088543137	4.836664174444694e-06
90.0	924.0877827326134	4e-06	0.280417430383495	0.2804284237578994	0.28043757977157036	5.832605387659877e-06
90.0	924.0877827326134	4.4e-06	0.2804112118577571	0.28042127236573566	0.28043222085843045	6.857377239519624e-06
90.0	924.0877827326134	4.800000000000001e-06	0.2804042181263311	0.28040491515249716	0.2804055568103543	3.269188475532246e-07
90.0	924.0877827326134	5.2e-06	0.2803785486872563	0.2803885767714052	0.280398148659871	6.9228971782011e-06
90.0	924.0877827326134	5.600000000000001e-06	0.28037337072513946	0.2803815957536584	0.2803920054949778	5.857956739470104e-06
90.0	924.0877827326134	6e-06	0.2803700463496579	0.2803767550481135	0.2803865299186432	4.835080723971777e-06
90.0	924.0877827326134	6.4e-06	0.2803680961314754	0.28037331628058887	0.28038176016043437	3.8969504905725366e-06
90.0	924.0877827326134	6.8e-06	0.2803660530252605	0.28037045508007225	0.28037764504145724	3.1961026434122756e-06
90.0	924.0877827326134	7.2e-06	0.28036457400117953	0.2803682794904699	0.28037408580064227	2.53300340376038e-06
90.0	924.0877827326134	7.6e-06	0.2803632625778443	0.28036635589957487	0.28037096337022227	2.000811484001614e-06
90.0	924.0877827326134	8e-06	0.280362187880149	0.2803646821632815	0.28036817879528275	1.5122974679497197e-06
90.0	924.0877827326134	8.4e-06	0.28036099796889946	0.28036308671565807	0.28036564689299137	1.1182659082637912e-06
90.0	924.0877827326134	8.8e-06	0.2803604371882322	0.28036160774347496	0.28036329546624383	7.327914956138881e-07
90.0	924.0877827326134	9.2e-06	0.28035943104179406	0.2803601327768677	0.28036106251454385	4.1876582888577437e-07
90.0	924.0877827326134	9.600000000000001e-06	0.28035829821829505	0.2803586695912956	0.2803589012985981	1.4068351333077002e-07
90.0	924.0877827326134	9.999999999999999e-06	0.28035669702400945	0.28035722146267317	0.28035751279148524	1.8113031621661427e-07
90.0	924.0877827326134	1.04e-05	0.28035450146855734	0.2803557918326393	0.28035691964876275	5.089256274015311e-07
90.0	924.0877827326134	1.08e-05	0.2803522135092713	0.280354304036559	0.28035582277920046	8.438615845038878e-07
90.0	924.0877827326134	1.1200000000000001e-05	0.28034977370508773	0.2803527795030534	0.2803548250783434	1.2446741352601507e-06
90.0	924.0877827326134	1.16e-05	0.28034711472962925	0.28035110134580976	0.28035371001104803	1.6794992659816146e-06
90.0	924.0877827326134	1.2e-05	0.28034416077597957	0.2803492576999149	0.2803524622642355	2.210570470812983e-06
90.0	924.0877827326134	1.24e-05	0.280340830525474	0.28034692494387	0.28035077728201063	2.7624984131012877e-06
90.0	924.0877827326134	1.28e-05	0.28033703715809466	0.2803441749223176	0.2803492152645459	3.486785910327278e-06
90.0	924.0877827326134	1.32e-05	0.2803327560631521	0.2803403975695378	0.28034660736103767	4.260977732635723e-06
90.0	924.0877827326134	1.36e-05	0.28032803366393644	0.28033504958545696	0.28034264163693745	5.054190678758492e-06
90.0	924.0877827326134	1.4e-05	0.2803226068425566	0.28032283919262313	0.28032309596275695	1.1902049424697712e-07
90.0	924.0877827326134	1.44e-05	0.28030284207050915	0.2803106003422629	0.28031814859108994	5.2175552026715215e-06
90.0	924.0877827326134	1.48e-05	0.28029901745994934	0.28030538941032324	0.2803135351534385	4.4206634489595395e-06
90.0	924.0877827326134	1.52e-05	0.28029657242731165	0.280301786501195	0.28030942481974197	3.655161826011835e-06
90.0	924.0877827326134	1.56e-05	0.2802951450154083	0.2802992371252396	0.28030585443958245	2.9548820521523833e-06
90.0	924.0877827326134	1.6e-05	0.2802936514834853	0.28029712236158566	0.280302787039016	2.432900483302511e-06
90.0	924.0877827326134	1.6400000000000002e-05	0.28029258157264003	0.28029552410125697	0.2803001416090396	1.9416432860450506e-06
90.0	924.0877827326134	1.68e-05	0.28029165672684275	0.2802941183217091	0.2802978313743125	1.5477106183426644e-06
90.0	924.0877827326134	1.7199999999999998e-05	0.28029085010470833	0.2802929042159266	0.2802957819238632	1.1875138418468798e-06
90.0	924.0877827326134	1.76e-05	0.280290001357538	0.2802917518358234	0.28029392953994137	8.986843934829965e-07
90.0	924.0877827326134	1.8e-05	0.2802896056011024	0.28029069094450737	0.28029222058968895	6.17955678179448e-07
90.0	924.0877827326134	1.84e-05	0.28028890702389386	0.2802896361373903	0.2802906094443314	3.926333170300394e-07
90.0	924.0877827326134	1.88e-05	0.28028813376536643	0.2802885935616592	0.28028905602653875	1.9521886934464725e-07
90.0	924.0877827326134	1.9200000000000003e-05	0.28028735205447397	0.2802875655450636	0.2802877697124302	8.237873790153787e-08
90.0	924.0877827326134	1.9600000000000002e-05	0.2802859368473616	0.28028655392373764	0.2802872098833209	2.718836008537098e-07
90.0	924.0877827326134	1.9999999999999998e-05	0.280284348282418	0.2802855093483685	0.28028641658253495	4.989466152539383e-07
90.0	924.0877827326134	2.04e-05	0.28028265694532184	0.28028444452092294	0.28028569284771	7.713008999982326e-07
90.0	924.0877827326134	2.08e-05	0.28028082738707827	0.2802832838691386	0.2802848864832539	1.0665168645717496e-06
90.0	924.0877827326134	2.12e-05	0.28027880881383016	0.28028201809193826	0.2802840188452276	1.4264955061360884e-06
90.0	924.0877827326134	2.16e-05	0.28027654759853693	0.280280431777226	0.2802828665416275	1.7982685059876368e-06
90.0	924.0877827326134	2.2e-05	0.2802739884514356	0.2802785710625814	0.2802818051702518	2.283724531166634e-06
90.0	924.0877827326134	2.2400000000000002e-05	0.2802711107087479	0.2802760323583909	0.28028004602584566	2.800110424327972e-06
90.0	924.0877827326134	2.28e-05	0.2802679497704581	0.2802724564574057	0.2802773902783313	3.3278058317627415e-06
90.0	924.0877827326134	2.32e-05	0.2802640667247358	0.2802643485338911	0.28026465515552434	1.3471415239695582e-07
90.0	924.0877827326134	2.36e-05	0.28025097726980963	0.28025620878226876	0.2802613692114546	3.4986133565789292e-06
90.0	924.0877827326134	2.4e-05	0.2802484626309143	0.28025276784554004	0.2802583173128559	2.9685203146557333e-06
90.0	924.0877827326134	2.44e-05	0.2802468675026848	0.2802504020063052	0.28025561050918135	2.4611654735455915e-06
90.0	924.0877827326134	2.48e-05	0.2802459434860234	0.2802487408584652	0.28025327175238957	1.9996849227461876e-06
90.0	924.0877827326134	2.5200000000000003e-05	0.2802449835662033	0.2802473714280232	0.2802512763397198	1.6576934227459613e-06
90.0	924.0877827326134	2.56e-05	0.2802443046019709	0.2802463497615435	0.28024956746404683	1.3380931641101923e-06
90.0	924.0877827326134	2.6e-05	0.2802437183424402	0.2802454606390486	0.28024808849130434	1.0831620131406304e-06
90.0	924.0877827326134	2.64e-05	0.28024321595765134	0.28024470510327953	0.280246790172888	8.511448477246643e-07
90.0	924.0877827326134	2.68e-05	0.2802426947200143	0.28024399468874067	0.280245630745239	6.676427968234955e-07
90.0	924.0877827326134	2.72e-05	0.280242459995133	0.28024335062601136	0.2802445755227012	4.912847749936234e-07
90.0	924.0877827326134	2.76e-05	0.2802420374701775	0.2802427146692579	0.2802435955512985	3.5393553959341833e-07
90.0	924.0877827326134	2.8e-05	0.2802415748047551	0.28024209134019207	0.28024266605388615	2.3610974396462103e-07
90.0	924.0877827326134	2.8400000000000003e-05	0.28024111354055936	0.2802414820250295	0.2802417649306941	1.293542728704175e-07
90.0	924.0877827326134	2.88e-05	0.28024067122189766	0.28024088697031374	0.28024112413623214	8.14291193225091e-08
90.0	924.0877827326134	2.92e-05	0.2802398369262704	0.28024028388943156	0.2802406699101807	1.725634179435763e-07
90.0	924.0877827326134	2.96e-05	0.2802389638890297	0.2802396769220457	0.28024026035556737	3.110887155666778e-07
90.0	924.0877827326134	2.9999999999999997e-05	0.2802380079483129	0.28023903169116915	0.28023980648045654	4.655195808555858e-07
90.0	924.0877827326134	3.04e-05	0.28023692597421146	0.2802383411045585	0.2802393287689764	6.535727812494314e-07
90.0	924.0877827326134	3.0799999999999996e-05	0.2802357337390502	0.2802374979402636	0.28023867978209527	8.453592158579786e-07
90.0	924.0877827326134	3.12e-05	0.2802344081966277	0.28023652260786736	0.2802381159638587	1.0924198706842677e-06
90.0	924.0877827326134	3.16e-05	0.2802329350610373	0.28023521676620305	0.28023719601191655	1.35137437424e-06
90.0	924.0877827326134	3.2e-05	0.28023124255527954	0.2802334045051215	0.2802358361545547	1.6135116396765221e-06
90.0	924.0877827326134	3.2399999999999995e-05	0.28022910445019544	0.2802293797272643	0.28022968125231973	1.3515214286164655e-07
90.0	924.0877827326134	3.2800000000000004e-05	0.2802226397293772	0.280225322187552	0.2802280552201655	1.7849668542486377e-06
90.0	924.0877827326134	3.32e-05	0.28022142420753937	0.2802236438721938	0.2802265632443195	1.5202393509304128e-06
90.0	924.0877827326134	3.36e-05	0.2802206717773146	0.28022250983536534	0.28022525831815326	1.2699787652982639e-06
90.0	924.0877827326134	3.4e-05	0.2802202466820516	0.2802217330026905	0.28022415302394243	1.046336299725119e-06
90.0	924.0877827326134	3.4399999999999996e-05	0.28021981616025915	0.28022110558345836	0.2802232272748597	8.836313352378184e-07
90.0	924.0877827326134	3.4800000000000006e-05	0.2802195242559202	0.2802206578698782	0.28022245334445817	7.347991969919298e-07
90.0	924.0877827326134	3.52e-05	0.2802192750132386	0.28022028292030204	0.2802218038237294	6.182244395646671e-07
90.0	924.0877827326134	3.56e-05	0.2802190744292048	0.28021998360114725	0.2802212545481835	5.136474184299758e-07
90.0	924.0877827326134	3.6e-05	0.28021887766039466	0.2802197128013155	0.28022078561332275	4.34658331865034e-07
90.0	924.0877827326134	3.64e-05	0.2802188028556216	0.28021948317830014	0.2802203811622901	3.614226987601572e-07
90.0	924.0877827326134	3.68e-05	0.2802186545949503	0.2802192636066984	0.2802200287635035	3.1002303897329075e-07
90.0	924.0877827326134	3.72e-05	0.28021850145590577	0.2802190569643025	0.28021971873699947	2.703958138429497e-07
90.0	924.0877827326134	3.76e-05	0.28021835867323386	0.28021886368545323	0.2802194435576757	2.373899555669678e-07
90.0	924.0877827326134	3.7999999999999995e-05	0.2802182367143553	0.2802186824376999	0.28021919736404577	2.0946583714780417e-07
90.0	924.0877827326134	3.8400000000000005e-05	0.2802181377464672	0.2802185176133834	0.2802189755650657	1.8549505343941694e-07
90.0	924.0877827326134	3.88e-05	0.28021803756185193	0.2802183648899037	0.2802187745282696	1.6385276813143522e-07
90.0	924.0877827326134	3.9200000000000004e-05	0.28021796685443157	0.28021823039488	0.2802185913317743	1.4301195250289476e-07
90.0	924.0877827326134	3.96e-05	0.2802178741516528	0.2802181090941904	0.2802184235618652	1.2276550469266988e-07
90.0	924.0877827326134	3.9999999999999996e-05	0.28021778709060285	0.28021799996691765	0.28021826913348313	1.0645418570231446e-07
90.0	924.0877827326134	4.0400000000000006e-05	0.28021771089280456	0.2802178975570573	0.2802181261101815	9.189170281347132e-08
90.0	924.0877827326134	4.08e-05	0.2802176487447712	0.2802178034659269	0.2802179925710311	8.052507189246824e-08
90.0	924.0877827326134	4.12e-05	0.2802175861898739	0.28021771727610784	0.28021786713460184	7.12843342414583e-08
90.0	924.0877827326134	4.16e-05	0.28021751706426734	0.2802176404703262	0.28021775730240517	6.560612157852111e-08
90.0	924.0877827326134	4.2e-05	0.28021747238229455	0.28021759636168425	0.28021770020572934	6.120519178345099e-08
91.0	935.1870546203776	0.0	0.2854527942127021	0.28545588191173143	0.285457415802	1.0167254424459867e-06
91.0	935.1870546203776	4e-07	0.2854508141371337	0.2854539844298195	0.2854555980944129	1.0542589850403713e-06
91.0	935.1870546203776	8e-07	0.2854486352567269	0.28545210688344824	0.2854540996021706	1.1760555137993921e-06
91.0	935.1870546203776	1.2000000000000002e-06	0.2854462442241923	0.2854502532453278	0.2854532570660684	1.4123086485292637e-06
91.0	935.1870546203776	1.6e-06	0.28544360820390313	0.2854482999818031	0.28545166768750985	1.7013938348824205e-06
91.0	935.1870546203776	2e-06	0.28544067703866993	0.28544629759784546	0.2854502348018606	2.113999567319112e-06
91.0	935.1870546203776	2.4000000000000003e-06	0.2854373830222592	0.28544407708157116	0.285448620863451	2.604210345206575e-06
91.0	935.1870546203776	2.8000000000000003e-06	0.2854336418509833	0.2854416286099278	0.28544692511473	3.2357640588755706e-06
91.0	935.1870546203776	3.2e-06	0.28542934999763414	0.28543851583987423	0.28544459967098135	3.914729007066274e-06
91.0	935.1870546203776	3.6e-06	0.28542441661194307	0.28543484964901905	0.28544248892631074	4.836852672713278e-06
91.0	935.1870546203776	4e-06	0.2854188077848594	0.28542980235764004	0.28543895990856427	5.832798237135972e-06
91.0	935.1870546203776	4.4e-06	0.28541258929407576	0.2854226510577681	0.2854336011370746	6.8576166834322535e-06
91.0	935.1870546203776	4.800000000000001e-06	0.28540559566657286	0.2854062938851248	0.2854069368174752	3.277307932790872e-07
91.0	935.1870546203776	5.2e-06	0.28537992943329726	0.2853899557405388	0.28539952871152785	6.922608632732526e-06
91.0	935.1870546203776	5.600000000000001e-06	0.2853747514010392	0.2853829747337115	0.2853933831312352	5.85774046854823e-06
91.0	935.1870546203776	6e-06	0.28537142699025253	0.2853781340293688	0.28538790759390853	4.834899510057749e-06
91.0	935.1870546203776	6.4e-06	0.2853694767606223	0.2853746952641774	0.28538313786905345	3.896782263785113e-06
91.0	935.1870546203776	6.8e-06	0.28536743360837225	0.2853718340753801	0.28537902273815074	3.1959289930102154e-06
91.0	935.1870546203776	7.2e-06	0.2853659546041625	0.2853696584769645	0.2853754635188439	2.5328358150516065e-06
91.0	935.1870546203776	7.6e-06	0.28536464272429285	0.2853677348622534	0.28537234110069054	2.000661788729264e-06
91.0	935.1870546203776	8e-06	0.28536356840508503	0.28536606110013346	0.28536955652862517	1.5121568682581358e-06
91.0	935.1870546203776	8.4e-06	0.2853623785177364	0.2853644656360034	0.28536702461955077	1.1181195548697723e-06
91.0	935.1870546203776	8.8e-06	0.2853618176057511	0.2853629866363987	0.2853646731759687	7.326557235335824e-07
91.0	935.1870546203776	9.2e-06	0.2853608093471198	0.285361511641272	0.28536244019686663	4.1864500992755953e-07
91.0	935.1870546203776	9.600000000000001e-06	0.28535967626013736	0.2853600484279121	0.28536028116863665	1.406433960919854e-07
91.0	935.1870546203776	9.999999999999999e-06	0.2853580746518274	0.2853586002723619	0.2853588922982082	1.8137593758193967e-07
91.0	935.1870546203776	1.04e-05	0.2853558790339479	0.2853571706147305	0.2853583001041473	5.091472020218771e-07
91.0	935.1870546203776	1.08e-05	0.28535359099810886	0.28535568277733653	0.2853572031636009	8.440758299836778e-07
91.0	935.1870546203776	1.1200000000000001e-05	0.2853511511015858	0.28535415821026144	0.28535620503621306	1.2449055622473328e-06
91.0	935.1870546203776	1.16e-05	0.2853484920158609	0.2853524800113801	0.2853550903824056	1.6797607100244481e-06
91.0	935.1870546203776	1.2e-05	0.2853455379313674	0.2853506363027093	0.2853538425642528	2.2108537965666794e-06
91.0	935.1870546203776	1.24e-05	0.28534220749163364	0.2853483034451823	0.28535215755888466	2.7627949231320837e-06
91.0	935.1870546203776	1.28e-05	0.28533841394617276	0.285345553316389	0.28535059549090036	3.4871206818070856e-06
91.0	935.1870546203776	1.32e-05	0.28533413264757	0.28534177581968484	0.28534798752071566	4.261376326279346e-06
91.0	935.1870546203776	1.36e-05	0.28532941002268775	0.28533642762403955	0.285344021715761	5.0546935096455544e-06
91.0	935.1870546203776	1.4e-05	0.28532398435692574	0.28532421653842494	0.28532447210441525	1.1867320573212247e-07
91.0	935.1870546203776	1.44e-05	0.2853042201984204	0.285311977193056	0.28531952449129605	5.217545301570572e-06
91.0	935.1870546203776	1.48e-05	0.28530039528208917	0.2853067659570836	0.28531491082838567	4.420680969598819e-06
91.0	935.1870546203776	1.52e-05	0.2852979500627528	0.28530316282982526	0.2853108002930762	3.6551688955369724e-06
91.0	935.1870546203776	1.56e-05	0.28529652255055904	0.28530061329998474	0.285307229735551	2.9548582659976904e-06
91.0	935.1870546203776	1.6e-05	0.2852950288777114	0.28529849841760946	0.2853041621773338	2.432838718841395e-06
91.0	935.1870546203776	1.6400000000000002e-05	0.2852939589192829	0.28529690004935	0.2853015166086559	1.9415541865523576e-06
91.0	935.1870546203776	1.68e-05	0.28529303392726657	0.2852954941587366	0.2852992062458828	1.5476108593603104e-06
91.0	935.1870546203776	1.7199999999999998e-05	0.285292227260995	0.28529427995164036	0.28529715667369526	1.1873930187994629e-06
91.0	935.1870546203776	1.76e-05	0.2852913784830724	0.28529312748318897	0.28529530417045024	8.985290590002018e-07
91.0	935.1870546203776	1.8e-05	0.2852909825710057	0.2852920664985041	0.2852935950998283	6.177689426792596e-07
91.0	935.1870546203776	1.84e-05	0.28529028389173483	0.28529101159734416	0.28529198382994014	3.923995168574225e-07
91.0	935.1870546203776	1.88e-05	0.2852895104900366	0.2852899689291734	0.28529043028056655	1.9488045424662446e-07
91.0	935.1870546203776	1.9200000000000003e-05	0.28528872869543154	0.28528894082207484	0.2852891444488188	8.197153616871443e-08
91.0	935.1870546203776	1.9600000000000002e-05	0.28528731298111865	0.28528792911078305	0.2852885846888551	2.719393130826095e-07
91.0	935.1870546203776	1.9999999999999998e-05	0.28528572208313374	0.2852868844304046	0.2852877911204761	4.990855899857109e-07
91.0	935.1870546203776	2.04e-05	0.2852840305576274	0.28528581950483717	0.2852870672311898	7.715043621873497e-07
91.0	935.1870546203776	2.08e-05	0.2852822007864564	0.28528465874233455	0.2852862622436563	1.0667819533127135e-06
91.0	935.1870546203776	2.12e-05	0.2852801819704496	0.285283392828445	0.2852853943148199	1.4268127025639331e-06
91.0	935.1870546203776	2.16e-05	0.2852779204768501	0.28528180632183536	0.28528424294242427	1.7986252466943024e-06
91.0	935.1870546203776	2.2e-05	0.2852753609955876	0.28527994539515006	0.285283181457201	2.284150951541097e-06
91.0	935.1870546203776	2.2400000000000002e-05	0.28527248289331375	0.2852774064066591	0.28528142214361196	2.8006318483332882e-06
91.0	935.1870546203776	2.28e-05	0.2852693215594071	0.2852738300991847	0.28527876616592707	3.3284618225056344e-06
91.0	935.1870546203776	2.32e-05	0.2852654409443831	0.2852657210517799	0.28526602653759436	1.341646713757577e-07
91.0	935.1870546203776	2.36e-05	0.2852523497733701	0.2852575803661449	0.28526274017916986	3.4987931405875867e-06
91.0	935.1870546203776	2.4e-05	0.28524983469460263	0.28525413894301255	0.28525968789594724	2.9686983500420342e-06
91.0	935.1870546203776	2.44e-05	0.2852482392967861	0.285251772761379	0.2852569807506544	2.461305415856828e-06
91.0	935.1870546203776	2.48e-05	0.28524731513297397	0.28525011137385287	0.2852546416970716	1.9997687681386505e-06
91.0	935.1870546203776	2.5200000000000003e-05	0.28524635502242024	0.28524874175458576	0.2852526460349134	1.6577212799114848e-06
91.0	935.1870546203776	2.56e-05	0.2852456759784223	0.2852477199298279	0.2852509369361025	1.3380764651052525e-06
91.0	935.1870546203776	2.6e-05	0.28524508954193006	0.2852468306542976	0.28524945776451816	1.0831201523501034e-06
91.0	935.1870546203776	2.64e-05	0.28524458708898415	0.2852460749836871	0.2852481592647651	8.510682307639686e-07
91.0	935.1870546203776	2.68e-05	0.2852440657980422	0.2852453644502181	0.285246999667387	6.675213984685307e-07
91.0	935.1870546203776	2.72e-05	0.2852438309108374	0.2852447202684694	0.28524594428169703	4.911217727495958e-07
91.0	935.1870546203776	2.76e-05	0.2852434082656661	0.28524408419319364	0.28524496414940614	3.537239013636161e-07
91.0	935.1870546203776	2.8e-05	0.28524294543788464	0.2852434607487554	0.2852440344895948	2.358257553107011e-07
91.0	935.1870546203776	2.8400000000000003e-05	0.2852424840713468	0.2852428513218027	0.28524313319905215	1.2892473554216998e-07
91.0	935.1870546203776	2.88e-05	0.28524204132924424	0.2852422561573466	0.2852424929414825	8.098133336061062e-08
91.0	935.1870546203776	2.92e-05	0.2852412068769441	0.28524165295430914	0.2852420384379526	1.7248738246710263e-07
91.0	935.1870546203776	2.96e-05	0.285240333672391	0.2852410458732947	0.28524162872099	3.11167752322392e-07
91.0	935.1870546203776	2.9999999999999997e-05	0.28523937543946687	0.28524040051963023	0.2852411749754262	4.6569173536881374e-07
91.0	935.1870546203776	3.04e-05	0.2852382932191393	0.2852397097875871	0.2852406969664738	6.538138424625043e-07
91.0	935.1870546203776	3.0799999999999996e-05	0.28523710070736374	0.2852388664274489	0.285240047872505	8.456473818171538e-07
91.0	935.1870546203776	3.12e-05	0.285235774853537	0.2852378908823244	0.28523948384249653	1.0927819455511078e-06
91.0	935.1870546203776	3.16e-05	0.2852343013588676	0.2852365847632032	0.2852385636578587	1.351831979726442e-06
91.0	935.1870546203776	3.2e-05	0.2852326106518275	0.28523477211349235	0.2852372035757851	1.614101968693111e-06
91.0	935.1870546203776	3.2399999999999995e-05	0.2852304725553756	0.2852307462806664	0.28523104679012157	1.3463653006434148e-07
91.0	935.1870546203776	3.2800000000000004e-05	0.28522400622748645	0.28522668786605787	0.28522942037210974	1.7851272896855235e-06
91.0	935.1870546203776	3.32e-05	0.2852227902915647	0.28522500909787085	0.28522792804128727	1.5203985098706e-06
91.0	935.1870546203776	3.36e-05	0.28522203761379394	0.28522387474518673	0.2852266228027096	1.270101040418411e-06
91.0	935.1870546203776	3.4e-05	0.2852216123878373	0.2852230976947392	0.2852255172431182	1.0464038972724718e-06
91.0	935.1870546203776	3.4399999999999996e-05	0.2852211816892387	0.28522247010627405	0.28522459126549027	8.836448848546275e-07
91.0	935.1870546203776	3.4800000000000006e-05	0.28522088972238	0.2852220222518179	0.28522381713760847	7.347706248125568e-07
91.0	935.1870546203776	3.52e-05	0.285220640307811	0.28522164716699505	0.2852231674435579	6.181718679548972e-07
91.0	935.1870546203776	3.56e-05	0.2852204396667135	0.2852213477301635	0.2852226180127042	5.135627909532603e-07
91.0	935.1870546203776	3.6e-05	0.28522024285942216	0.2852210768281882	0.28522214893538145	4.3453461024378445e-07
91.0	935.1870546203776	3.64e-05	0.28522016790266225	0.28522084710330625	0.2852217443505216	3.612676087050954e-07
91.0	935.1870546203776	3.68e-05	0.28522001953070397	0.2852206274306902	0.2852213918231987	3.0984058479495135e-07
91.0	935.1870546203776	3.72e-05	0.28521986623615536	0.2852204206906659	0.28522108167085136	2.70185482194512e-07
91.0	935.1870546203776	3.76e-05	0.2852197233574092	0.28522022731796115	0.28522080636642233	2.3714779943403256e-07
91.0	935.1870546203776	3.7999999999999995e-05	0.2852196013118764	0.2852200459786311	0.2852205600470228	2.0918768811386745e-07
91.0	935.1870546203776	3.8400000000000005e-05	0.2852195023017794	0.2852198810532148	0.2852203381206939	1.8518930777912034e-07
91.0	935.1870546203776	3.88e-05	0.28521940199666407	0.28521972823859265	0.2852201369544858	1.6350364466687048e-07
91.0	935.1870546203776	3.9200000000000004e-05	0.285219331205127	0.28521959364950233	0.2852199536264193	1.4260431294898116e-07
91.0	935.1870546203776	3.96e-05	0.28521923845972097	0.28521947224123684	0.2852197857230365	1.2229912916309637e-07
91.0	935.1870546203776	3.9999999999999996e-05	0.28521915128824293	0.2852193629794733	0.2852196311598636	1.0593642781423634e-07
91.0	935.1870546203776	4.0400000000000006e-05	0.28521907498566623	0.28521926044325013	0.28521948800142916	9.130865288151162e-08
91.0	935.1870546203776	4.08e-05	0.2852190126914502	0.2852191662278312	0.285219354328766	7.987443923062856e-08
91.0	935.1870546203776	4.12e-05	0.28521895017013676	0.2852190799290788	0.2852192287669597	7.057187260489727e-08
91.0	935.1870546203776	4.16e-05	0.28521888092375214	0.2852190030258094	0.28521911889259144	6.486256155628717e-08
91.0	935.1870546203776	4.2e-05	0.28521883631875866	0.2852189587937095	0.28521906184350243	6.047850643528311e-08
92.0	946.2863265081418	0.0	0.2905050136331315	0.2905081022664203	0.2905096372223319	1.017179851288842e-06
92.0	946.2863265081418	4e-07	0.29050303355642715	0.29050620478460415	0.29050781981381846	1.0547022050575371e-06
92.0	946.2863265081418	8e-07	0.29050085467199427	0.29050432724043124	0.29050632135354437	1.176468660681186e-06
92.0	946.2863265081418	1.2000000000000002e-06	0.29049846363302567	0.2905024736053439	0.2905054789294841	1.4126798928555634e-06
92.0	946.2863265081418	1.6e-06	0.2904958276045626	0.29050052033791385	0.29050388949227557	1.7017176538577555e-06
92.0	946.2863265081418	2e-06	0.2904928964302922	0.29049851796290543	0.2905024565773022	2.1142889495408317e-06
92.0	946.2863265081418	2.4000000000000003e-06	0.29048960240505295	0.29049629746000727	0.2905008427207765	2.6044802614481686e-06
92.0	946.2863265081418	2.8000000000000003e-06	0.29048586122641673	0.2904938489945853	0.29049914693395795	3.2360044822368287e-06
92.0	946.2863265081418	3.2e-06	0.29048156926755286	0.2904907362247071	0.2904968215328996	3.914935917886163e-06
92.0	946.2863265081418	3.6e-06	0.2904766358875275	0.2904870700552614	0.29049471080009415	4.8370403368559025e-06
92.0	946.2863265081418	4e-06	0.29047102707373185	0.2904820228117408	0.2904911818372309	5.832991179705925e-06
92.0	946.2863265081418	4.4e-06	0.290464808604745	0.2904748715871998	0.2904858231894565	6.857854958552916e-06
92.0	946.2863265081418	4.800000000000001e-06	0.2904578150775068	0.2904585144238287	0.29045915856643223	3.285029404537962e-07
92.0	946.2863265081418	5.2e-06	0.29043215181988646	0.290442176466387	0.29045175048674654	6.9223516655646435e-06
92.0	946.2863265081418	5.600000000000001e-06	0.2904269737086649	0.2904351954521883	0.2904456025913129	5.857549264785312e-06
92.0	946.2863265081418	6e-06	0.290423649254989	0.2904303547357117	0.2904401270765442	4.834739076331506e-06
92.0	946.2863265081418	6.4e-06	0.2904216990103716	0.290426915962628	0.2904353573698435	3.896631596533997e-06
92.0	946.2863265081418	6.8e-06	0.2904196558063523	0.2904240547758383	0.2904312422143862	3.195771541739448e-06
92.0	946.2863265081418	7.2e-06	0.2904181768151455	0.2904218791618065	0.2904276830041397	2.532682111122624e-06
92.0	946.2863265081418	7.6e-06	0.29041686449902127	0.29041995551822364	0.2904245605869695	2.000522642452109e-06
92.0	946.2863265081418	8e-06	0.2904157905344409	0.29041828172518275	0.29042177600744523	1.5120247003097529e-06
92.0	946.2863265081418	8.4e-06	0.2904146006629862	0.2904166862386787	0.29041924408199904	1.1179807965399013e-06
92.0	946.2863265081418	8.8e-06	0.2904140396262509	0.2904152072064877	0.29041689261253545	7.325256097108651e-07
92.0	946.2863265081418	9.2e-06	0.29041302934134716	0.29041373217749034	0.29041465959734314	4.1852821461787375e-07
92.0	946.2863265081418	9.600000000000001e-06	0.2904118959997106	0.2904122689305537	0.290412502650784	1.4060534436577234e-07
92.0	946.2863265081418	9.999999999999999e-06	0.2904102939797779	0.2904108207418623	0.29041111343974446	1.8161818640962507e-07
92.0	946.2863265081418	1.04e-05	0.29040809829069847	0.29040939105029334	0.29041052213979235	5.093665826413091e-07
92.0	946.2863265081418	1.08e-05	0.2904058101690339	0.2904079031652795	0.290409425127204	8.442899397183656e-07
92.0	946.2863265081418	1.1200000000000001e-05	0.29040337017009143	0.2904063785571274	0.29040842658895905	1.245138122472997e-06
92.0	946.2863265081418	1.16e-05	0.29040071096283526	0.29040470030752835	0.2904073123186768	1.68002362395094e-06
92.0	946.2863265081418	1.2e-05	0.290397756734599	0.2904028565271584	0.2904060644253521	2.2111408957969764e-06
92.0	946.2863265081418	1.24e-05	0.2903944260911242	0.2904005235576338	0.2904043793879989	2.763098624664583e-06
92.0	946.2863265081418	1.28e-05	0.29039063234961393	0.2903977733077981	0.2904028172593556	3.4874657690771464e-06
92.0	946.2863265081418	1.32e-05	0.29038635082608355	0.290393995647179	0.29040020920712095	4.261787764189105e-06
92.0	946.2863265081418	1.36e-05	0.2903816279508007	0.2903886472107456	0.29039624329492764	5.055209648134247e-06
92.0	946.2863265081418	1.4e-05	0.29037620335761005	0.29037643537207636	0.2903766897876281	1.183463405593738e-07
92.0	946.2863265081418	1.44e-05	0.29035643960006485	0.29036419545281833	0.29037174190419357	5.217581101902672e-06
92.0	946.2863265081418	1.48e-05	0.29035261435992776	0.2903589838819191	0.29036712798770825	4.420735783744099e-06
92.0	946.2863265081418	1.52e-05	0.2903501689404191	0.2903553805144857	0.29036301722439894	3.655207204583844e-06
92.0	946.2863265081418	1.56e-05	0.29034874132098665	0.290352830814384	0.2903594464656907	2.954860961901899e-06
92.0	946.2863265081418	1.6e-05	0.2903472474978912	0.2903507157984846	0.2903563787290775	2.4328009399640225e-06
92.0	946.2863265081418	1.6400000000000002e-05	0.2903461774824967	0.2903491173116614	0.29035373300294687	1.9414858258664835e-06
92.0	946.2863265081418	1.68e-05	0.29034525234186326	0.2903477113015686	0.2903514224953767	1.5475278738244275e-06
92.0	946.2863265081418	1.7199999999999998e-05	0.290344445626066	0.29034649698520787	0.2903493727863182	1.1872864466209177e-06
92.0	946.2863265081418	1.76e-05	0.2903435968074213	0.290345344419863	0.29034752014987575	8.983870358407441e-07
92.0	946.2863265081418	1.8e-05	0.2903432007453146	0.290344283334219	0.29034581094594714	6.175941198845551e-07
92.0	946.2863265081418	1.84e-05	0.29034250196224587	0.29034322833127557	0.29034419953923774	3.9217763810114263e-07
92.0	946.2863265081418	1.88e-05	0.2903417284198877	0.2903421855625438	0.2903426458463594	1.9455773709644242e-07
92.0	946.2863265081418	1.9200000000000003e-05	0.2903409465345348	0.29034115735645927	0.2903413604757654	8.158988474797866e-08
92.0	946.2863265081418	1.9600000000000002e-05	0.2903395303045295	0.29034014554665294	0.2903408007584618	2.72001503636046e-07
92.0	946.2863265081418	1.9999999999999998e-05	0.2903379371587489	0.2903391007527453	0.29034000692453876	4.99229499855395e-07
92.0	946.2863265081418	2.04e-05	0.2903362454314289	0.2903380357193547	0.2903392828767357	7.717128489631614e-07
92.0	946.2863265081418	2.08e-05	0.2903344154325911	0.2903368748347756	0.29033847919439637	1.0670521032481196e-06
92.0	946.2863265081418	2.12e-05	0.2903323963572202	0.2903356087728624	0.29033761097728217	1.4271373575098062e-06
92.0	946.2863265081418	2.16e-05	0.2903301345662257	0.29033402206096004	0.2903364604825738	1.798993166921996e-06
92.0	946.2863265081418	2.2e-05	0.29032757472858517	0.2903321609051608	0.29033539887142723	2.2845921861011793e-06
92.0	946.2863265081418	2.2400000000000002e-05	0.2903246962406687	0.2903296216081031	0.2903336393702691	2.801171225308003e-06
92.0	946.2863265081418	2.28e-05	0.2903215344813175	0.290326044859125	0.2903309831316756	3.3291369028760322e-06
92.0	946.2863265081418	2.32e-05	0.2903176561154712	0.29031793461511995	0.29031823902023657	1.3364577444139539e-07
92.0	946.2863265081418	2.36e-05	0.29030456308843533	0.2903097929042672	0.2903149522137003	3.499024536212515e-06
92.0	946.2863265081418	2.4e-05	0.29030204754825295	0.2903063509589341	0.2903118995131697	2.968918875802709e-06
92.0	946.2863265081418	2.44e-05	0.29030045186528053	0.29030398440965494	0.2903091919961742	2.461481133973507e-06
92.0	946.2863265081418	2.48e-05	0.29029952754627253	0.2903023227639769	0.2903068526189623	1.999883097399083e-06
92.0	946.2863265081418	2.5200000000000003e-05	0.2902985672345766	0.2903009529394704	0.2903048566834592	1.6577767581362031e-06
92.0	946.2863265081418	2.56e-05	0.2902978881008096	0.2902999309447633	0.29030314734087614	1.3380838792469478e-06
92.0	946.2863265081418	2.6e-05	0.29029730148430133	0.2902990415069894	0.2903016679522681	1.0830983298250516e-06
92.0	946.2863265081418	2.64e-05	0.29029679895749005	0.2902982856930986	0.2903003692549859	8.510090708166098e-07
92.0	946.2863265081418	2.68e-05	0.2902962776030229	0.29029757503181375	0.2902992094732655	6.674165109318972e-07
92.0	946.2863265081418	2.72e-05	0.2902960425589969	0.29029693072330304	0.29029815391102787	4.909739386149928e-07
92.0	946.2863265081418	2.76e-05	0.2902956197917561	0.2902962945216885	0.2902971736053628	3.535272337932621e-07
92.0	946.2863265081418	2.8e-05	0.29029515680410434	0.2902956709537764	0.2902962437712908	2.3555842989691545e-07
92.0	946.2863265081418	2.8400000000000003e-05	0.29029469532829477	0.29029506140666583	0.2902953423018886	1.2851801274240675e-07
92.0	946.2863265081418	2.88e-05	0.2902942521612042	0.2902944661241154	0.2902947025390601	8.056118646396509e-08
92.0	946.2863265081418	2.92e-05	0.29029341754022386	0.29029386279080543	0.2902942477604489	1.7242444820396397e-07
92.0	946.2863265081418	2.96e-05	0.29029254415538475	0.29029325558703334	0.2902938378773845	3.1125451825045405e-07
92.0	946.2863265081418	2.9999999999999997e-05	0.2902915837170861	0.29029261010015606	0.29029338424779283	4.658693622051773e-07
92.0	946.2863265081418	3.04e-05	0.29029050123616873	0.29029191921258396	0.2902929059429571	6.54061281853476e-07
92.0	946.2863265081418	3.0799999999999996e-05	0.2902893084315634	0.29029107564516365	0.29029225673474013	8.459445704871038e-07
92.0	946.2863265081418	3.12e-05	0.29028798224772423	0.2902900998728027	0.2902916924868961	1.0931554627592068e-06
92.0	946.2863265081418	3.16e-05	0.2902865083715005	0.290288793455934	0.2902907720589134	1.3523029815701354e-06
92.0	946.2863265081418	3.2e-05	0.29028481932675376	0.29028698038872575	0.29028941173032674	1.6147056739110393e-06
92.0	946.2863265081418	3.2399999999999995e-05	0.2902826811784749	0.29028295344377064	0.29028325299258917	1.341516780235126e-07
92.0	946.2863265081418	3.2800000000000004e-05	0.29027621312989993	0.29027889407873453	0.2902816261611827	1.785333605151781e-06
92.0	946.2863265081418	3.32e-05	0.290274996763741	0.2902772148290713	0.29028013344881476	1.520595622131451e-06
92.0	946.2863265081418	3.36e-05	0.29027424382641254	0.2902760801404677	0.29027882787349135	1.270255766342219e-06
92.0	946.2863265081418	3.4e-05	0.29027381846391	0.2902753028576848	0.2902777220251629	1.0464998769988683e-06
92.0	946.2863265081418	3.4399999999999996e-05	0.29027338758050103	0.29027467508696203	0.2902767958002572	8.836849438431474e-07
92.0	946.2863265081418	3.4800000000000006e-05	0.29027309554289626	0.2902742270828179	0.29027602145874276	7.347660583365871e-07
92.0	946.2863265081418	3.52e-05	0.2902728459550623	0.2902738518562503	0.29027537157745176	6.181401918015997e-07
92.0	946.2863265081418	3.56e-05	0.29027264525283414	0.2902735522960039	0.2902748219792528	5.134973133533082e-07
92.0	946.2863265081418	3.6e-05	0.2902724483986123	0.2902732812857762	0.2902743527490079	4.3442971470498767e-07
92.0	946.2863265081418	3.64e-05	0.2902723732964221	0.2902730514541727	0.29027394802119666	3.611304157388081e-07
92.0	946.2863265081418	3.68e-05	0.29027222481312	0.29027283167575174	0.2902735953573492	3.096756497094845e-07
92.0	946.2863265081418	3.72e-05	0.2902720713679816	0.2902726248331966	0.29027328507215167	2.699929274478862e-07
92.0	946.2863265081418	3.76e-05	0.2902719283889299	0.2902724313616561	0.2902730096364685	2.3692428353088315e-07
92.0	946.2863265081418	3.7999999999999995e-05	0.29027180625167404	0.2902722499259414	0.290272763185917	2.0892930099058992e-07
92.0	946.2863265081418	3.8400000000000005e-05	0.2902717071920131	0.2902720848955037	0.29027254112754264	1.849039463464578e-07
92.0	946.2863265081418	3.88e-05	0.290271606766785	0.29027193198534756	0.2902723398278475	1.631764467548672e-07
92.0	946.2863265081418	3.9200000000000004e-05	0.2902715358551484	0.2902717972978696	0.2902721563647006	1.4222106152941068e-07
92.0	946.2863265081418	3.96e-05	0.29027144309726793	0.2902716757793156	0.2902719883248519	1.2185907252350459e-07
92.0	946.2863265081418	3.9999999999999996e-05	0.29027135581401087	0.2902715663822089	0.29027183362435593	1.0544628705366357e-07
92.0	946.2863265081418	4.0400000000000006e-05	0.2902712794047648	0.2902714637183759	0.290271690328642	9.075494774708876e-08
92.0	946.2863265081418	4.08e-05	0.2902712169706998	0.2902713693775459	0.29027155652053693	7.925479574109337e-08
92.0	946.2863265081418	4.12e-05	0.2902711544699166	0.29027128296823984	0.2902714308311012	6.989161672762266e-08
92.0	946.2863265081418	4.16e-05	0.2902710851031207	0.29027120596549455	0.29027132090784136	6.415160358326617e-08
92.0	946.2863265081418	4.2e-05	0.29027104056351405	0.2902711616019627	0.29027126389431857	5.978399716525301e-08
93.0	957.385598395906	0.0	0.2956039561211403	0.29560704565934887	0.2956085816422718	1.0176189850924619e-06
93.0	957.385598395906	4e-07	0.2956019760431028	0.29560514817731376	0.2956067645139706	1.0551307092225608e-06
93.0	957.385598395906	8e-07	0.29559979715390305	0.29560327063432534	0.2956052660810604	1.1768685387766133e-06
93.0	957.385598395906	1.2000000000000002e-06	0.29559740610719576	0.29560141700088355	0.2956044237595403	1.4130399056305805e-06
93.0	957.385598395906	1.6e-06	0.2955947700686128	0.29559946372796264	0.295602834265984	1.7020327501662636e-06
93.0	957.385598395906	2e-06	0.29559183888259977	0.2955974613589175	0.29560140131953716	2.114571341453709e-06
93.0	957.385598395906	2.4000000000000003e-06	0.2955885448449056	0.2955952408646899	0.2955997875383529	2.6047434431068815e-06
93.0	957.385598395906	2.8000000000000003e-06	0.29558480365412354	0.2955927924011642	0.2955980917125176	3.23623995604451e-06
93.0	957.385598395906	3.2e-06	0.2955805115870822	0.29558967962637567	0.29559576634912954	3.915140286638806e-06
93.0	957.385598395906	3.6e-06	0.29557557820450775	0.295586013470915	0.2955936556214587	4.8372272125949204e-06
93.0	957.385598395906	4e-06	0.2955699693935765	0.2955809662640296	0.2955901267037637	5.833184181143686e-06
93.0	957.385598395906	4.4e-06	0.29556375093355314	0.2955738150982401	0.2955847681624819	6.858091918346563e-06
93.0	957.385598395906	4.800000000000001e-06	0.2955567575017737	0.29555745791385274	0.2955581032059742	3.292373548168289e-07
93.0	957.385598395906	5.2e-06	0.29553109699848434	0.2955411200960988	0.2955506951349314	6.9221253576703865e-06
93.0	957.385598395906	5.600000000000001e-06	0.29552591879973367	0.2955341390571661	0.29554454501939453	5.857382289203149e-06
93.0	957.385598395906	6e-06	0.29552259429588457	0.29552929831586233	0.2955390695114968	4.834598687731136e-06
93.0	957.385598395906	6.4e-06	0.2955206440328366	0.2955258595251133	0.2955342998084456	3.896497860245375e-06
93.0	957.385598395906	6.8e-06	0.29551860077150405	0.29552299833100076	0.2955301846170526	3.1956297313118287e-06
93.0	957.385598395906	7.2e-06	0.29551712178664236	0.2955208226948185	0.29552662540388486	2.532541805885275e-06
93.0	957.385598395906	7.6e-06	0.295515809053704	0.2955188990174934	0.2955235029768337	2.000393680366869e-06
93.0	957.385598395906	8e-06	0.29551473542079076	0.2955172251886373	0.2955207183799029	1.5119006487226651e-06
93.0	957.385598395906	8.4e-06	0.29551354555746023	0.295515629674102	0.29551818642884875	1.1178493421508413e-06
93.0	957.385598395906	8.8e-06	0.2955129844025288	0.29551415060434877	0.29551583492478883	7.32400891810946e-07
93.0	957.385598395906	9.2e-06	0.29551197217355885	0.2955126755363146	0.295513601865129	4.184151994627868e-07
93.0	957.385598395906	9.600000000000001e-06	0.2955108385862202	0.29551121225020976	0.29551144689835596	1.4056901694201157e-07
93.0	957.385598395906	9.999999999999999e-06	0.295509236157093	0.2955097640223731	0.2955100573686007	1.8185699057892558e-07
93.0	957.385598395906	1.04e-05	0.2955070403883244	0.29550833429072987	0.2955094669091034	5.09583749091568e-07
93.0	957.385598395906	1.08e-05	0.2955047521718486	0.29550684635199687	0.2955083698234624	8.445038515633654e-07
93.0	957.385598395906	1.1200000000000001e-05	0.2955023120607132	0.2955053216954924	0.2955073708894709	1.2453716980353581e-06
93.0	957.385598395906	1.16e-05	0.29549965272100653	0.2955036433863963	0.2955062569738338	1.680287887613375e-06
93.0	957.385598395906	1.2e-05	0.29549669833651837	0.29550179952568206	0.29550500900164334	2.2114315609266895e-06
93.0	957.385598395906	1.24e-05	0.2954933674757756	0.2954994664339744	0.2955033239237643	2.763409216202196e-06
93.0	957.385598395906	1.28e-05	0.2954895735207632	0.2954967160496904	0.2955017617246858	3.487820756384449e-06
93.0	957.385598395906	1.32e-05	0.29548529175165417	0.2954929382057054	0.2954991535755278	4.262211498671507e-06
93.0	957.385598395906	1.36e-05	0.29548056860197836	0.2954875895000224	0.29549518753068327	5.05573838796964e-06
93.0	957.385598395906	1.4e-05	0.2954751450008368	0.2954753768500076	0.2954756301667709	1.1803877888628336e-07
93.0	957.385598395906	1.44e-05	0.2954553814394032	0.29546313628076776	0.29547068198522464	5.217661253083275e-06
93.0	957.385598395906	1.48e-05	0.2954515558579702	0.2954579243453507	0.2954660677879257	4.42082668390546e-06
93.0	957.385598395906	1.52e-05	0.2954491102253112	0.29545432071660416	0.29546195677123954	3.655275702909234e-06
93.0	957.385598395906	1.56e-05	0.29544768249192543	0.29545177083051066	0.29545838578845096	2.954889238177223e-06
93.0	957.385598395906	1.6e-05	0.2954461885095574	0.2954496556668293	0.29545531785331836	2.43278634485517e-06
93.0	957.385598395906	1.6400000000000002e-05	0.29544511842815346	0.2954480570512062	0.29545267195167213	1.9414374970191113e-06
93.0	957.385598395906	1.68e-05	0.29544419313657766	0.2954466509135256	0.2954503612831765	1.547461080142223e-06
93.0	957.385598395906	1.7199999999999998e-05	0.295443386365946	0.2954454364802467	0.2954483114226729	1.187193599553363e-06
93.0	957.385598395906	1.76e-05	0.29544253749695226	0.2954442838097625	0.2954464586396659	8.982578193682479e-07
93.0	957.385598395906	1.8e-05	0.29544214129042956	0.2954432226158398	0.2954447492899632	6.174307063597266e-07
93.0	957.385598395906	1.84e-05	0.2954414424018674	0.29544216750363733	0.295443137734579	3.9196713036445964e-07
93.0	957.385598395906	1.88e-05	0.2954406687213833	0.295441124626498	0.2954415838866984	1.942499364157264e-07
93.0	957.385598395906	1.9200000000000003e-05	0.2954398867384809	0.2954400963132275	0.29544029895679547	8.12324768701195e-08
93.0	957.385598395906	1.9600000000000002e-05	0.2954384699853563	0.2954390843966334	0.2954397392556425	2.7206968222454995e-07
93.0	957.385598395906	1.9999999999999998e-05	0.295436874673384	0.29543803948095654	0.2954389451582875	4.993780034026607e-07
93.0	957.385598395906	2.04e-05	0.29543518273127845	0.2954369743303444	0.2954382209481583	7.719260233638088e-07
93.0	957.385598395906	2.08e-05	0.2954333524905115	0.2954358133127011	0.2954374185020736	1.0673269798967003e-06
93.0	957.385598395906	2.12e-05	0.29543133313971026	0.2954345470917929	0.29543654999904945	1.4274690424581582e-06
93.0	957.385598395906	2.16e-05	0.29542907103285554	0.29543296016164855	0.29543540033045	1.7993717286277073e-06
93.0	957.385598395906	2.2e-05	0.2954265108173191	0.29543109876019824	0.2954343385817282	2.2850475550344424e-06
93.0	957.385598395906	2.2400000000000002e-05	0.2954236319185588	0.2954285591310469	0.29543257887525964	2.8017277155058545e-06
93.0	957.385598395906	2.28e-05	0.29542046970493807	0.2954249819065964	0.2954299223462211	3.3298300483613887e-06
93.0	957.385598395906	2.32e-05	0.2954165934132522	0.29541687039587006	0.2954171737734441	1.3315608095025535e-07
93.0	957.385598395906	2.36e-05	0.2954034983951255	0.29540872757184433	0.2954138864862781	3.4993059919040687e-06
93.0	957.385598395906	2.4e-05	0.2954009823726498	0.2954052850699964	0.29541083333698204	2.9691805171850304e-06
93.0	957.385598395906	2.44e-05	0.2953993863895352	0.2954029181288582	0.2954081254193399	2.461691436099521e-06
93.0	957.385598395906	2.48e-05	0.2953984619076051	0.2954012562073035	0.29540578569269105	2.000026882378262e-06
93.0	957.385598395906	2.5200000000000003e-05	0.2953975013847012	0.2953998861617711	0.29540378946065093	1.6578589372205922e-06
93.0	957.385598395906	2.56e-05	0.29539682215158525	0.2953988639859075	0.2954020798544521	1.3381145857222034e-06
93.0	957.385598395906	2.6e-05	0.2953962353520385	0.295397974377055	0.2954006002313294	1.0830958369448866e-06
93.0	957.385598395906	2.64e-05	0.29539573274579123	0.2953972184117889	0.2953993013209404	8.509667164829585e-07
93.0	957.385598395906	2.68e-05	0.29539521131800406	0.2953965076141382	0.295398141340816	6.673275061787457e-07
93.0	957.385598395906	2.72e-05	0.29539497612272925	0.2953958631714214	0.2953970855891459	4.908406505873159e-07
93.0	957.385598395906	2.76e-05	0.29539455323163644	0.2953952268359423	0.29539610509809133	3.533448907227653e-07
93.0	957.385598395906	2.8e-05	0.29539409008650885	0.29539460313675026	0.2953951750783421	2.3530701965713972e-07
93.0	957.385598395906	2.8400000000000003e-05	0.2953936284947778	0.2953939934614135	0.2953942734190056	1.281330794426598e-07
93.0	957.385598395906	2.88e-05	0.29539318490219735	0.2953933980527024	0.2953936341092236	8.016731280777439e-08
93.0	957.385598395906	2.92e-05	0.2953923501009834	0.2953927945812888	0.29539317905796914	1.723737558782186e-07
93.0	957.385598395906	2.96e-05	0.29539147652338915	0.2953921872459306	0.2953927690052822	3.113484102203811e-07
93.0	957.385598395906	2.9999999999999997e-05	0.2953905139630404	0.29539154161576586	0.2953923154784128	4.66051942833444e-07
93.0	957.385598395906	3.04e-05	0.2953894312077141	0.2953908505629191	0.29539183687932	6.543145348040759e-07
93.0	957.385598395906	3.0799999999999996e-05	0.2953882380946853	0.29539000677721283	0.295391187549936	8.462501327381391e-07
93.0	957.385598395906	3.12e-05	0.29538691156294394	0.295389030763632	0.2953906230784247	1.0935396511748153e-06
93.0	957.385598395906	3.16e-05	0.29538543728336464	0.2953877240294553	0.2953897023968155	1.3527864697467709e-06
93.0	957.385598395906	3.2e-05	0.2953837497703322	0.29538591051691	0.2953883418007006	1.615321684834524e-06
93.0	957.385598395906	3.2399999999999995e-05	0.2953816115111074	0.29538188240513796	0.29538218104635394	1.3369627761750974e-07
93.0	957.385598395906	3.2800000000000004e-05	0.29537514163237777	0.29537782201706647	0.29538055377514816	1.7855843808907646e-06
93.0	957.385598395906	3.32e-05	0.2953739248203213	0.29537614225858877	0.2953790606557778	1.5208294371526991e-06
93.0	957.385598395906	3.36e-05	0.29537317161190924	0.29537500721491317	0.2953777547204117	1.2704418584789156e-06
93.0	957.385598395906	3.4e-05	0.29537274610732744	0.29537422968589416	0.2953766485608984	1.0466232904622507e-06
93.0	957.385598395906	3.4399999999999996e-05	0.29537231503138006	0.2953736017204567	0.29537572207080043	8.837506477742475e-07
93.0	957.385598395906	3.4800000000000006e-05	0.295372022915271	0.2953731535582394	0.29537494750021853	7.347847069702706e-07
93.0	957.385598395906	3.52e-05	0.2953717731527252	0.2953727781837845	0.2953742974183884	6.18128692739811e-07
93.0	957.385598395906	3.56e-05	0.29537157238546197	0.2953724784947006	0.2953737476413538	5.134503103966582e-07
93.0	957.385598395906	3.6e-05	0.2953713754763463	0.2953722073704161	0.2953732782482188	4.343429906211306e-07
93.0	957.385598395906	3.64e-05	0.2953713002353968	0.29537197742750304	0.2953728733687706	3.6101048495613676e-07
93.0	957.385598395906	3.68e-05	0.2953711516407962	0.29537175753874495	0.29537252056081176	3.095276155331402e-07
93.0	957.385598395906	3.72e-05	0.29537099804970435	0.2953715505890186	0.2953722101361276	2.698175316811018e-07
93.0	957.385598395906	3.76e-05	0.2953708549663858	0.2953713570139252	0.2953719345633914	2.3671877569570616e-07
93.0	957.385598395906	3.7999999999999995e-05	0.29537073273263204	0.29537117547726827	0.29537168797663416	2.0869003257634275e-07
93.0	957.385598395906	3.8400000000000005e-05	0.29537063361627247	0.29537101033812685	0.2953714657818356	1.8463831308416271e-07
93.0	957.385598395906	3.88e-05	0.2953705330716101	0.29537085732828494	0.29537126434488936	1.6287049924304413e-07
93.0	957.385598395906	3.9200000000000004e-05	0.2953704620409425	0.2953707225383447	0.29537108074346197	1.4186149884410545e-07
93.0	957.385598395906	3.96e-05	0.29537036926382676	0.29537060090701944	0.2953709125644606	1.2144460465487956e-07
93.0	957.385598395906	3.9999999999999996e-05	0.2953702818676982	0.29537049137396026	0.29537075772442556	1.0498300055911358e-07
93.0	957.385598395906	4.0400000000000006e-05	0.29537020535017433	0.2953703885815261	0.29537061428960687	9.022978628257898e-08
93.0	957.385598395906	4.08e-05	0.2953701427830895	0.2953702941144394	0.2953704803444772	7.866531369538417e-08
93.0	957.385598395906	4.12e-05	0.29537008028993306	0.2953702075932275	0.29537035452553706	6.924270468252818e-08
93.0	957.385598395906	4.16e-05	0.2953700108034596	0.29537013048926913	0.29537024454670835	6.347236800193347e-08
93.0	957.385598395906	4.2e-05	0.2953699663181366	0.2953700859862855	0.29537018755728806	5.912097662966668e-08
94.0	968.4848702836701	0.0	0.30074557550696923	0.30074866592648236	0.3007502029024103	1.018045022308673e-06
94.0	968.4848702836701	4e-07	0.3007435954273223	0.3007467684438979	0.300748386036207	1.0555466864752688e-06
94.0	968.4848702836701	8e-07	0.30074141653233877	0.30074489090102824	0.30074688762622515	1.1772573716336683e-06
94.0	968.4848702836701	1.2000000000000002e-06	0.300739025476096	0.30074303726774054	0.3007460453979238	1.4133909680233315e-06
94.0	968.4848702836701	1.6e-06	0.3007363894247215	0.30074108398750715	0.3007444558504062	1.7023414854047632e-06
94.0	968.4848702836701	2e-06	0.30073345822326747	0.30073908162113205	0.3007430228704493	2.1148492606392075e-06
94.0	968.4848702836701	2.4000000000000003e-06	0.3007301641681739	0.30073686113041836	0.3007414091573226	2.6050027335562352e-06
94.0	968.4848702836701	2.8000000000000003e-06	0.30072642295877205	0.30073441266369727	0.30073971329141536	3.2364736220833943e-06
94.0	968.4848702836701	3.2e-06	0.30072213077937615	0.3007312998776153	0.30073738795979743	3.9153456407678015e-06
94.0	968.4848702836701	3.6e-06	0.3007171973833538	0.30072763372698	0.3007352772300589	4.837417388313673e-06
94.0	968.4848702836701	4e-06	0.30071158856163205	0.3007225865427218	0.3007317483462888	5.833381950913372e-06
94.0	968.4848702836701	4.4e-06	0.300705370093989	0.30071543541475154	0.30072638989158573	6.8583328927116546e-06
94.0	968.4848702836701	4.800000000000001e-06	0.30069837674879896	0.30069907816828884	0.3006997245532448	3.2993664824870737e-07
94.0	968.4848702836701	5.2e-06	0.300672718771537	0.3006827404332576	0.3006923164685755	6.921933117735924e-06
94.0	968.4848702836701	5.600000000000001e-06	0.30066754047297906	0.30067575934785906	0.3006861642162084	5.857242262434768e-06
94.0	968.4848702836701	6e-06	0.3006642159091193	0.30067091856575007	0.3006806886957598	4.834480421524578e-06
94.0	968.4848702836701	6.4e-06	0.3006622656223268	0.3006674797449651	0.3006759189784276	3.8963825322524025e-06
94.0	968.4848702836701	6.8e-06	0.30066022229637657	0.3006646185318786	0.30067180373691027	3.195504548916796e-06
94.0	968.4848702836701	7.2e-06	0.3006587433096195	0.30066244286497945	0.3006682445058715	2.5324153877751407e-06
94.0	968.4848702836701	7.6e-06	0.3006574301762841	0.300660519147002	0.3006651220552534	2.0002750645325486e-06
94.0	968.4848702836701	8e-06	0.30065635685230063	0.3006588452754927	0.3006623374282249	1.5117844843789409e-06
94.0	968.4848702836701	8.4e-06	0.3006551669878208	0.3006572497253217	0.3006598054396008	1.1177246026865115e-06
94.0	968.4848702836701	8.8e-06	0.30065460572026925	0.3006557706110575	0.30065745388946574	7.322806113107641e-07
94.0	968.4848702836701	9.2e-06	0.3006535916220088	0.30065429549678213	0.30065522077409934	4.183046568320046e-07
94.0	968.4848702836701	9.600000000000001e-06	0.3006524577960361	0.3006528321638362	0.30065306768939415	1.4053280097218764e-07
94.0	968.4848702836701	9.999999999999999e-06	0.30065085495124944	0.3006513838887316	0.3006516778634394	1.82094222567281e-07
94.0	968.4848702836701	1.04e-05	0.3006486590907791	0.3006499541087188	0.30065108819267294	5.098013421506503e-07
94.0	968.4848702836701	1.08e-05	0.30064637076659206	0.3006484661077522	0.30064999103111933	8.447208245507226e-07
94.0	968.4848702836701	1.1200000000000001e-05	0.3006439305290618	0.3006469413930596	0.3006489917132278	1.2456103323337617e-06
94.0	968.4848702836701	1.16e-05	0.3006412710409032	0.30064526301270317	0.3006478781228763	1.6805584878124966e-06
94.0	968.4848702836701	1.2e-05	0.3006383164817592	0.3006434190594791	0.30064663006586123	2.2117318467092428e-06
94.0	968.4848702836701	1.24e-05	0.3006349853833168	0.300641085830645	0.3006449449354971	2.7637339100324573e-06
94.0	968.4848702836701	1.28e-05	0.3006311911892743	0.3006383352927376	0.3006433826532495	3.4881944450252805e-06
94.0	968.4848702836701	1.32e-05	0.300626909144623	0.3006345572376842	0.3006407743868511	4.262658054367627e-06
94.0	968.4848702836701	1.36e-05	0.300622185686124	0.3006292082222767	0.3006368081754962	5.056292017717404e-06
94.0	968.4848702836701	1.4e-05	0.30061676298854145	0.3006169946744749	0.3006172469406625	1.177490203866479e-07
94.0	968.4848702836701	1.44e-05	0.3005969993786328	0.3006047533520286	0.30061229842198767	5.217796660607822e-06
94.0	968.4848702836701	1.48e-05	0.30059317342912717	0.3005995410106297	0.3006076839060423	4.420962773574691e-06
94.0	968.4848702836701	1.52e-05	0.30059072756427074	0.3005959370909799	0.300603572601033	3.6553817651621585e-06
94.0	968.4848702836701	1.56e-05	0.3005892997063926	0.30059338699694155	0.3006000013627874	2.9549488611042655e-06
94.0	968.4848702836701	1.6e-05	0.30058780555175435	0.30059127166590904	0.3005969332016143	2.4327994634903225e-06
94.0	968.4848702836701	1.6400000000000002e-05	0.3005867353923177	0.3005896729069843	0.30059428709975133	1.941412532102935e-06
94.0	968.4848702836701	1.68e-05	0.3005858099447094	0.30058826662963967	0.300591976248195	1.5474128944440542e-06
94.0	968.4848702836701	1.7199999999999998e-05	0.3005850031112969	0.3005870520681874	0.30058992621613534	1.1871159864723223e-06
94.0	968.4848702836701	1.76e-05	0.30058415417973006	0.300585899280805	0.30058807326798487	8.981421439059471e-07
94.0	968.4848702836701	1.8e-05	0.3005837578329338	0.3005848379678906	0.3005863637550181	6.17278635095965e-07
94.0	968.4848702836701	1.84e-05	0.3005830588346745	0.3005837827355129	0.30058475203416535	3.917671869468033e-07
94.0	968.4848702836701	1.88e-05	0.3005822850155049	0.300582739738661	0.30058319801480504	1.9395537626549674e-07
94.0	968.4848702836701	1.9200000000000003e-05	0.30058150292556984	0.3005817113065394	0.3005819135053489	8.089841052672023e-08
94.0	968.4848702836701	1.9600000000000002e-05	0.3005800856329106	0.3005806992714141	0.3005813537933557	2.7214574990383937e-07
94.0	968.4848702836701	1.9999999999999998e-05	0.30057848822403965	0.3005796542219984	0.30058055943156425	4.995341261918506e-07
94.0	968.4848702836701	2.04e-05	0.30057679604788134	0.30057858894089184	0.3005798350526314	7.721480594876869e-07
94.0	968.4848702836701	2.08e-05	0.30057496554390095	0.30057742777483093	0.3005790337742864	1.0676119921305697e-06
94.0	968.4848702836701	2.12e-05	0.3005729458936468	0.3005761613790212	0.3005781658154927	1.427814595117419e-06
94.0	968.4848702836701	2.16e-05	0.300570683443353	0.3005745742112827	0.3005770160873853	1.7997692710817547e-06
94.0	968.4848702836701	2.2e-05	0.3005681228177206	0.3005727125400305	0.30057595418523864	2.285527418126202e-06
94.0	968.4848702836701	2.2400000000000002e-05	0.30056524347097024	0.30057017254465196	0.30057419424854004	2.802313860420189e-06
94.0	968.4848702836701	2.28e-05	0.30056208076100255	0.30056659479558717	0.3005715373886888	3.330556041980247e-06
94.0	968.4848702836701	2.32e-05	0.3005582063599963	0.3005584819130156	0.300558784314072	1.3269421930956924e-07
94.0	968.4848702836701	2.36e-05	0.3005451091589615	0.30055033785337953	0.30055549649971613	3.4996518287700765e-06
94.0	968.4848702836701	2.4e-05	0.3005425926218219	0.30054689474585145	0.30055244285706273	2.9694953568516e-06
94.0	968.4848702836701	2.44e-05	0.3005409963162604	0.30054452737824955	0.300549734498083	2.4619462463024068e-06
94.0	968.4848702836701	2.48e-05	0.3005400716593556	0.30054286515563344	0.30054739438592026	2.0002080418406156e-06
94.0	968.4848702836701	2.5200000000000003e-05	0.30053911091046004	0.30054149486703424	0.3005453978253705	1.6579742208593256e-06
94.0	968.4848702836701	2.56e-05	0.3005384315652586	0.3005404724939552	0.30054368792795216	1.3381735515682613e-06
94.0	968.4848702836701	2.6e-05	0.30053784457626787	0.3005395827008225	0.30054220804596277	1.0831165022579285e-06
94.0	968.4848702836701	2.64e-05	0.3005373418822961	0.30053882657222086	0.30054090890071805	8.50943939957412e-07
94.0	968.4848702836701	2.68e-05	0.3005368203687864	0.30053811562594185	0.30053974870247036	6.672562920729755e-07
94.0	968.4848702836701	2.72e-05	0.300536585026423	0.30053747103808315	0.3005386927431779	4.907229537644651e-07
94.0	968.4848702836701	2.76e-05	0.3005361620071696	0.30053683455771174	0.30053771204964885	3.531772003115849e-07
94.0	968.4848702836701	2.8e-05	0.3005356987036931	0.30053621071595316	0.30053678182785504	2.3507115520104862e-07
94.0	968.4848702836701	2.8400000000000003e-05	0.30053523698662676	0.3005356009008744	0.3005358799625659	1.277688303469885e-07
94.0	968.4848702836701	2.88e-05	0.3005347929631812	0.3005350053545237	0.30053524106425655	7.979913941625049e-08
94.0	968.4848702836701	2.92e-05	0.3005339579653219	0.3005344017336124	0.30053478573966963	1.7233640499356705e-07
94.0	968.4848702836701	2.96e-05	0.30053308417730484	0.3005337942542041	0.3005343755112193	3.114517354102919e-07
94.0	968.4848702836701	2.9999999999999997e-05	0.3005321195676771	0.30053314846670875	0.3005339220712502	4.662428309319821e-07
94.0	968.4848702836701	3.04e-05	0.30053103651746493	0.3005324572345205	0.30053344317614883	6.545781379931533e-07
94.0	968.4848702836701	3.0799999999999996e-05	0.30052984307295993	0.3005316132141547	0.300532793714547	8.465697932780252e-07
94.0	968.4848702836701	3.12e-05	0.3005285161670246	0.300530636939139	0.30053222900973253	1.093941800688639e-06
94.0	968.4848702836701	3.16e-05	0.30052704145272724	0.30052932985969144	0.3005313080581864	1.3532914155990271e-06
94.0	968.4848702836701	3.2e-05	0.3005253553345728	0.3005275158622194	0.30052994716487547	1.615960705788966e-06
94.0	968.4848702836701	3.2399999999999995e-05	0.30052321689211947	0.3005234865024603	0.30052378428872295	1.3326979803056856e-07
94.0	968.4848702836701	3.2800000000000004e-05	0.3005167450297712	0.3005194249920934	0.3005221565406906	1.7858911039615736e-06
94.0	968.4848702836701	3.32e-05	0.3005155277473408	0.3005177446862451	0.30052066297907665	1.5211097709769164e-06
94.0	968.4848702836701	3.36e-05	0.3005147742509857	0.3005166092606816	0.3005193566517699	1.2706675134571773e-06
94.0	968.4848702836701	3.4e-05	0.30051434859594206	0.3005158314662314	0.30051825015153	1.0467808288694198e-06
94.0	968.4848702836701	3.4399999999999996e-05	0.30051391731634514	0.30051520328931447	0.3005173233721523	8.838475746465244e-07
94.0	968.4848702836701	3.4800000000000006e-05	0.30051362511225665	0.3005147549574872	0.30051654855184573	7.348311301702793e-07
94.0	968.4848702836701	3.52e-05	0.3005133751708655	0.30051437942632675	0.3005158982517431	6.181410976312236e-07
94.0	968.4848702836701	3.56e-05	0.30051317433317504	0.3005140796007449	0.3005153482805767	5.134248061103798e-07
94.0	968.4848702836701	3.6e-05	0.3005129773600146	0.300513808354527	0.3005148787112768	4.342769304770699e-07
94.0	968.4848702836701	3.64e-05	0.3005129019863739	0.3005135782938897	0.3005144736686054	3.6090981409351507e-07
94.0	968.4848702836701	3.68e-05	0.3005127532791958	0.3005133582884824	0.30051412070637173	3.0939814498622343e-07
94.0	968.4848702836701	3.72e-05	0.3005125995447919	0.30051315122523664	0.3005138101332543	2.6966070713528436e-07
94.0	968.4848702836701	3.76e-05	0.3005124563518038	0.30051295754024493	0.3005135344155754	2.365324825191765e-07
94.0	968.4848702836701	3.7999999999999995e-05	0.3005123340154583	0.3005127758965337	0.30051328768565266	2.0847090910577163e-07
94.0	968.4848702836701	3.8400000000000005e-05	0.30051223483405387	0.30051261064353646	0.3005130653483059	1.843932934217974e-07
94.0	968.4848702836701	3.88e-05	0.30051213416975564	0.3005124575284658	0.30051286376873865	1.6258655006392286e-07
94.0	968.4848702836701	3.9200000000000004e-05	0.3005120630205038	0.3005123226306808	0.3005126800243483	1.4152628265264766e-07
94.0	968.4848702836701	3.96e-05	0.3005119702159522	0.3005122008829321	0.3005125117021441	1.210562622985453e-07
94.0	968.4848702836701	3.9999999999999996e-05	0.3005118827049449	0.30051209121224276	0.3005123567190866	1.0454702478818362e-07
94.0	968.4848702836701	4.0400000000000006e-05	0.30051180607668027	0.30051198828923376	0.300512213142178	8.973354037642294e-08
94.0	968.4848702836701	4.08e-05	0.3005117433834812	0.30051189369419207	0.300512079057361	7.810630090464018e-08
94.0	968.4848702836701	4.12e-05	0.30051168088393876	0.3005118070589761	0.3005119531060414	6.86253658969187e-08
94.0	968.4848702836701	4.16e-05	0.3005116112780808	0.3005117298514619	0.3005118430638767	6.282499822022153e-08
94.0	968.4848702836701	4.2e-05	0.3005115668358931	0.300511685200082	0.30051178608647255	5.8489530291655776e-08
95.0	979.5841421714343	0.0	0.30592374498560293	0.3059268362512437	0.3059283741788521	1.018453932549292e-06
95.0	979.5841421714343	4e-07	0.3059217649042987	0.3059249387678721	0.30592655755356635	1.0559459940882546e-06
95.0	979.5841421714343	8e-07	0.3059195860033519	0.3059230612243319	0.30592505916228685	1.177630685544383e-06
95.0	979.5841421714343	1.2000000000000002e-06	0.3059171949372512	0.30592120759014174	0.30592421701763417	1.4137280450934954e-06
95.0	979.5841421714343	1.6e-06	0.30591455887258867	0.3059192543016478	0.3059226274184752	1.7026382509827592e-06
95.0	979.5841421714343	2e-06	0.3059116276549734	0.30591725193583125	0.3059211944033944	2.115116322996353e-06
95.0	979.5841421714343	2.4000000000000003e-06	0.30590833358146785	0.3059150314453457	0.30591958075357883	2.6052507859820144e-06
95.0	979.5841421714343	2.8000000000000003e-06	0.30590459235204115	0.30591258297299007	0.3059178848474202	3.236697031268647e-06
95.0	979.5841421714343	3.2e-06	0.3059003000608529	0.30590947017347986	0.3059155595449692	3.915542277514383e-06
95.0	979.5841421714343	3.6e-06	0.3058953666486248	0.30590580402407486	0.30591344880841564	4.837599389495556e-06
95.0	979.5841421714343	4e-06	0.30588975781235384	0.30590075685712825	0.3059099199530628	5.833571088930819e-06
95.0	979.5841421714343	4.4e-06	0.3058835393321111	0.3058936057593714	0.3059045615752698	6.858562508657359e-06
95.0	979.5841421714343	4.800000000000001e-06	0.30587654607347936	0.3058772484427934	0.3058778958639996	3.3060016940663933e-07
95.0	979.5841421714343	5.2e-06	0.3058508904427395	0.3058609107649227	0.3058704877582512	6.921763152037971e-06
95.0	979.5841421714343	5.600000000000001e-06	0.30584571204259703	0.30585392962587765	0.3058643334678308	5.857119537622481e-06
95.0	979.5841421714343	6e-06	0.30584238741670067	0.30584908879782036	0.30585885792756695	4.83437668151786e-06
95.0	979.5841421714343	6.4e-06	0.3058404371064558	0.30584564994311	0.3058540881892249	3.896279914006886e-06
95.0	979.5841421714343	6.8e-06	0.30583839371392507	0.30584278870696335	0.30584997289323024	3.1953917739536677e-06
95.0	979.5841421714343	7.2e-06	0.30583691472249086	0.30584061300725995	0.30584641363894516	2.5323001397751517e-06
95.0	979.5841421714343	7.6e-06	0.30583560121216724	0.3058386892480146	0.30584329116009634	2.0001652105363617e-06
95.0	979.5841421714343	8e-06	0.3058345281749064	0.3058370153330216	0.3058405064989449	1.5116758074236843e-06
95.0	979.5841421714343	8.4e-06	0.30583333830541637	0.30583541974563394	0.30583797446929495	1.1176072143664404e-06
95.0	979.5841421714343	8.8e-06	0.3058327769336584	0.30583394058591273	0.305835622870128	7.321664990124048e-07
95.0	979.5841421714343	9.2e-06	0.3058317610473722	0.3058324654243528	0.3058333896965406	4.1819933804169086e-07
95.0	979.5841421714343	9.600000000000001e-06	0.30583062699467867	0.30583100204320224	0.305831238400768	1.4050003198960707e-07
95.0	979.5841421714343	9.999999999999999e-06	0.3058290237539625	0.30582955371914655	0.3058298482970043	1.8232467418195207e-07
95.0	979.5841421714343	1.04e-05	0.3058268278003444	0.3058281238889901	0.30582925936001537	5.100121641202859e-07
95.0	979.5841421714343	1.08e-05	0.30582453936722054	0.3058266358244824	0.3058281621244028	8.449318041210033e-07
95.0	979.5841421714343	1.1200000000000001e-05	0.3058220990022278	0.3058251110494253	0.3058271624430615	1.2458426067623148e-06
95.0	979.5841421714343	1.16e-05	0.3058194393646261	0.3058234325950124	0.3058260491522402	1.6808212744765214e-06
95.0	979.5841421714343	1.2e-05	0.3058164846298057	0.30582158854752833	0.3058248010106821	2.2120243187552803e-06
95.0	979.5841421714343	1.24e-05	0.3058131532930952	0.30581925518064795	0.3058231158262954	2.764051730440346e-06
95.0	979.5841421714343	1.28e-05	0.30580935885837857	0.30581650448700515	0.3058215534572648	3.4885610793218445e-06
95.0	979.5841421714343	1.32e-05	0.30580507653588906	0.30581272621761074	0.3058189450699649	4.263096515125539e-06
95.0	979.5841421714343	1.36e-05	0.305800352765341	0.3058073768875652	0.3058149786850004	5.056834305919894e-06
95.0	979.5841421714343	1.4e-05	0.3057949309143355	0.3057951624393442	0.30579541370479113	1.174773011243078e-07
95.0	979.5841421714343	1.44e-05	0.3057751671452351	0.30578292034317184	0.3057904648437946	5.2179535015343216e-06
95.0	979.5841421714343	1.48e-05	0.3057713408275289	0.30577770759072753	0.305785850003514	4.421115629282371e-06
95.0	979.5841421714343	1.52e-05	0.30576889472947233	0.30577410337648736	0.30578173840446254	3.6555021718076327e-06
95.0	979.5841421714343	1.56e-05	0.3057674667479331	0.3057715530716305	0.3057781669053714	2.9550214140012943e-06
95.0	979.5841421714343	1.6e-05	0.3057659724197954	0.30576943757000585	0.30577509851379325	2.432825498972037e-06
95.0	979.5841421714343	1.6400000000000002e-05	0.30576490217993957	0.305767838666324	0.3057724522073908	1.9413996254957777e-06
95.0	979.5841421714343	1.68e-05	0.30576397657857424	0.30576643224923095	0.30577014116901857	1.547374775112268e-06
95.0	979.5841421714343	1.7199999999999998e-05	0.3057631696821437	0.3057652175592389	0.30576809096217517	1.1870476841225892e-06
95.0	979.5841421714343	1.76e-05	0.30576232068446973	0.3057640646538249	0.3057662378461341	8.980362446280022e-07
95.0	979.5841421714343	1.8e-05	0.3057619242059486	0.3057630032213814	0.3057645281675905	6.171363184419156e-07
95.0	979.5841421714343	1.84e-05	0.3057612251009134	0.3057619478681931	0.3057629162793445	3.915780727281011e-07
95.0	979.5841421714343	1.88e-05	0.30576045114993544	0.30576090475067363	0.30576136208692883	1.9367590745582962e-07
95.0	979.5841421714343	1.9200000000000003e-05	0.305759668951719	0.305759876198423	0.3057600779800955	8.058568556463501e-08
95.0	979.5841421714343	1.9600000000000002e-05	0.3057582511323229	0.30575886404338787	0.30575951823009806	2.7222292215152445e-07
95.0	979.5841421714343	1.9999999999999998e-05	0.305756651715563	0.305757818859327	0.3057587236111674	4.99688503969357e-07
95.0	979.5841421714343	2.04e-05	0.30575495930478436	0.30575675344595926	0.30575799906495593	7.723664408285877e-07
95.0	979.5841421714343	2.08e-05	0.30575312853712244	0.3057555921291201	0.305757198895523	1.0678911106253366e-06
95.0	979.5841421714343	2.12e-05	0.30575110858695176	0.30575432555708565	0.3057563315199223	1.4281536865532661e-06
95.0	979.5841421714343	2.16e-05	0.30574884579263095	0.30575273815132925	0.30575518166108306	1.8001609226763379e-06
95.0	979.5841421714343	2.2e-05	0.30574628475591226	0.30575087620872576	0.3057541196023754	2.286000843788143e-06
95.0	979.5841421714343	2.2400000000000002e-05	0.30574340495967434	0.3057483358445622	0.30575235943240653	2.8028922044342954e-06
95.0	979.5841421714343	2.28e-05	0.30574024175102377	0.30574475756694885	0.3057497022354365	3.331270688783351e-06
95.0	979.5841421714343	2.32e-05	0.30573636910417523	0.30573664331214456	0.3057369447853615	1.3225892945373218e-07
95.0	979.5841421714343	2.36e-05	0.30572326969816555	0.30572849799901314	0.3057336564395694	3.5000181207734817e-06
95.0	979.5841421714343	2.4e-05	0.3057207526471286	0.30572505428189106	0.3057306022987758	2.969826172481324e-06
95.0	979.5841421714343	2.44e-05	0.305719156018621	0.3057226864849251	0.3057278934935619	2.4622148132908666e-06
95.0	979.5841421714343	2.48e-05	0.30571823118775043	0.3057210239589025	0.30572555299121884	2.000401773174784e-06
95.0	979.5841421714343	2.5200000000000003e-05	0.30571727021206385	0.30571965342443136	0.3057235560979299	1.6581022209073684e-06
95.0	979.5841421714343	2.56e-05	0.3057165907524695	0.30571863085298967	0.30572184590549956	1.3382445516372967e-06
95.0	979.5841421714343	2.6e-05	0.30571600357668416	0.3057177408757155	0.305720365761335	1.0831474377214682e-06
95.0	979.5841421714343	2.64e-05	0.3057155007948307	0.30571698458360114	0.30571906637838	8.509308906992587e-07
95.0	979.5841421714343	2.68e-05	0.3057149791921203	0.3057162734877459	0.3057179059595745	6.67195433599563e-07
95.0	979.5841421714343	2.72e-05	0.3057147437112393	0.30571562875436803	0.305716849790608	4.906157739300889e-07
95.0	979.5841421714343	2.76e-05	0.3057143205668833	0.3057149921286265	0.3057158688928956	3.53020952432154e-07
95.0	979.5841421714343	2.8e-05	0.30571385711208077	0.30571436814350667	0.3057149384676592	2.3484917993789502e-07
95.0	979.5841421714343	2.8400000000000003e-05	0.30571339526867014	0.3057137581875685	0.30571403639529127	1.2742466882361945e-07
95.0	979.5841421714343	2.88e-05	0.30571295082653993	0.3057131625023532	0.30571339786671103	7.945348877176953e-08
95.0	979.5841421714343	2.92e-05	0.30571211563042056	0.3057125587311845	0.30571294227627455	1.7230651678311671e-07
95.0	979.5841421714343	2.96e-05	0.30571124163017327	0.30571195110611216	0.3057125318737013	3.1155618484967886e-07
95.0	979.5841421714343	2.9999999999999997e-05	0.30571027505935433	0.30571130515907924	0.3057120785134462	4.664310010388928e-07
95.0	979.5841421714343	3.04e-05	0.3057091917138077	0.305710613746334	0.3057115993295172	6.548376072486288e-07
95.0	979.5841421714343	3.0799999999999996e-05	0.30570799793722614	0.305709769490982	0.3057109497369064	8.468854714644862e-07
95.0	979.5841421714343	3.12e-05	0.3057066706561624	0.3057087929530815	0.3057103848000704	1.0943390854004406e-06
95.0	979.5841421714343	3.16e-05	0.3057051955048129	0.3057074855258841	0.30570946357992135	1.3537899059789543e-06
95.0	979.5841421714343	3.2e-05	0.3057035106824628	0.3057056710396342	0.305708102386256	1.6165895436965004e-06
95.0	979.5841421714343	3.2399999999999995e-05	0.3057013720248536	0.3057016404316743	0.3057019374087844	1.3286894709186336e-07
95.0	979.5841421714343	3.2800000000000004e-05	0.30569489815751716	0.30569757778172385	0.3057003091796169	1.7862181010835736e-06
95.0	979.5841421714343	3.32e-05	0.30569368040548284	0.3056958969246638	0.3056988151708939	1.5214060677088641e-06
95.0	979.5841421714343	3.36e-05	0.30569292662041203	0.30569476111422283	0.30569750844664867	1.2709071079433834e-06
95.0	979.5841421714343	3.4e-05	0.30569250081553623	0.30569398305179846	0.3056964015999455	1.046951354249779e-06
95.0	979.5841421714343	3.4399999999999996e-05	0.3056920693312968	0.305693354660353	0.3056954745268463	8.839578183026338e-07
95.0	979.5841421714343	3.4800000000000006e-05	0.3056917770363876	0.3056929061575194	0.3056946994528422	7.348903609094254e-07
95.0	979.5841421714343	3.52e-05	0.3056915269188263	0.3056925304694941	0.30569404893097474	6.181648119284304e-07
95.0	979.5841421714343	3.56e-05	0.3056913260101748	0.3056922305069977	0.3056934987626496	5.134102344595489e-07
95.0	979.5841421714343	3.6e-05	0.3056911289689834	0.3056919591376967	0.3056930290145976	4.3422246571404176e-07
95.0	979.5841421714343	3.64e-05	0.30569105347109904	0.3056917289588267	0.3056926238065314	3.6082073193035465e-07
95.0	979.5841421714343	3.68e-05	0.30569090465426196	0.30569150883619495	0.305692270688243	3.092805214053076e-07
95.0	979.5841421714343	3.72e-05	0.3056907507836675	0.3056913016586037	0.3056919599652881	2.6951642162174286e-07
95.0	979.5841421714343	3.76e-05	0.3056906074801997	0.3056911078626494	0.3056916841016255	2.3635990187186967e-07
95.0	979.5841421714343	3.7999999999999995e-05	0.3056904850394435	0.3056909261107901	0.3056914372278472	2.08266897471487e-07
95.0	979.5841421714343	3.8400000000000005e-05	0.30569038578831	0.3056907607435061	0.3056912147475952	1.8416420488335653e-07
95.0	979.5841421714343	3.88e-05	0.3056902850074996	0.3056906075221336	0.3056910130253785	1.6232024049161732e-07
95.0	979.5841421714343	3.9200000000000004e-05	0.30569021374295424	0.30569047251528264	0.30569082913831025	1.4121129272995302e-07
95.0	979.5841421714343	3.96e-05	0.30569012090556047	0.3056903506512254	0.3056906606734815	1.2069019075596947e-07
95.0	979.5841421714343	3.9999999999999996e-05	0.3056900332809098	0.3056902408447516	0.30569050554824884	1.0413465250209556e-07
95.0	979.5841421714343	4.0400000000000006e-05	0.30568995654250575	0.3056901377925353	0.30569036183031795	8.926262773871454e-08
95.0	979.5841421714343	4.08e-05	0.30568989373197564	0.3056900430709244	0.30569022760697795	7.757426701899165e-08
95.0	979.5841421714343	4.12e-05	0.30568983121488635	0.30568995632238155	0.3056901015240534	6.80361773866557e-08
95.0	979.5841421714343	4.16e-05	0.30568976149242566	0.3056898790113387	0.3056899914140452	6.22061285297181e-08
95.0	979.5841421714343	4.2e-05	0.3056897170842987	0.30568983420434903	0.30568993443901427	5.788635767906731e-08
96.0	990.6834140591985	0.0	0.3111340254533248	0.3111371175398379	0.3111386563854701	1.0188496048719048e-06
96.0	990.6834140591985	4e-07	0.31113204537016337	0.31113522005539734	0.31113683998138253	1.056332560557284e-06
96.0	990.6834140591985	8e-07	0.31112986646251084	0.31113334251025887	0.31113534160474643	1.1779925279494272e-06
96.0	990.6834140591985	1.2000000000000002e-06	0.31112747538524044	0.3111314888738624	0.311134499534341	1.414055384509453e-06
96.0	990.6834140591985	1.6e-06	0.3111248393053314	0.31112953557562606	0.31113290988584286	1.7029275306424575e-06
96.0	990.6834140591985	2e-06	0.31112190806883255	0.3111275332075378	0.31113147683405096	2.1153773841022905e-06
96.0	990.6834140591985	2.4000000000000003e-06	0.31111861397325935	0.3111253127128742	0.3111298632413524	2.605493037460696e-06
96.0	990.6834140591985	2.8000000000000003e-06	0.31111487271899385	0.31112286423075475	0.31112816729424253	3.236916228513709e-06
96.0	990.6834140591985	3.2e-06	0.31111058031194183	0.3111197514129488	0.31112584201637894	3.915737007370191e-06
96.0	990.6834140591985	3.6e-06	0.3111056468753617	0.3111160852575884	0.311123731267009	4.8377811508585705e-06
96.0	990.6834140591985	4e-06	0.31110003801427677	0.31111103809697604	0.3111202024311899	5.833760777974036e-06
96.0	990.6834140591985	4.4e-06	0.3110938195088817	0.3111038870130632	0.3111148441147167	6.858791211126908e-06
96.0	990.6834140591985	4.800000000000001e-06	0.311086826329773	0.3110875295965494	0.3110881780023558	3.3123145118411797e-07
96.0	990.6834140591985	5.2e-06	0.31106117284464396	0.3110711919300083	0.31108076985838995	6.921623000997263e-06
96.0	990.6834140591985	5.600000000000001e-06	0.3110559943336675	0.31106421072077195	0.3110746136101641	5.857020221044578e-06
96.0	990.6834140591985	6e-06	0.311052669638471	0.31105936983464005	0.3110691380349646	4.834292215116413e-06
96.0	990.6834140591985	6.4e-06	0.3110507193013028	0.311055930936654	0.31106436826167005	3.8961934795154626e-06
96.0	990.6834140591985	6.8e-06	0.31104867583668394	0.31105306966851526	0.311060252900071	3.19529384831299e-06
96.0	990.6834140591985	7.2e-06	0.31104719683449655	0.3110508939297435	0.31105669361102084	2.5321974508799414e-06
96.0	990.6834140591985	7.6e-06	0.3110458829655611	0.31104897012450206	0.31105357109344656	2.0000647388120563e-06
96.0	990.6834140591985	8e-06	0.3110448101924721	0.31104729616123655	0.31105078638850436	1.5115744289847508e-06
96.0	990.6834140591985	8.4e-06	0.31104362031090815	0.3110457005310698	0.3110482543087887	1.1174962654490609e-06
96.0	990.6834140591985	8.8e-06	0.311043058841574	0.3110442213209304	0.31104590265199317	7.320568925086617e-07
96.0	990.6834140591985	9.2e-06	0.3110420412380792	0.3110427461068981	0.31104366941184924	4.1809688468585093e-07
96.0	990.6834140591985	9.600000000000001e-06	0.3110409069666087	0.3110412826719324	0.3110415198159293	1.4046788487595882e-07
96.0	990.6834140591985	9.999999999999999e-06	0.3110393033319818	0.31103983429290427	0.3110401294548879	1.825521568788021e-07
96.0	990.6834140591985	1.04e-05	0.3110371072766016	0.3110384044064154	0.31103954119941957	5.102214497270672e-07
96.0	990.6834140591985	1.08e-05	0.3110348187253571	0.3110369162721361	0.3110384438879592	8.451432691576729e-07
96.0	990.6834140591985	1.1200000000000001e-05	0.31103237822285745	0.31103539142929837	0.31103744385780274	1.2460765819793963e-06
96.0	990.6834140591985	1.16e-05	0.3110297184245381	0.3110337128918757	0.31103633083861126	1.6810861299285212e-06
96.0	990.6834140591985	1.2e-05	0.3110267635010997	0.3110318687412016	0.3110350826082007	2.212321017097941e-06
96.0	990.6834140591985	1.24e-05	0.31102343191140847	0.31102953522570637	0.3110333973612116	2.7643770571398945e-06
96.0	990.6834140591985	1.28e-05	0.3110196372180374	0.31102678436253406	0.31103183489562536	3.488938246420327e-06
96.0	990.6834140591985	1.32e-05	0.31101535459653995	0.31102300585885906	0.311029226372586	4.2635479554013356e-06
96.0	990.6834140591985	1.36e-05	0.31101063048949573	0.3110176561850274	0.3110252597894059	5.0573899132319754e-06
96.0	990.6834140591985	1.4e-05	0.31100520941046916	0.31100544077676706	0.31100569108667564	1.1722180044562822e-07
96.0	990.6834140591985	1.44e-05	0.310985445284925	0.3109931978303932	0.3110007418552323	5.218154559656168e-06
96.0	990.6834140591985	1.48e-05	0.3109816185801524	0.31098798463726995	0.31099612666321175	4.421304346814277e-06
96.0	990.6834140591985	1.52e-05	0.31097917223553484	0.3109843801072879	0.3109920147447083	3.6556524641126883e-06
96.0	990.6834140591985	1.56e-05	0.3109777441234529	0.31098182957591763	0.3109884429619152	2.9551191270843195e-06
96.0	990.6834140591985	1.6e-05	0.3109762496125228	0.310979713889532	0.3109853743200093	2.432874145803299e-06
96.0	990.6834140591985	1.6400000000000002e-05	0.31097517928372653	0.310978114830908	0.31098272779107106	1.9414060164796997e-06
96.0	990.6834140591985	1.68e-05	0.31097425352542274	0.3109767082659334	0.3109804165497776	1.5473520166352775e-06
96.0	990.6834140591985	1.7199999999999998e-05	0.3109734465604932	0.3109754934396914	0.310978366153555	1.186992148522114e-06
96.0	990.6834140591985	1.76e-05	0.31097259748773354	0.31097434040793237	0.31097651285618433	8.979420363755053e-07
96.0	990.6834140591985	1.8e-05	0.3109722008832021	0.31097327884850356	0.31097480299946856	6.170040911657781e-07
96.0	990.6834140591985	1.84e-05	0.310971501669429	0.3109722233668549	0.31097319093179365	3.913987166741809e-07
96.0	990.6834140591985	1.88e-05	0.3109707275877742	0.3109711801206433	0.31097163655457916	1.934090067426098e-07
96.0	990.6834140591985	1.9200000000000003e-05	0.31096994527437793	0.3109701514398822	0.31097035283248875	8.029394866519558e-08
96.0	990.6834140591985	1.9600000000000002e-05	0.31096852539969255	0.3109691391564475	0.3109697930163726	2.723055050227508e-07
96.0	990.6834140591985	1.9999999999999998e-05	0.31096692556633787	0.31096809382920304	0.3109689981413215	4.998474910265497e-07
96.0	990.6834140591985	2.04e-05	0.3109652329075079	0.3109670282738563	0.31096827360341184	7.725897659465152e-07
96.0	990.6834140591985	2.08e-05	0.31096340186136207	0.31096586679486443	0.3109674743020907	1.0681753239746496e-06
96.0	990.6834140591985	2.12e-05	0.31096138159458153	0.3109646000351644	0.3109666074735644	1.4285002005116827e-06
96.0	990.6834140591985	2.16e-05	0.31095911843705526	0.31096301237787355	0.31096545747328985	1.8005636209752366e-06
96.0	990.6834140591985	2.2e-05	0.31095655696650404	0.3109611501468046	0.31096439524610453	2.2864888770477932e-06
96.0	990.6834140591985	2.2400000000000002e-05	0.3109536766948038	0.31095860938964415	0.31096263482498543	2.803488246547634e-06
96.0	990.6834140591985	2.28e-05	0.31095051295790643	0.31095503054858886	0.31095997726199975	3.3320040872956045e-06
96.0	990.6834140591985	2.32e-05	0.31094664190455656	0.3109469148495304	0.3109472154418462	1.3184899663690966e-07
96.0	990.6834140591985	2.36e-05	0.31093354015410224	0.3109387681934709	0.31094392653146663	3.5004348852065043e-06
96.0	990.6834140591985	2.4e-05	0.3109310225665034	0.31093532383192324	0.31094087186061437	2.9701983718672826e-06
96.0	990.6834140591985	2.44e-05	0.3109294255994941	0.31093295558106865	0.3109381625799248	2.46251808299579e-06
96.0	990.6834140591985	2.48e-05	0.31092850058684895	0.3109312927337896	0.3109358216614089	2.0006248722870145e-06
96.0	990.6834140591985	2.5200000000000003e-05	0.3109275393738331	0.3109299219376417	0.3109338244123494	1.658256613749001e-06
96.0	990.6834140591985	2.56e-05	0.3109268597909409	0.31092889915663585	0.31093211390498254	1.3383383107920768e-06
96.0	990.6834140591985	2.6e-05	0.31092627242415194	0.3109280089863747	0.3109306334810684	1.083196966351852e-06
96.0	990.6834140591985	2.64e-05	0.3109257695487804	0.3109272525225861	0.3109293338447294	8.509337384080816e-07
96.0	990.6834140591985	2.68e-05	0.3109252478478277	0.31092654126851854	0.31092817319118016	6.671493672206327e-07
96.0	990.6834140591985	2.72e-05	0.31092501223422353	0.31092589638202933	0.31092711679949314	4.905218300842412e-07
96.0	990.6834140591985	2.76e-05	0.31092458896278874	0.3109252596032039	0.31092613568538585	3.5287747614610643e-07
96.0	990.6834140591985	2.8e-05	0.31092412535762737	0.3109246354667145	0.3109252050450486	2.3464117547932093e-07
96.0	990.6834140591985	2.8400000000000003e-05	0.3109236633809873	0.31092402536163205	0.3109243027542483	1.2709959423682483e-07
96.0	990.6834140591985	2.88e-05	0.3109232185213058	0.31092342952923313	0.3109236645537896	7.913090173501991e-08
96.0	990.6834140591985	2.92e-05	0.31092238311514464	0.3109228255996485	0.31092320869868395	1.722873088441627e-07
96.0	990.6834140591985	2.96e-05	0.31092150888997416	0.31092221781972473	0.31092279811802115	3.1166704456822523e-07
96.0	990.6834140591985	2.9999999999999997e-05	0.31092054043005124	0.31092157170262863	0.3109223448248155	4.666236533261553e-07
96.0	990.6834140591985	3.04e-05	0.3109194567749016	0.31092088009911534	0.3109218653523689	6.551025223856687e-07
96.0	990.6834140591985	3.0799999999999996e-05	0.310918262650163	0.31092003559728243	0.31092121562146424	8.47209177458943e-07
96.0	990.6834140591985	3.12e-05	0.3109169349755705	0.31091905878206955	0.3109206504459685	1.0947467291559238e-06
96.0	990.6834140591985	3.16e-05	0.3109154593646526	0.3109177509871549	0.3109197289461836	1.354300651542631e-06
96.0	990.6834140591985	3.2e-05	0.3109137757191789	0.31091593598381917	0.3109183674310323	1.617230534824126e-06
96.0	990.6834140591985	3.2399999999999995e-05	0.31091163678669886	0.310911904072096	0.31091220028801203	1.3249429258839895e-07
96.0	990.6834140591985	3.2800000000000004e-05	0.31090516080019626	0.31090784020870516	0.3109105715510463	1.786590067394205e-06
96.0	990.6834140591985	3.32e-05	0.31090394256106535	0.310906158772668	0.31090907706964366	1.5217395093004574e-06
96.0	990.6834140591985	3.36e-05	0.31090318847529996	0.31090502255800084	0.31090776992517277	1.2711784047496938e-06
96.0	990.6834140591985	3.4e-05	0.3109027625153331	0.310904244213747	0.3109066627100008	1.0471494490218389e-06
96.0	990.6834140591985	3.4399999999999996e-05	0.31090233081822394	0.3109036155954901	0.3109057353254707	8.840936338235698e-07
96.0	990.6834140591985	3.4800000000000006e-05	0.3109020384258736	0.3109031669134954	0.31090495998256085	7.349725317364502e-07
96.0	990.6834140591985	3.52e-05	0.3109017881291898	0.31090279106275165	0.3109043092258714	6.182081773574808e-07
96.0	990.6834140591985	3.56e-05	0.31090158714596505	0.31090249095812106	0.3109037588491379	5.134134799137624e-07
96.0	990.6834140591985	3.6e-05	0.31090139002996686	0.31090221946011287	0.3109032889126011	4.3418540002417897e-07
96.0	990.6834140591985	3.64e-05	0.31090131441504454	0.3109019891585581	0.3109028835306811	3.6074803056194897e-07
96.0	990.6834140591985	3.68e-05	0.31090116548871904	0.3109017689142765	0.3109025302489643	3.0917885095109193e-07
96.0	990.6834140591985	3.72e-05	0.3109010114853792	0.31090156161779	0.3109022193697397	2.6938829651803356e-07
96.0	990.6834140591985	3.76e-05	0.3109008680673693	0.3109013677062282	0.3109019433544864	2.3620429041179622e-07
96.0	990.6834140591985	3.7999999999999995e-05	0.3109007455172561	0.3109011858417018	0.31090169633198617	2.0808093823910772e-07
96.0	990.6834140591985	3.8400000000000005e-05	0.3109006461888155	0.3109010203564499	0.3109014737046376	1.8395375213260556e-07
96.0	990.6834140591985	3.88e-05	0.31090054529254374	0.31090086702459074	0.31090127183619565	1.6207406408961367e-07
96.0	990.6834140591985	3.9200000000000004e-05	0.31090047391431597	0.31090073190446244	0.31090108780344483	1.4091895526613668e-07
96.0	990.6834140591985	3.96e-05	0.31090038103561213	0.3109006099215578	0.31090091919351703	1.2034867956865437e-07
96.0	990.6834140591985	3.9999999999999996e-05	0.3109002932963163	0.31090049997869157	0.310900763924125	1.0374812486218392e-07
96.0	990.6834140591985	4.0400000000000006e-05	0.3109002164462771	0.3109003967963366	0.31090062006361574	8.881924520018477e-08
96.0	990.6834140591985	4.08e-05	0.3109001535271094	0.3109003019475069	0.31090048570046847	7.707139000994127e-08
96.0	990.6834140591985	4.12e-05	0.3109000909786186	0.3109002150845274	0.310900359484398	6.74772674550628e-08
96.0	990.6834140591985	4.16e-05	0.31090002114111126	0.3109001376685571	0.3109002492995945	6.161778965173897e-08
96.0	990.6834140591985	4.2e-05	0.3108999767568097	0.31090009269687946	0.3109001923153816	5.731338280535282e-08
97.0	1001.7826859469627	0.0	0.31637135432936514	0.316374447211834	0.31637598694257196	1.0192323299914008e-06
97.0	1001.7826859469627	4e-07	0.3163693742441671	0.3163725497260569	0.3163741707394463	1.0567066441673688e-06
97.0	1001.7826859469627	8e-07	0.31636719532914803	0.3163706721784293	0.31637267237342037	1.1783430615784954e-06
97.0	1001.7826859469627	1.2000000000000002e-06	0.31636480423953817	0.316368818538569	0.31637183036769745	1.4143729889089108e-06
97.0	1001.7826859469627	1.6e-06	0.3163621681426383	0.3163668652291957	0.31637024067195885	1.703209180439683e-06
97.0	1001.7826859469627	2e-06	0.3163592368848258	0.3163648628561224	0.31636880758191044	2.1156321288700907e-06
97.0	1001.7826859469627	2.4000000000000003e-06	0.31635594276392	0.3163626423530602	0.3163671940406916	2.6057289893314134e-06
97.0	1001.7826859469627	2.8000000000000003e-06	0.3163522014805098	0.31636019385731506	0.31636549805187464	3.2371305167495607e-06
97.0	1001.7826859469627	3.2e-06	0.316347908953837	0.3163570810167992	0.31636317279452975	3.915928949052608e-06
97.0	1001.7826859469627	3.6e-06	0.31634297548559953	0.3163534148489081	0.3163610620266253	4.837961555602761e-06
97.0	1001.7826859469627	4e-06	0.3163373665904565	0.31634836768462365	0.31635753320224236	5.833949681310478e-06
97.0	1001.7826859469627	4.4e-06	0.3163311480485689	0.3163412165996472	0.31635217493305134	6.859017443646844e-06
97.0	1001.7826859469627	4.800000000000001e-06	0.3163241549424889	0.31632485905687846	0.3163255083978562	3.318319046406262e-07
97.0	1001.7826859469627	5.2e-06	0.31629850341096866	0.31630852135899257	0.3163181002000144	6.921511545207987e-06
97.0	1001.7826859469627	5.600000000000001e-06	0.31629332478053573	0.31630154006447886	0.3163119420718914	5.856943403893634e-06
97.0	1001.7826859469627	6e-06	0.3162900000094728	0.3162966991092493	0.3163064664479478	4.834226304816167e-06
97.0	1001.7826859469627	6.4e-06	0.31628804964256485	0.3162932601595421	0.31630169662696783	3.896122657600473e-06
97.0	1001.7826859469627	6.8e-06	0.31628600610075885	0.3162903988513149	0.3162975811895956	3.1952102953409876e-06
97.0	1001.7826859469627	7.2e-06	0.31628452708258514	0.3162882230679328	0.31629402185529987	2.532106943047565e-06
97.0	1001.7826859469627	7.6e-06	0.31628321287456185	0.31628629921267376	0.31629089928947707	1.9999733155785805e-06
97.0	1001.7826859469627	8e-06	0.3162821403423912	0.3162846251969799	0.3162881145319929	1.5114801050598496e-06
97.0	1001.7826859469627	8.4e-06	0.3162809504425219	0.31628302951908943	0.31628558239404825	1.1173915883168247e-06
97.0	1001.7826859469627	8.8e-06	0.31628038888266286	0.31628155025415855	0.3162832306718828	7.319517088719315e-07
97.0	1001.7826859469627	9.2e-06	0.31627936963113434	0.31628007498305305	0.31628099735769766	4.17997297082562e-07
97.0	1001.7826859469627	9.600000000000001e-06	0.31627823514900655	0.31627861148924924	0.3162788493758226	1.4043638695743784e-07
97.0	1001.7826859469627	9.999999999999999e-06	0.3162766311248104	0.316277163049815	0.3162774587776953	1.8277634688352742e-07
97.0	1001.7826859469627	1.04e-05	0.31627443496000485	0.31627573310138357	0.31627687115076686	5.104287121852457e-07
97.0	1001.7826859469627	1.08e-05	0.31627214628249867	0.31627424489171907	0.31627577376176763	8.453545469659789e-07
97.0	1001.7826859469627	1.1200000000000001e-05	0.3162697056335997	0.3162727199743278	0.31627477339896704	1.2463113448030771e-06
97.0	1001.7826859469627	1.16e-05	0.31626704566460795	0.31627104134566303	0.31627366062332296	1.6813518226863093e-06
97.0	1001.7826859469627	1.2e-05	0.3162640905411358	0.31626919708373047	0.31627241229999115	2.2126203606978585e-06
97.0	1001.7826859469627	1.24e-05	0.31626075868555237	0.3162668634102449	0.3162707269828662	2.7647079356055867e-06
97.0	1001.7826859469627	1.28e-05	0.31625696371766665	0.3162641123652459	0.31626916441166664	3.489323512724728e-06
97.0	1001.7826859469627	1.32e-05	0.31625268077845714	0.3162603336095663	0.3162665557396229	4.264009458275327e-06
97.0	1001.7826859469627	1.36e-05	0.3162479563132674	0.31625498356605863	0.3162625889364552	5.057955436841568e-06
97.0	1001.7826859469627	1.4e-05	0.3162425359363237	0.31624276714582356	0.3162430165439929	1.1698177808295655e-07
97.0	1001.7826859469627	1.44e-05	0.3162227712698824	0.3162305232801416	0.3162380669170757	5.21839687337486e-06
97.0	1001.7826859469627	1.48e-05	0.31621894416115204	0.3162253096199569	0.31623345134886627	4.4215264460430195e-06
97.0	1001.7826859469627	1.52e-05	0.31621649755817227	0.31622170475542116	0.3162293390882045	3.6558306111688314e-06
97.0	1001.7826859469627	1.56e-05	0.3162150693098118	0.3162191539836175	0.3162257670012645	2.9552403501747668e-06
97.0	1001.7826859469627	1.6e-05	0.316213574607735	0.3162170380998574	0.31622269809125214	2.4329440203674743e-06
97.0	1001.7826859469627	1.6400000000000002e-05	0.3162125041826833	0.3162154388773657	0.3162200513236879	1.9414305778856395e-06
97.0	1001.7826859469627	1.68e-05	0.3162115782645252	0.316214032157552	0.31621773986508916	1.547343659602388e-06
97.0	1001.7826859469627	1.7199999999999998e-05	0.31621077122639374	0.3162128171883798	0.3162156892664676	1.1869486181539787e-06
97.0	1001.7826859469627	1.76e-05	0.3162099220706738	0.31621166402295187	0.31621383577579554	8.97858913160864e-07
97.0	1001.7826859469627	1.8e-05	0.3162095253464008	0.3162106023300059	0.31621212572970325	6.168814939226533e-07
97.0	1001.7826859469627	1.84e-05	0.3162088260225957	0.3162095467131651	0.31621051347191287	3.9122876238010646e-07
97.0	1001.7826859469627	1.88e-05	0.31620805181178646	0.31620850333114825	0.3162089588994901	1.9315431867920231e-07
97.0	1001.7826859469627	1.9200000000000003e-05	0.3162072693769895	0.31620747451439735	0.316207675545253	8.002238224140638e-08
97.0	1001.7826859469627	1.9600000000000002e-05	0.3162058473307674	0.3162064620949583	0.3162071156339872	2.723927843005294e-07
97.0	1001.7826859469627	1.9999999999999998e-05	0.3162042472622302	0.31620541661691454	0.31620632050420827	5.000102504596082e-07
97.0	1001.7826859469627	2.04e-05	0.31620255434352007	0.31620435091081706	0.31620559727742936	7.72816943446182e-07
97.0	1001.7826859469627	2.08e-05	0.3162007230058643	0.31620318925933205	0.3162047974793971	1.0684631790670363e-06
97.0	1001.7826859469627	2.12e-05	0.316198702407795	0.31620192230171285	0.3162039311627707	1.428852270920506e-06
97.0	1001.7826859469627	2.16e-05	0.3161964388702003	0.3162003343809461	0.3162027810116763	1.8009750583853745e-06
97.0	1001.7826859469627	2.2e-05	0.31619387694589474	0.3161984718462241	0.31620171860508517	2.286988641226854e-06
97.0	1001.7826859469627	2.2400000000000002e-05	0.31619099617583313	0.3161959306746209	0.31619995791688993	2.8040985291488928e-06
97.0	1001.7826859469627	2.28e-05	0.31618783188456145	0.3161923512392253	0.31619729996236323	3.332752192120881e-06
97.0	1001.7826859469627	2.32e-05	0.316183962270828	0.3161842340331502	0.31618453379002354	1.3146348144065488e-07
97.0	1001.7826859469627	2.36e-05	0.31617085805031575	0.3161760859536878	0.31618124428563643	3.5008984282366123e-06
97.0	1001.7826859469627	2.4e-05	0.3161683399059374	0.316172640916768	0.31617818905633843	2.9706088393699725e-06
97.0	1001.7826859469627	2.44e-05	0.3161667425867094	0.31617027219025046	0.3161754792741114	2.4628534801281853e-06
97.0	1001.7826859469627	2.48e-05	0.31616581738575	0.31616860900590205	0.31617313791623136	2.000875224906931e-06
97.0	1001.7826859469627	2.5200000000000003e-05	0.3161648559259591	0.3161672379340269	0.31617114029079474	1.6584356061211004e-06
97.0	1001.7826859469627	2.56e-05	0.31616417621213255	0.3161662149336376	0.3161694294507029	1.3384533374515977e-06
97.0	1001.7826859469627	2.6e-05	0.31616358865049143	0.31616532456280555	0.31616794873135845	1.0832637971523274e-06
97.0	1001.7826859469627	2.64e-05	0.31616308567674967	0.31616456792025766	0.31616664882765555	8.509514183258152e-07
97.0	1001.7826859469627	2.68e-05	0.31616256386963126	0.316163856500359	0.3161654879267255	6.671172028038428e-07
97.0	1001.7826859469627	2.72e-05	0.3161623281296544	0.3161632114540939	0.3161644313007077	4.904403950107573e-07
97.0	1001.7826859469627	2.76e-05	0.3161619047298245	0.31616257451538243	0.3161634499593484	3.527461627501759e-07
97.0	1001.7826859469627	2.8e-05	0.3161614409756375	0.3161619502204087	0.3161625190935675	2.3444660621751082e-07
97.0	1001.7826859469627	2.8400000000000003e-05	0.31616097885955696	0.31616133995876944	0.3161616165742638	1.2679306193271094e-07
97.0	1001.7826859469627	2.88e-05	0.31616053358552243	0.3161607439717125	0.316160978660017	7.883056432301712e-08
97.0	1001.7826859469627	2.92e-05	0.31615969795878396	0.3161601398764084	0.3161605225417743	1.7227798411752076e-07
97.0	1001.7826859469627	2.96e-05	0.3161588234973358	0.31615953193330243	0.3161601117795927	3.1178344422036346e-07
97.0	1001.7826859469627	2.9999999999999997e-05	0.31615785322001955	0.31615888563651057	0.31615965854172323	4.668196635247868e-07
97.0	1001.7826859469627	3.04e-05	0.31615676924267344	0.31615819383301874	0.3161591787814455	6.553714508915799e-07
97.0	1001.7826859469627	3.0799999999999996e-05	0.3161555747555882	0.3161573490744952	0.3161585289059339	8.475391390037783e-07
97.0	1001.7826859469627	3.12e-05	0.3161542466712195	0.3161563719690912	0.3161579634858658	1.095162522610728e-06
97.0	1001.7826859469627	3.16e-05	0.31615277058077673	0.31615506378867214	0.3161570416967967	1.3548210034762464e-06
97.0	1001.7826859469627	3.2e-05	0.31615108799807246	0.3161532482430379	0.31615567984142867	1.61788058582745e-06
97.0	1001.7826859469627	3.2399999999999995e-05	0.3161489487342646	0.3161492149790003	0.3161495104803569	1.32144987600461e-07
97.0	1001.7826859469627	3.2800000000000004e-05	0.3161424705244462	0.3161451498350114	0.31614788121177106	1.7870042055318862e-06
97.0	1001.7826859469627	3.32e-05	0.3161412517824074	0.3161434677950789	0.3161463862347711	1.5221077343849707e-06
97.0	1001.7826859469627	3.36e-05	0.3161404973852848	0.3161423311588264	0.31614507864915176	1.2714794404507212e-06
97.0	1001.7826859469627	3.4e-05	0.31614007126588106	0.316141552520345	0.316143971045431	1.0473734745881666e-06
97.0	1001.7826859469627	3.4399999999999996e-05	0.3161396393484246	0.31614092366424135	0.31614304333349885	8.842535952110355e-07
97.0	1001.7826859469627	3.4800000000000006e-05	0.31613934685300027	0.31614047479589275	0.3161422677079715	7.350764099103953e-07
97.0	1001.7826859469627	3.52e-05	0.31613909637436155	0.3161400987774439	0.3161416167046953	6.182700706055327e-07
97.0	1001.7826859469627	3.56e-05	0.31613889531346473	0.3161397985261585	0.3161410661094326	5.134335643570856e-07
97.0	1001.7826859469627	3.6e-05	0.3161386981167409	0.3161395268944582	0.31614059597566513	4.3416486285826024e-07
97.0	1001.7826859469627	3.64e-05	0.31613862239240564	0.3161392964663197	0.31614019041231156	3.606909415955722e-07
97.0	1001.7826859469627	3.68e-05	0.3161384733571735	0.31613907609649083	0.31613983696058234	3.0909243898884286e-07
97.0	1001.7826859469627	3.72e-05	0.31613831922454505	0.31613886867706	0.3161395259193691	2.6927569298037656e-07
97.0	1001.7826859469627	3.76e-05	0.31613817568834435	0.3161386746457158	0.316139249747569	2.3606505721583526e-07
97.0	1001.7826859469627	3.7999999999999995e-05	0.3161380530242832	0.316138492664438	0.3161390025720783	2.0791248751174155e-07
97.0	1001.7826859469627	3.8400000000000005e-05	0.3161379536111726	0.3161383270579324	0.3161387797939925	1.8376142862295368e-07
97.0	1001.7826859469627	3.88e-05	0.316137852600904	0.31613817361175683	0.31613857777626375	1.618475554307686e-07
97.0	1001.7826859469627	3.9200000000000004e-05	0.31613778111101354	0.3161380383744172	0.3161383935953115	1.4064889382665674e-07
97.0	1001.7826859469627	3.96e-05	0.31613768818217647	0.3161379162703956	0.31613822483827203	1.2003143147368698e-07
97.0	1001.7826859469627	3.9999999999999996e-05	0.31613760032749205	0.31613780619078496	0.3161380694231761	1.0338722564446935e-07
97.0	1001.7826859469627	4.0400000000000006e-05	0.3161375233645698	0.31613770287761384	0.31613792541895513	8.840325703563115e-08
97.0	1001.7826859469627	4.08e-05	0.3161374603458613	0.31613760790117756	0.3161377909151373	7.65976225880858e-08
97.0	1001.7826859469627	4.12e-05	0.3161373977521045	0.31613752092289954	0.3161376645647973	6.69486561398304e-08
97.0	1001.7826859469627	4.16e-05	0.3161373278013908	0.3161374434008479	0.31613755429833823	6.106003359780983e-08
97.0	1001.7826859469627	4.2e-05	0.3161372834310825	0.31613739825571063	0.3161374972937514	5.677063250812425e-08
98.0	1012.8819578347269	0.0	0.3216306362339161	0.3216337298879191	0.32163527047135787	1.0196023200192373e-06
98.0	1012.8819578347269	4e-07	0.3216286561465198	0.32163183240054677	0.32163345444850755	1.0570684315085465e-06
98.0	1012.8819578347269	8e-07	0.3216264772235329	0.32162995484956125	0.32163195608903106	1.178682397374436e-06
98.0	1012.8819578347269	1.2000000000000002e-06	0.3216240861205213	0.321628101205006	0.3216311141382233	1.4146808407017369e-06
98.0	1012.8819578347269	1.6e-06	0.3216214500050434	0.3216261478831559	0.3216295243970908	1.7034830646442112e-06
98.0	1012.8819578347269	2e-06	0.32161851872371106	0.3216241455024579	0.32162809126725556	2.115880281851022e-06
98.0	1012.8819578347269	2.4000000000000003e-06	0.3216152245745061	0.3216219249868921	0.32162647777236764	2.605958201243693e-06
98.0	1012.8819578347269	2.8000000000000003e-06	0.32161148325804056	0.3216194764738494	0.32162478174096787	3.237339293181772e-06
98.0	1012.8819578347269	3.2e-06	0.32160719060896437	0.32161636360655	0.32162245650047705	3.916117348159221e-06
98.0	1012.8819578347269	3.6e-06	0.3216022571023851	0.3216126974200225	0.3216203457085074	4.838139659433273e-06
98.0	1012.8819578347269	4e-06	0.3215966481647081	0.32160765024282434	0.32161681688806976	5.834136686301798e-06
98.0	1012.8819578347269	4.4e-06	0.32159042957588646	0.32160049914302896	0.32161145865338003	6.859239931100395e-06
98.0	1012.8819578347269	4.800000000000001e-06	0.3215834365367831	0.3215841414504035	0.3215847916786565	3.324025305740696e-07
98.0	1012.8819578347269	5.2e-06	0.32155778677259494	0.321567803680772	0.3215773834123663	6.921428053118771e-06
98.0	1012.8819578347269	5.600000000000001e-06	0.32155260801443397	0.3215608222869459	0.3215712234805759	5.856888515565149e-06
98.0	1012.8819578347269	6e-06	0.32154928316146236	0.3215559812524037	0.3215657477950904	4.834178517108509e-06
98.0	1012.8819578347269	6.4e-06	0.32154733276252667	0.32155254224321445	0.32156097791461935	3.896067108602789e-06
98.0	1012.8819578347269	6.8e-06	0.32154528913870717	0.3215496808874466	0.32155686239233905	3.1951408297486318e-06
98.0	1012.8819578347269	7.2e-06	0.3215438101000663	0.32154750505447877	0.3215533030031006	2.5320283909088726e-06
98.0	1012.8819578347269	7.6e-06	0.32154249557372694	0.32154558114575055	0.32155018038023897	1.9998907171626475e-06
98.0	1012.8819578347269	8e-06	0.32154142325817503	0.32154390707397024	0.32154739556215706	1.5113926736060087e-06
98.0	1012.8819578347269	8.4e-06	0.32154023333450343	0.32154231134389194	0.3215448633585005	1.117293075094859e-06
98.0	1012.8819578347269	8.8e-06	0.32153967169154996	0.3215408320202516	0.32154251156388547	7.318508993516319e-07
98.0	1012.8819578347269	9.2e-06	0.3215386508602638	0.32153935668792344	0.321540278168845	4.179005830116926e-07
98.0	1012.8819578347269	9.600000000000001e-06	0.3215375161757228	0.3215378931307083	0.3215381317170829	1.4040552834009715e-07
98.0	1012.8819578347269	9.999999999999999e-06	0.32153591176829455	0.32153644462588	0.321536740902042	1.8299692071525207e-07
98.0	1012.8819578347269	1.04e-05	0.3215337154871394	0.3215350146103335	0.32153615384957757	5.106335148420638e-07
98.0	1012.8819578347269	1.08e-05	0.3215314266760334	0.32153352632013477	0.3215350563813013	8.455650525210557e-07
98.0	1012.8819578347269	1.1200000000000001e-05	0.3215289858727539	0.32153200132189796	0.32153405570375604	1.2465461127443438e-06
98.0	1012.8819578347269	1.16e-05	0.3215263257241672	0.32153032259428727	0.3215329431430005	1.6816172840205091e-06
98.0	1012.8819578347269	1.2e-05	0.3215233703904552	0.3215284782136847	0.3215316947227409	2.2129209882205677e-06
98.0	1012.8819578347269	1.24e-05	0.3215200382579555	0.32152614437376525	0.32153000932878406	2.7650426897830506e-06
98.0	1012.8819578347269	1.28e-05	0.32151624300139847	0.32152339313582995	0.3215284466434216	3.489714803063759e-06
98.0	1012.8819578347269	1.32e-05	0.3215119597277605	0.3215196141122096	0.3215258378103405	4.26447855358787e-06
98.0	1012.8819578347269	1.36e-05	0.32150723488502475	0.3215142636757856	0.3215218707677465	5.058528017806266e-06
98.0	1012.8819578347269	1.4e-05	0.3215018151436757	0.32150204619789896	0.3215022947270443	1.1675662798401563e-07
98.0	1012.8819578347269	1.44e-05	0.32148204976118055	0.32148980134959954	0.321497344682105	5.218678206171011e-06
98.0	1012.8819578347269	1.48e-05	0.3214782222330914	0.32148458719853445	0.32149272871563284	4.421780080878181e-06
98.0	1012.8819578347269	1.52e-05	0.3214757753612041	0.32148098198249275	0.3214886160922754	3.6560351231771945e-06
98.0	1012.8819578347269	1.56e-05	0.32147434697179644	0.321478430957769	0.3214850436826824	2.9553838869561807e-06
98.0	1012.8819578347269	1.6e-05	0.32147285207093734	0.32147631486528916	0.3214819744890294	2.433034129529912e-06
98.0	1012.8819578347269	1.6400000000000002e-05	0.32147178154339695	0.3214747154710475	0.3214793274683103	1.9414725155046075e-06
98.0	1012.8819578347269	1.68e-05	0.32147085546253784	0.3214733085904302	0.3214770157794389	1.5473490185448177e-06
98.0	1012.8819578347269	1.7199999999999998e-05	0.3214700483471482	0.32147209347251104	0.32147496496670414	1.1869165684244018e-06
98.0	1012.8819578347269	1.76e-05	0.3214691991015961	0.3214709401669174	0.3214731112719891	8.977864832527915e-07
98.0	1012.8819578347269	1.8e-05	0.32146880226436814	0.321469878334698	0.32147140102649985	6.167682636732984e-07
98.0	1012.8819578347269	1.84e-05	0.3214681028297841	0.3214688225767038	0.3214697885690656	3.9106804969191515e-07
98.0	1012.8819578347269	1.88e-05	0.3214673284915328	0.3214677790525331	0.32146823379218326	1.9291172654100641e-07
98.0	1012.8819578347269	1.9200000000000003e-05	0.3214665459296908	0.3214667500930698	0.32146695078938414	7.97704456473934e-08
98.0	1012.8819578347269	1.9600000000000002e-05	0.3214651217900313	0.32146573753076435	0.3214663907522102	2.724840722944513e-07
98.0	1012.8819578347269	1.9999999999999998e-05	0.321463521476562	0.32146469189508714	0.32146559536934216	5.001759439598555e-07
98.0	1012.8819578347269	2.04e-05	0.3214618282875392	0.3214636260302692	0.3214648733961134	7.730468802763105e-07
98.0	1012.8819578347269	2.08e-05	0.32145999664691516	0.3214624641968267	0.3214640730995404	1.0687532126162765e-06
98.0	1012.8819578347269	2.12e-05	0.3214579757046714	0.3214611970320752	0.321463207260166	1.4292080402932502e-06
98.0	1012.8819578347269	2.16e-05	0.3214557117722254	0.32145960883730884	0.3214620569500566	1.8013929553451318e-06
98.0	1012.8819578347269	2.2e-05	0.3214531493781001	0.3214577459855032	0.32146099435394593	2.287497312794927e-06
98.0	1012.8819578347269	2.2400000000000002e-05	0.32145026808969224	0.3214552043805772	0.3214592333845143	2.8047196789210247e-06
98.0	1012.8819578347269	2.28e-05	0.3214471032211925	0.3214516243236864	0.32145657501606095	3.33351107976168e-06
98.0	1012.8819578347269	2.32e-05	0.32144323489722915	0.3214435055565696	0.32144380452179444	1.3110174575031458e-07
98.0	1012.8819578347269	2.36e-05	0.3214301280936658	0.3214353559814455	0.32144051439739396	3.501405493089363e-06
98.0	1012.8819578347269	2.4e-05	0.3214276093745143	0.3214319102417951	0.3214374585844917	2.9710548640088023e-06
98.0	1012.8819578347269	2.44e-05	0.3214260116910763	0.3214295410204053	0.32143474827759544	2.463218799195741e-06
98.0	1012.8819578347269	2.48e-05	0.32142508629650113	0.321427877485105	0.32143240645974736	2.0011510534853954e-06
98.0	1012.8819578347269	2.5200000000000003e-05	0.32142412458147884	0.3214265061251303	0.3214304084419517	1.6586377235695596e-06
98.0	1012.8819578347269	2.56e-05	0.32142344473036033	0.32142548289689	0.321428697253455	1.338588447849521e-06
98.0	1012.8819578347269	2.6e-05	0.3214228569702504	0.32142459231917	0.32142721622489656	1.083346923047405e-06
98.0	1012.8819578347269	2.64e-05	0.3214223538940848	0.32142383549186837	0.3214259160415853	8.509831531280098e-07
98.0	1012.8819578347269	2.68e-05	0.3214218319741162	0.32142312389955746	0.3214247548822513	6.670983521882152e-07
98.0	1012.8819578347269	2.72e-05	0.32142159611464116	0.3214224786878177	0.3214236980118299	4.903710671609236e-07
98.0	1012.8819578347269	2.76e-05	0.321421172585759	0.32142184158337544	0.3214227164338581	3.526267677541557e-07
98.0	1012.8819578347269	2.8e-05	0.32142070868419026	0.32142121712374894	0.3214217853337731	2.3426536275636106e-07
98.0	1012.8819578347269	2.8400000000000003e-05	0.32142024642317324	0.3214206066990738	0.32142088257741186	1.2650505514253851e-07
98.0	1012.8819578347269	2.88e-05	0.32141980074153764	0.32142001055080205	0.32142024490391297	7.855194273172257e-08
98.0	1012.8819578347269	2.92e-05	0.32141896488514643	0.3214194062834292	0.32141978852430064	1.7227756173663906e-07
98.0	1012.8819578347269	2.96e-05	0.321418090177672	0.32141879816978325	0.3214193778236565	3.119041459551762e-07
98.0	1012.8819578347269	2.9999999999999997e-05	0.32141711815414453	0.321418151684718	0.3214189243839858	4.67017398320994e-07
98.0	1012.8819578347269	3.04e-05	0.3214160338440033	0.3214174596732756	0.32141844433668165	6.556423406363178e-07
98.0	1012.8819578347269	3.0799999999999996e-05	0.321414838982661	0.321416614649495	0.3214177943115253	8.478728334681854e-07
98.0	1012.8819578347269	3.12e-05	0.3214135104749012	0.3214156372430379	0.3214172286414785	1.0955833357938964e-06
98.0	1012.8819578347269	3.16e-05	0.32141203389399653	0.32141432866227976	0.32141630655518405	1.3553472678109862e-06
98.0	1012.8819578347269	3.2e-05	0.3214103522612417	0.3214125125534061	0.32141494434389095	1.6185354575970098e-06
98.0	1012.8819578347269	3.2399999999999995e-05	0.321408212613731	0.32140847789814675	0.3214087727276116	1.3182042420514881e-07
98.0	1012.8819578347269	3.2800000000000004e-05	0.3214017320903926	0.3214044114156762	0.3214071429072023	1.7874567138063525e-06
98.0	1012.8819578347269	3.32e-05	0.32140051283215243	0.321402728750864	0.32140564741508904	1.5225076019577967e-06
98.0	1012.8819578347269	3.36e-05	0.32139975811492505	0.32140159167846843	0.32140433937045465	1.2718076700348464e-06
98.0	1012.8819578347269	3.4e-05	0.32139933183364544	0.3214008127354964	0.3214032313700672	1.0476213370773548e-06
98.0	1012.8819578347269	3.4399999999999996e-05	0.3213988996899442	0.32140018363237766	0.32140230331752484	8.844358992498446e-07
98.0	1012.8819578347269	3.4800000000000006e-05	0.3213986070877537	0.3213997345719699	0.3214015273981028	7.352004720758204e-07
98.0	1012.8819578347269	3.52e-05	0.32139835642817616	0.32139935838219374	0.3214008761386413	6.18349157690072e-07
98.0	1012.8819578347269	3.56e-05	0.3213981552895149	0.32139905798090446	0.3214003253166826	5.134693725274961e-07
98.0	1012.8819578347269	3.6e-05	0.3213979580088768	0.32139878621165047	0.32139985497873536	4.341598819131714e-07
98.0	1012.8819578347269	3.64e-05	0.3213978821768748	0.32139855565399805	0.3213994492280339	3.606487350818196e-07
98.0	1012.8819578347269	3.68e-05	0.321397733032871	0.3213983351557227	0.3213990956012793	3.0902067894262445e-07
98.0	1012.8819578347269	3.72e-05	0.3213975787751382	0.3213981276102977	0.32139878439384884	2.6917806664370185e-07
98.0	1012.8819578347269	3.76e-05	0.3213974351184907	0.321397933456005	0.3213985080619777	2.3594165053794812e-07
98.0	1012.8819578347269	3.7999999999999995e-05	0.32139731233764035	0.3213977513549697	0.3213982607306072	2.0776084530533608e-07
98.0	1012.8819578347269	3.8400000000000005e-05	0.32139721283638956	0.32139758562491066	0.3213980377994776	1.8358646629969967e-07
98.0	1012.8819578347269	3.88e-05	0.3213971117150205	0.32139743206163846	0.32139783563069546	1.6163978985430336e-07
98.0	1012.8819578347269	3.9200000000000004e-05	0.3213970401166284	0.32139729670430883	0.32139765130027076	1.4039992171488238e-07
98.0	1012.8819578347269	3.96e-05	0.3213969471293696	0.3213971744778538	0.3213974823953132	1.197371891585079e-07
98.0	1012.8819578347269	3.9999999999999996e-05	0.32139685916060134	0.3213970642618187	0.3213973268341421	1.0305084182362975e-07
98.0	1012.8819578347269	4.0400000000000006e-05	0.3213967820867438	0.32139696081802693	0.32139718268623696	8.801371166392452e-08
98.0	1012.8819578347269	4.08e-05	0.32139671896964117	0.3213968657144285	0.3213970480421029	7.615221195198277e-08
98.0	1012.8819578347269	4.12e-05	0.32139665633408665	0.32139677862091054	0.3213969215578558	6.644979564560614e-08
98.0	1012.8819578347269	4.16e-05	0.32139658626969947	0.32139670099253276	0.3213968112021348	6.053243748240239e-08
98.0	1012.8819578347269	4.2e-05	0.32139654193711475	0.3213966556867443	0.3213967541752334	5.6247266413403866e-08
99.0	1023.9812297224911	0.0	0.3269074445390334	0.32691053892846245	0.3269120803236403	1.0199550230847416e-06
99.0	1023.9812297224911	4e-07	0.3269054644495162	0.3269086414393304	0.3269102644577595	1.0574132603893354e-06
99.0	1023.9812297224911	8e-07	0.3269032855188483	0.32690676388440326	0.32690876610158615	1.1790055509494516e-06
99.0	1023.9812297224911	1.2000000000000002e-06	0.3269008944029297	0.3269049102343902	0.3269079241991575	1.4149734359528874e-06
99.0	1023.9812297224911	1.6e-06	0.32689825826958874	0.326902956899621	0.32690633441366046	1.7037430950452708e-06
99.0	1023.9812297224911	2e-06	0.32689532696569223	0.3269009545098805	0.32690490124141025	2.116114968063348e-06
99.0	1023.9812297224911	2.4000000000000003e-06	0.3268920327894014	0.3268987339796328	0.3269032877890501	2.606172782945503e-06
99.0	1023.9812297224911	2.8000000000000003e-06	0.32688829144136644	0.32689628544838795	0.32690159171438804	3.2375335161685015e-06
99.0	1023.9812297224911	3.2e-06	0.3268839986757106	0.3268931725546691	0.3268992664903907	3.916291807933119e-06
99.0	1023.9812297224911	3.6e-06	0.3268790651327569	0.3268895063492505	0.32689715567065303	4.838303172046144e-06
99.0	1023.9812297224911	4e-06	0.3268734561545701	0.3268844591591463	0.32689362685251133	5.834307522253535e-06
99.0	1023.9812297224911	4.4e-06	0.3268672375206556	0.32687730804498677	0.3268882686501211	6.859442414739925e-06
99.0	1023.9812297224911	4.800000000000001e-06	0.3268602445521873	0.32686095021371636	0.32686160127942454	3.329414375170957e-07
99.0	1023.9812297224911	5.2e-06	0.32683459641368984	0.3268446123649571	0.3268541929456319	6.921360143251313e-06
99.0	1023.9812297224911	5.600000000000001e-06	0.32682941753051953	0.3268376308729274	0.32684803130536366	5.856845569004228e-06
99.0	1023.9812297224911	6e-06	0.3268260925977895	0.3268327897601596	0.3268425555584704	4.834141112755609e-06
99.0	1023.9812297224911	6.4e-06	0.3268241421710325	0.3268293506926552	0.3268377856186184	3.896021102231246e-06
99.0	1023.9812297224911	6.8e-06	0.3268220984659367	0.3268264892898764	0.32683367001566754	3.1950812944882847e-06
99.0	1023.9812297224911	7.2e-06	0.3268206194086689	0.3268243134091932	0.3268301105720548	2.5319592837261214e-06
99.0	1023.9812297224911	7.6e-06	0.32681930459169717	0.3268223894502362	0.32682698789310116	1.999815668459049e-06
99.0	1023.9812297224911	8e-06	0.32681823247232433	0.32682071532511237	0.3268242030157964	1.5113121910229013e-06
99.0	1023.9812297224911	8.4e-06	0.3268170425257102	0.3268191195448194	0.3268216707482674	1.1172019599428555e-06
99.0	1023.9812297224911	8.8e-06	0.32681648080602876	0.32681764016498077	0.32681931888356	7.317569998305501e-07
99.0	1023.9812297224911	9.2e-06	0.3268154584723799	0.32681616477392456	0.3268170854105872	4.1781047413214813e-07
99.0	1023.9812297224911	9.600000000000001e-06	0.3268143235988834	0.3268147011555589	0.3268149404034366	1.4037966296527645e-07
99.0	1023.9812297224911	9.999999999999999e-06	0.3268127188458987	0.3268132525873604	0.32681354938672946	1.8320726022737466e-07
99.0	1023.9812297224911	1.04e-05	0.32681052245339526	0.32681182250669466	0.326812962855751	5.108269251613708e-07
99.0	1023.9812297224911	1.08e-05	0.3268082335146536	0.32681033413878235	0.32681186531112516	8.457636214011433e-07
99.0	1023.9812297224911	1.1200000000000001e-05	0.3268057925640955	0.32680880906196164	0.3268108643409091	1.2467669241529828e-06
99.0	1023.9812297224911	1.16e-05	0.32680313224437896	0.32680713023786995	0.3268097519717541	1.6818653335556382e-06
99.0	1023.9812297224911	1.2e-05	0.3268001767104973	0.32680528574313483	0.32680850345686707	2.2132018389575868e-06
99.0	1023.9812297224911	1.24e-05	0.32679684431857403	0.3268029517445928	0.3268068179907937	2.7653559807458136e-06
99.0	1023.9812297224911	1.28e-05	0.3267930487876427	0.32680020032256774	0.3268052551917249	3.4900810443146983e-06
99.0	1023.9812297224911	1.32e-05	0.32678876519592226	0.32679642104402445	0.32680264620447375	4.264918094529441e-06
99.0	1023.9812297224911	1.36e-05	0.3267840399936395	0.32679107023388976	0.3267986789339954	5.059064328586413e-06
99.0	1023.9812297224911	1.4e-05	0.32677862085319376	0.32677885175258625	0.3267790994586921	1.1654747934784462e-07
99.0	1023.9812297224911	1.44e-05	0.32675885473229993	0.3267666059569745	0.3267741490137084	5.218958496665475e-06
99.0	1023.9812297224911	1.48e-05	0.326755026801715	0.32676139133452736	0.3267695326655131	4.422031887360743e-06
99.0	1023.9812297224911	1.52e-05	0.3267525796725703	0.32675778578103176	0.3267654196941647	3.6562390329418117e-06
99.0	1023.9812297224911	1.56e-05	0.32675115115267683	0.326755234514003	0.3267618469748914	2.95552857630988e-06
99.0	1023.9812297224911	1.6e-05	0.3267496560604881	0.32675311822135383	0.32675877751769544	2.4331277114937345e-06
99.0	1023.9812297224911	1.6400000000000002e-05	0.326748585436742	0.32675151866350666	0.3267561302546369	1.941519438870952e-06
99.0	1023.9812297224911	1.68e-05	0.3267476592036296	0.3267501116309763	0.32675381834564377	1.5473592405584018e-06
99.0	1023.9812297224911	1.7199999999999998e-05	0.3267468520190526	0.32674889637215737	0.32675176732859423	1.1868905518613185e-06
99.0	1023.9812297224911	1.76e-05	0.3267460026889264	0.3267477429333563	0.3267499134395626	8.977221582631585e-07
99.0	1023.9812297224911	1.8e-05	0.32674560574120814	0.3267466809690874	0.32674820300457785	6.166649190615569e-07
99.0	1023.9812297224911	1.84e-05	0.32674490620199936	0.326745625077252	0.32674659035781684	3.909198126937824e-07
99.0	1023.9812297224911	1.88e-05	0.32674413174759476	0.326744581418067	0.3267450353874519	1.92687037259252e-07
99.0	1023.9812297224911	1.9200000000000003e-05	0.32674334906395863	0.32674355232285107	0.3267437527133774	7.953639790383452e-08
99.0	1023.9812297224911	1.9600000000000002e-05	0.32674192296493576	0.3267425396246973	0.32674319252672035	2.725682029510184e-07
99.0	1023.9812297224911	1.9999999999999998e-05	0.32674032242066	0.3267414938395425	0.3267423969035237	5.003292398912893e-07
99.0	1023.9812297224911	2.04e-05	0.3267386289773828	0.32674042782390594	0.32674167611982874	7.732595603143085e-07
99.0	1023.9812297224911	2.08e-05	0.3267367970522832	0.3267392658175066	0.3267408753431056	1.0690204669357613e-06
99.0	1023.9812297224911	2.12e-05	0.3267347757873589	0.32673799845735685	0.32674000995954167	1.4295362072418228e-06
99.0	1023.9812297224911	2.16e-05	0.32673251148516425	0.3267364100056133	0.32673885950025383	1.8017790041464705e-06
99.0	1023.9812297224911	2.2e-05	0.3267299486660944	0.32673454685674996	0.3267377967219849	2.2879674890294573e-06
99.0	1023.9812297224911	2.2400000000000002e-05	0.3267270668935476	0.32673200484713205	0.32673603548756613	2.8052945251762697e-06
99.0	1023.9812297224911	2.28e-05	0.326723901485761	0.32672842421050524	0.32673337672801495	3.334213615517264e-06
99.0	1023.9812297224911	2.32e-05	0.3267200343495915	0.3267203039878336	0.3267206022038831	1.3076432502864272e-07
99.0	1023.9812297224911	2.36e-05	0.3267069251123118	0.32671215300580436	0.3267173114986033	3.5018884898974635e-06
99.0	1023.9812297224911	2.4e-05	0.32670440585852933	0.32670870660569773	0.3267142551385831	2.971479513338302e-06
99.0	1023.9812297224911	2.44e-05	0.3267028078359884	0.326706336919632	0.3267115443396804	2.46356728381728e-06
99.0	1023.9812297224911	2.48e-05	0.326701882264385	0.3267046730556201	0.32670920209060306	2.0014149913794956e-06
99.0	1023.9812297224911	2.5200000000000003e-05	0.3267009203128248	0.3267033014261121	0.3267072037264569	1.658832383549181e-06
99.0	1023.9812297224911	2.56e-05	0.32670024033534073	0.32670227798584855	0.3267054922128354	1.3387197856651204e-06
99.0	1023.9812297224911	2.6e-05	0.3266996523998733	0.32670138721673103	0.32670401089633394	1.0834284221989058e-06
99.0	1023.9812297224911	2.64e-05	0.326699149234301	0.32670063021853885	0.32670271045329624	8.510162639970406e-07
99.0	1023.9812297224911	2.68e-05	0.3266986272124699	0.3266999184666696	0.32670154905458837	6.670843292390735e-07
99.0	1023.9812297224911	2.72e-05	0.3266983912225916	0.326699273102038	0.32670049195840445	4.903100864547065e-07
99.0	1023.9812297224911	2.76e-05	0.32669796757030944	0.32669863584479714	0.3266995101625003	3.52519130589116e-07
99.0	1023.9812297224911	2.8e-05	0.32669750353802396	0.3266980112334209	0.3266985788472221	2.34100269657365e-07
99.0	1023.9812297224911	2.8400000000000003e-05	0.3266970411445014	0.3266974006585945	0.3266976758737412	1.2623998835675583e-07
99.0	1023.9812297224911	2.88e-05	0.32669659510940807	0.3266968043623581	0.3266970383951966	7.828952397518322e-08
99.0	1023.9812297224911	2.92e-05	0.3266957590435444	0.3266961999373373	0.32669658177426797	1.722720310503173e-07
99.0	1023.9812297224911	2.96e-05	0.32669488411232006	0.32669559166765655	0.32669617128609474	3.120102024988622e-07
99.0	1023.9812297224911	2.9999999999999997e-05	0.3266939104453259	0.326694945010933	0.3266957175072056	4.671941453710996e-07
99.0	1023.9812297224911	3.04e-05	0.32669282583330883	0.3266942528105549	0.3266952371982077	6.558857064917088e-07
99.0	1023.9812297224911	3.0799999999999996e-05	0.3266916306333014	0.32669340754631926	0.326694587035786	8.481726318189907e-07
99.0	1023.9812297224911	3.12e-05	0.32669030174313995	0.32669242986836117	0.32669402114282775	1.0959622815670945e-06
99.0	1023.9812297224911	3.16e-05	0.32668882475378247	0.3266911209276838	0.32669309878435104	1.3558218684763162e-06
99.0	1023.9812297224911	3.2e-05	0.3266871440137873	0.3266893043138268	0.32669173624149117	1.6191267930691122e-06
99.0	1023.9812297224911	3.2399999999999995e-05	0.3266850040130018	0.32668526840421774	0.32668556259235526	1.3151590256073725e-07
99.0	1023.9812297224911	3.2800000000000004e-05	0.32667852142142983	0.3266812007161546	0.32668393227410863	1.787861099526891e-06
99.0	1023.9812297224911	3.32e-05	0.32667730171301557	0.3266795174850307	0.3266824363168972	1.5228647027689909e-06
99.0	1023.9812297224911	3.36e-05	0.32667654671365653	0.32667838001797744	0.32668112785747994	1.2720999089841673e-06
99.0	1023.9812297224911	3.4e-05	0.3266761202794415	0.3266776007996489	0.32668001953291004	1.0478408922989548e-06
99.0	1023.9812297224911	3.4399999999999996e-05	0.3266756879447934	0.3266769714742717	0.32667909117321603	8.845950518012793e-07
99.0	1023.9812297224911	3.4800000000000006e-05	0.3266753952413133	0.3266765222410074	0.3266783149891115	7.353062851798022e-07
99.0	1023.9812297224911	3.52e-05	0.3266751444439251	0.32667614589661087	0.3266776634992947	6.184148649496599e-07
99.0	1023.9812297224911	3.56e-05	0.3266749432320015	0.32667584536033667	0.3266771124738428	5.134957707841322e-07
99.0	1023.9812297224911	3.6e-05	0.32667474587797596	0.32667557346753584	0.32667664195291035	4.3414902920258564e-07
99.0	1023.9812297224911	3.64e-05	0.3266746699060805	0.3266753427929859	0.32667623603453944	3.6060479354277147e-07
99.0	1023.9812297224911	3.68e-05	0.32667452065244973	0.32667512217963607	0.3266758822512923	3.0894946119334917e-07
99.0	1023.9812297224911	3.72e-05	0.32667436628500734	0.3266749145217482	0.3266755708953104	2.690823669130184e-07
99.0	1023.9812297224911	3.76e-05	0.3266742225313015	0.3266747202582028	0.3266752944203555	2.35820801939517e-07
99.0	1023.9812297224911	3.7999999999999995e-05	0.32667409966481475	0.32667453805184743	0.32667504694952676	2.0761115936190447e-07
99.0	1023.9812297224911	3.8400000000000005e-05	0.3266740001266024	0.32667437221241147	0.3266748238812598	1.834131876273847e-07
99.0	1023.9812297224911	3.88e-05	0.3266738988982363	0.3266742185462537	0.32667462157681104	1.614336003963034e-07
99.0	1023.9812297224911	3.9200000000000004e-05	0.3266738271981229	0.3266740830849248	0.3266744371117376	1.4015099376512375e-07
99.0	1023.9812297224911	3.96e-05	0.32667373422278523	0.32667396075064875	0.3266742680730532	1.1944269912230974e-07
99.0	1023.9812297224911	3.9999999999999996e-05	0.3266736461564843	0.32667385041092634	0.32667411237931354	1.0271519095660991e-07
99.0	1023.9812297224911	4.0400000000000006e-05	0.32667356898866107	0.3266737468501246	0.3266739681006454	8.762623034430462e-08
99.0	1023.9812297224911	4.08e-05	0.32667350568151043	0.3266736516301097	0.3266738333290302	7.571147397988841e-08
99.0	1023.9812297224911	4.12e-05	0.32667344310187474	0.3266735644315043	0.3266737067252823	6.595883141846448e-08
99.0	1023.9812297224911	4.16e-05	0.32667337291313814	0.326673486702345	0.32667359627928416	6.001611161049305e-08
99.0	1023.9812297224911	4.2e-05	0.3266733286662875	0.32667344133644566	0.32667353929041454	5.5723709321231726e-08
100.0	1035.0805016102552	0.0	0.3322010981577046	0.3322041932120128	0.33220573534434994	1.0202716625841693e-06
100.0	1035.0805016102552	4e-07	0.3321991180672308	0.3322022957215176	0.33220391960841056	1.0577219029639238e-06
100.0	1035.0805016102552	8e-07	0.3321969391331745	0.3322004181639034	0.33220242126817734	1.1792921666258407e-06
100.0	1035.0805016102552	1.2000000000000002e-06	0.3321945480118753	0.33219856451101654	0.3322015794497304	1.4152293294396777e-06
100.0	1035.0805016102552	1.6e-06	0.33219191187176556	0.33219661116774823	0.3321999896233718	1.7039658953827301e-06
100.0	1035.0805016102552	2e-06	0.3321889805604892	0.332194608774254	0.33219855641610785	2.1163105180561034e-06
100.0	1035.0805016102552	2.4000000000000003e-06	0.3321856863771169	0.3321923882380009	0.3321969429981255	2.6063456194218096e-06
100.0	1035.0805016102552	2.8000000000000003e-06	0.3321819450232564	0.33218993970080635	0.33219524689091795	3.2376820946153614e-06
100.0	1035.0805016102552	3.2e-06	0.33217765223042584	0.33218682679993217	0.33219292168645875	3.916415178294174e-06
100.0	1035.0805016102552	3.6e-06	0.33217271868871556	0.3321831606010939	0.3321908108563747	4.838408179552495e-06
100.0	1035.0805016102552	4e-06	0.33216710971528496	0.3321781134371721	0.3321872820577223	5.8344100069344125e-06
100.0	1035.0805016102552	4.4e-06	0.3321608910888001	0.33217096236987464	0.33218192391042134	6.859564793344237e-06
100.0	1035.0805016102552	4.800000000000001e-06	0.3321538982307919	0.3321546045537804	0.3321552564076944	3.3344332372452793e-07
100.0	1035.0805016102552	5.2e-06	0.3321282518020201	0.3321382667716667	0.3321478480757962	6.921243397822418e-06
100.0	1035.0805016102552	5.600000000000001e-06	0.33212307286589926	0.33213128524968294	0.3321416848971248	5.85676128433415e-06
100.0	1035.0805016102552	6e-06	0.3321197478982256	0.33212644411020836	0.33213620914718245	4.83407092458954e-06
100.0	1035.0805016102552	6.4e-06	0.33211779746294035	0.3321230050241638	0.3321314392013903	3.895951647454434e-06
100.0	1035.0805016102552	6.8e-06	0.33211575371434154	0.3321201436100606	0.3321273235900515	3.195005313087685e-06
100.0	1035.0805016102552	7.2e-06	0.33211427465638366	0.3321179677122275	0.3321237641361465	2.531881266364673e-06
100.0	1035.0805016102552	7.6e-06	0.332112959542469	0.332116043732806	0.33212064144337816	1.9997382252784313e-06
100.0	1035.0805016102552	8e-06	0.33211188767916244	0.33211436958350965	0.3321178565482681	1.5112354463405795e-06
100.0	1035.0805016102552	8.4e-06	0.3321106977320474	0.3321127737820267	0.3321153242583277	1.1171205217898608e-06
100.0	1035.0805016102552	8.8e-06	0.3321101359119982	0.3321112943750597	0.3321129723658993	7.316793537231133e-07
100.0	1035.0805016102552	9.2e-06	0.3321091121763322	0.33210981895598235	0.33211073885914466	4.1774193604546647e-07
100.0	1035.0805016102552	9.600000000000001e-06	0.3321079771407982	0.3321083553082108	0.33210859520706393	1.4037730437263293e-07
100.0	1035.0805016102552	9.999999999999999e-06	0.3321063722038291	0.3321069067093623	0.33210720397807947	1.833827517785509e-07
100.0	1035.0805016102552	1.04e-05	0.33210417575467766	0.33210547659766143	0.3321066179761001	5.109761483362895e-07
100.0	1035.0805016102552	1.08e-05	0.3321018867494967	0.33210398818983483	0.3321055203851042	8.45909043626865e-07
100.0	1035.0805016102552	1.1200000000000001e-05	0.3320994457212203	0.33210246307458074	0.3321045191045906	1.2469226818252795e-06
100.0	1035.0805016102552	1.16e-05	0.332096785310557	0.33210078420228784	0.33210340699725105	1.6820358713929862e-06
100.0	1035.0805016102552	1.2e-05	0.332093829669998	0.3320989396492654	0.33210215843167745	2.2133886161527273e-06
100.0	1035.0805016102552	1.24e-05	0.3320904971534775	0.3320966055665752	0.33210047293525413	2.765556313988938e-06
100.0	1035.0805016102552	1.28e-05	0.3320867014755997	0.3320938540516605	0.3320989100846994	3.490309871211423e-06
100.0	1035.0805016102552	1.32e-05	0.33208241771311364	0.33209007464746876	0.3320963010232507	4.2651916686045665e-06
100.0	1035.0805016102552	1.36e-05	0.33207769231705786	0.33208472365323244	0.33209233363954027	5.059403941803012e-06
100.0	1035.0805016102552	1.4e-05	0.3320722738683157	0.3320725046144434	0.3320727515680435	1.1635925034185106e-07
100.0	1035.0805016102552	1.44e-05	0.3320525077005767	0.3320602583182684	0.33206780090646504	5.219060629135321e-06
100.0	1035.0805016102552	1.48e-05	0.332048679540204	0.33205504342073294	0.33206318435050886	4.4221323243212935e-06
100.0	1035.0805016102552	1.52e-05	0.33204623226118546	0.33205143767048784	0.33205907118908407	3.65631862679122e-06
100.0	1035.0805016102552	1.56e-05	0.3320448036584178	0.3320488862638277	0.3320554983003392	2.9555759912444355e-06
100.0	1035.0805016102552	1.6e-05	0.3320433084554706	0.3320467698594525	0.33205242870438667	2.433143642854199e-06
100.0	1035.0805016102552	1.6400000000000002e-05	0.33204223777660946	0.33204517020818247	0.3320497813086165	1.9415086793433658e-06
100.0	1035.0805016102552	1.68e-05	0.3320413114596166	0.3320437630878715	0.33204746927919704	1.5473293388422e-06
100.0	1035.0805016102552	1.7199999999999998e-05	0.3320405042380852	0.332042547747715	0.33204541815031163	1.1868398337365637e-06
100.0	1035.0805016102552	1.76e-05	0.3320396548668745	0.33204139423397533	0.33204356415463465	8.976464123017659e-07
100.0	1035.0805016102552	1.8e-05	0.33203925778979837	0.33204033219353285	0.33204185361515215	6.165648203670754e-07
100.0	1035.0805016102552	1.84e-05	0.33203855817186145	0.3320392762255762	0.33204024086332495	3.90787137278557e-07
100.0	1035.0805016102552	1.88e-05	0.33203778364616454	0.3320382324900949	0.33203868578484563	1.9249058593603594e-07
100.0	1035.0805016102552	1.9200000000000003e-05	0.3320370008976328	0.33203720331871467	0.33203740341298627	7.930621116379447e-08
100.0	1035.0805016102552	1.9600000000000002e-05	0.33203557311518583	0.3320361905456025	0.3320368431465237	2.726122036967937e-07
100.0	1035.0805016102552	1.9999999999999998e-05	0.3320339724395689	0.33203514467609985	0.3320360473450803	5.004252525825901e-07
100.0	1035.0805016102552	2.04e-05	0.3320322788517043	0.33203407857801187	0.3320353276356416	7.733965394575785e-07
100.0	1035.0805016102552	2.08e-05	0.3320304467652475	0.3320329164782688	0.33203452653514454	1.0691951631615235e-06
100.0	1035.0805016102552	2.12e-05	0.33202842531799526	0.3320316490113025	0.3320336616584125	1.429748234280535e-06
100.0	1035.0805016102552	2.16e-05	0.33202616080777236	0.33203006041530314	0.33203251111677723	1.8020219197964162e-06
100.0	1035.0805016102552	2.2e-05	0.33202359775831436	0.33202819710511505	0.332031448258129	2.2882607107171355e-06
100.0	1035.0805016102552	2.2400000000000002e-05	0.3320207157133144	0.33202565487791447	0.3320296868814969	2.805652829575156e-06
100.0	1035.0805016102552	2.28e-05	0.3320175500023499	0.33202207393148764	0.3320270279057116	3.334657958167246e-06
100.0	1035.0805016102552	2.32e-05	0.33201368421290933	0.33201395287258517	0.33201425039300325	1.3044534317335676e-07
100.0	1035.0805016102552	2.36e-05	0.33200057366930213	0.33200580112785555	0.3320109593641076	3.5020990474226444e-06
100.0	1035.0805016102552	2.4e-05	0.33199805411528605	0.3320023543437382	0.3320079026992069	2.9716709929610013e-06
100.0	1035.0805016102552	2.44e-05	0.3319964558975945	0.33199998438825384	0.3320051916262381	2.463721237788869e-06
100.0	1035.0805016102552	2.48e-05	0.3319955302033675	0.3319983203342999	0.33200284913721045	2.001523059900981e-06
100.0	1035.0805016102552	2.5200000000000003e-05	0.3319945681247649	0.3319969485532527	0.332000850570803	1.6588982759206457e-06
100.0	1035.0805016102552	2.56e-05	0.3319938880654707	0.33199592499067193	0.33199913887646115	1.3387501177686278e-06
100.0	1035.0805016102552	2.6e-05	0.33199330005106287	0.3319950341092661	0.3319976574004784	1.0834342669061777e-06
100.0	1035.0805016102552	2.64e-05	0.33199279682808225	0.33199427701241974	0.33199635681396344	8.509940008352458e-07
100.0	1035.0805016102552	2.68e-05	0.33199227475160953	0.33199356517128215	0.33199519528315324	6.670309606865273e-07
100.0	1035.0805016102552	2.72e-05	0.3319920386140849	0.33199291971920175	0.3319941380622673	4.902272651414967e-07
100.0	1035.0805016102552	2.76e-05	0.3319916148705735	0.33199228237626227	0.3319931561456553	3.524025095752416e-07
100.0	1035.0805016102552	2.8e-05	0.33199115075764407	0.33199165768082933	0.33199222471070833	2.3393682794751574e-07
100.0	1035.0805016102552	2.8400000000000003e-05	0.3319906883018069	0.3319910470239303	0.3319913216159396	1.2598382515756634e-07
100.0	1035.0805016102552	2.88e-05	0.3319902420005185	0.3319904506486214	0.33199068442598634	7.80157848277318e-08
100.0	1035.0805016102552	2.92e-05	0.3319894058225836	0.3319898461373227	0.331990227636342	1.722317562558374e-07
100.0	1035.0805016102552	2.96e-05	0.3319885307722883	0.3319892377860317	0.33198981724510723	3.1206517294917403e-07
100.0	1035.0805016102552	2.9999999999999997e-05	0.3319875556266547	0.3319885910425711	0.33198936333664086	4.6730913413731283e-07
100.0	1035.0805016102552	3.04e-05	0.33198647084468114	0.3319878987438879	0.3319888828566304	6.560485313402813e-07
100.0	1035.0805016102552	3.0799999999999996e-05	0.33198527545464973	0.33198705334750966	0.3319882326179613	8.483694604044972e-07
100.0	1035.0805016102552	3.12e-05	0.33198394635070727	0.3319860755251274	0.33198766661073087	1.0962113252980363e-06
100.0	1035.0805016102552	3.16e-05	0.33198246912386775	0.3319847663913356	0.3319867440936841	1.3561328841051527e-06
100.0	1035.0805016102552	3.2e-05	0.33198078949098875	0.3319829495077058	0.3319853813686642	1.6195193089277762e-06
100.0	1035.0805016102552	3.2399999999999995e-05	0.33197864940344957	0.33197891286464754	0.3319792064201934	1.312073729560775e-07
100.0	1035.0805016102552	3.2800000000000004e-05	0.33197216577804944	0.3319748445537342	0.3319775758258867	1.7879996519642623e-06
100.0	1035.0805016102552	3.32e-05	0.3319709458258835	0.3319731609984908	0.3319760796103015	1.5229904213203677e-06
100.0	1035.0805016102552	3.36e-05	0.33197019066309785	0.33197202330414133	0.3319747709196088	1.272194378741474e-06
100.0	1035.0805016102552	3.4e-05	0.33196976410488066	0.3319712439231052	0.331973662388112	1.047897862234595e-06
100.0	1035.0805016102552	3.4399999999999996e-05	0.33196933167473386	0.33197061446851805	0.33197273385361115	8.846155739227483e-07
100.0	1035.0805016102552	3.4800000000000006e-05	0.3319690388855907	0.3319701651271064	0.3319719575174682	7.352984014047393e-07
100.0	1035.0805016102552	3.52e-05	0.3319687880472877	0.3319697886809758	0.33197130589370527	6.183909484507272e-07
100.0	1035.0805016102552	3.56e-05	0.33196858677424945	0.3319694880570208	0.331970754748073	5.134485915741051e-07
100.0	1035.0805016102552	3.6e-05	0.33196838936440365	0.33196921608639285	0.33197028411700114	4.3407540392526833e-07
100.0	1035.0805016102552	3.64e-05	0.3319683132342064	0.33196898533475827	0.3319698780954443	3.6050989271968e-07
100.0	1035.0805016102552	3.68e-05	0.3319681638881926	0.3319687646468002	0.33196952421346637	3.0883417052842884e-07
100.0	1035.0805016102552	3.72e-05	0.3319680094476718	0.3319685569165779	0.3319692127612335	2.6894676061523077e-07
100.0	1035.0805016102552	3.76e-05	0.33196786564154923	0.33196836258342727	0.33196893619096723	2.356622945609878e-07
100.0	1035.0805016102552	3.7999999999999995e-05	0.3319677427382821	0.3319681803114501	0.3319686886245963	2.07424345175816e-07
100.0	1035.0805016102552	3.8400000000000005e-05	0.33196764321835914	0.33196801440043644	0.3319684654596946	1.8320377621456264e-07
100.0	1035.0805016102552	3.88e-05	0.33196754188827615	0.3319678606699939	0.3319682630569112	1.6119060102876718e-07
100.0	1035.0805016102552	3.9200000000000004e-05	0.3319674700931028	0.33196772514689254	0.3319680784914052	1.398590947484069e-07
100.0	1035.0805016102552	3.96e-05	0.33196737720397795	0.331967602741947	0.331967909349979	1.1910067622516545e-07
100.0	1035.0805016102552	3.9999999999999996e-05	0.3319672890702874	0.33196749231056116	0.33196775355118824	1.0232829237624825e-07
100.0	1035.0805016102552	4.0400000000000006e-05	0.33196721184247746	0.33196738866301995	0.33196760916557366	8.718457386006236e-08
100.0	1035.0805016102552	4.08e-05	0.3319671483188307	0.33196729334808883	0.3319674742868921	7.52164278194409e-08
100.0	1035.0805016102552	4.12e-05	0.3319670858617947	0.331967206060001	0.33196734758328184	6.541715137092106e-08
100.0	1035.0805016102552	4.16e-05	0.33196701555041486	0.3319671282331367	0.3319672370858875	5.945519827075428e-08
100.0	1035.0805016102552	4.2e-05	0.33196697135024866	0.33196708286785614	0.33196718021480276	5.516985646133133e-08
101.0	1046.1797734980194	0.0	0.33751694070873306	0.33752003636089073	0.3375215791690165	1.0205590402309847e-06
101.0	1046.1797734980194	4e-07	0.3375149606187442	0.3375181388699392	0.3375197636174958	1.0580008721682712e-06
101.0	1046.1797734980194	8e-07	0.33751278168661347	0.33751626131244633	0.3375182653117612	1.179548117566227e-06
101.0	1046.1797734980194	1.2000000000000002e-06	0.33751039056922405	0.33751440766215485	0.33751742361834847	1.415454433030099e-06
101.0	1046.1797734980194	1.6e-06	0.3375077544359959	0.3375124543179163	0.33751583377054395	1.704156185699377e-06
101.0	1046.1797734980194	2e-06	0.3375048231359745	0.3375104519317363	0.33751440055536364	2.116472079271288e-06
101.0	1046.1797734980194	2.4000000000000003e-06	0.3375015289700132	0.33750823140853325	0.3375127871421366	2.606487525483938e-06
101.0	1046.1797734980194	2.8000000000000003e-06	0.3374977876418237	0.3375057828875399	0.337511091038702	3.237798815369382e-06
101.0	1046.1797734980194	3.2e-06	0.33749349489480274	0.3375026700066955	0.3375087658503144	3.916501527041048e-06
101.0	1046.1797734980194	3.6e-06	0.33748856140122196	0.3374990038498481	0.33750665505874444	4.838470892291385e-06
101.0	1046.1797734980194	4e-06	0.3374829524897045	0.33749395676009153	0.3375031263074231	5.8344591789721835e-06
101.0	1046.1797734980194	4.4e-06	0.337476733938189	0.3374868058145482	0.33749776824485256	6.859622178658079e-06
101.0	1046.1797734980194	4.800000000000001e-06	0.33746974121849416	0.3374704481872716	0.33747110082763854	3.339342391354975e-07
101.0	1046.1797734980194	5.2e-06	0.33744409691715926	0.33745411069806397	0.33746369259121245	6.921022695857503e-06
101.0	1046.1797734980194	5.600000000000001e-06	0.33743891802713755	0.33744712924413917	0.3374575279992733	5.8565869601564005e-06
101.0	1046.1797734980194	6e-06	0.33743559308040627	0.33744228815101446	0.3374520523255109	4.833924350753602e-06
101.0	1046.1797734980194	6.4e-06	0.3374336426369915	0.3374388490980562	0.337447282446524	3.8958232510878625e-06
101.0	1046.1797734980194	6.8e-06	0.3374315989033434	0.33743598771866085	0.33744316688941556	3.1948821549180448e-06
101.0	1046.1797734980194	7.2e-06	0.3374301198467151	0.3374338118383016	0.33743960748460466	2.5317711627785603e-06
101.0	1046.1797734980194	7.6e-06	0.3374288043552065	0.33743188786999145	0.33743648483407807	1.9996448887101034e-06
101.0	1046.1797734980194	8e-06	0.33742773290139993	0.3374302137305136	0.3374336999751515	1.5111528780092473e-06
101.0	1046.1797734980194	8.4e-06	0.337426542967874	0.3374286179438201	0.3374311677159296	1.1170406718913322e-06
101.0	1046.1797734980194	8.8e-06	0.3374259810261764	0.3374271385450469	0.3374288158492078	7.316132360121359e-07
101.0	1046.1797734980194	9.2e-06	0.3374249559358544	0.33742566313609196	0.3374265823635296	4.176919938115354e-07
101.0	1046.1797734980194	9.600000000000001e-06	0.33742382076623745	0.33742419949898683	0.337424440079662	1.403963205366472e-07
101.0	1046.1797734980194	9.999999999999999e-06	0.33742221574259457	0.33742275091138046	0.33742304859048033	1.8352404772133824e-07
101.0	1046.1797734980194	1.04e-05	0.33742001930296883	0.3374213208128961	0.3374224632453773	5.110828420358253e-07
101.0	1046.1797734980194	1.08e-05	0.33741773030456024	0.3374198324132551	0.3374213656603571	8.460013690399838e-07
101.0	1046.1797734980194	1.1200000000000001e-05	0.33741528928092723	0.3374183073125574	0.3374203639734281	1.2470134557486288e-06
101.0	1046.1797734980194	1.16e-05	0.3374126288734125	0.33741662845789544	0.33741925227612324	1.6821344549404363e-06
101.0	1046.1797734980194	1.2e-05	0.3374096732350873	0.3374147839194103	0.33741800373410324	2.2134888556980987e-06
101.0	1046.1797734980194	1.24e-05	0.33740634071503806	0.3374124498432443	0.3374163182486267	2.7656508072842948e-06
101.0	1046.1797734980194	1.28e-05	0.337402545038187	0.33740969834503126	0.337414755439319	3.49040880504516e-06
101.0	1046.1797734980194	1.32e-05	0.33739826127637507	0.3374059189639127	0.3374121464038051	4.26530387985976e-06
101.0	1046.1797734980194	1.36e-05	0.33739353588039833	0.3374005680022223	0.3374081790446537	5.059549287828855e-06
101.0	1046.1797734980194	1.4e-05	0.33738811828233484	0.33738834890306885	0.3373885951404798	1.1618598078464925e-07
101.0	1046.1797734980194	1.44e-05	0.3373683530994569	0.33737610266594126	0.33738364447834357	5.218913068465674e-06
101.0	1046.1797734980194	1.48e-05	0.3373645249119006	0.3373708877335011	0.3373790279207727	4.422017931799913e-06
101.0	1046.1797734980194	1.52e-05	0.33736207760387504	0.33736728195740867	0.337374914757147	3.6562175043004335e-06
101.0	1046.1797734980194	1.56e-05	0.3373606489558423	0.337364730531076	0.33737134186592677	2.955479252164886e-06
101.0	1046.1797734980194	1.6e-05	0.3373591537432894	0.3373626141170952	0.33736827225171506	2.433041546751796e-06
101.0	1046.1797734980194	1.6400000000000002e-05	0.33735808303557935	0.3373610144486759	0.3373656248525414	1.941408267014493e-06
101.0	1046.1797734980194	1.68e-05	0.3373571567339386	0.33735960730775566	0.33736331281914644	1.5472373708547367e-06
101.0	1046.1797734980194	1.7199999999999998e-05	0.3373563495010874	0.3373583919510584	0.3373612616852304	1.1867465320535126e-06
101.0	1046.1797734980194	1.76e-05	0.33735550012061566	0.33735723842758675	0.3373594076829409	8.97542753948575e-07
101.0	1046.1797734980194	1.8e-05	0.33735510290852844	0.33735617637283666	0.33735769713475694	6.164536480166918e-07
101.0	1046.1797734980194	1.84e-05	0.3373544032442233	0.3373551203932079	0.3373560843716916	3.906555865410616e-07
101.0	1046.1797734980194	1.88e-05	0.33735362870066155	0.3373540766474738	0.33735452927907517	1.9230378492091752e-07
101.0	1046.1797734980194	1.9200000000000003e-05	0.3373528459478825	0.33735304746738703	0.3373532472099061	7.905585670064385e-08
101.0	1046.1797734980194	1.9600000000000002e-05	0.337351416589069	0.33735203468858815	0.3373526870368835	2.726167660067304e-07
101.0	1046.1797734980194	1.9999999999999998e-05	0.3373498158895476	0.3373509888080879	0.3373518911345874	5.004673339479239e-07
101.0	1046.1797734980194	2.04e-05	0.3373481222741894	0.33734992270591385	0.3373511724033156	7.7346320257713e-07
101.0	1046.1797734980194	2.08e-05	0.33734629015644746	0.3373487606059034	0.3373503711582764	1.0692893897793093e-06
101.0	1046.1797734980194	2.12e-05	0.33734426867382084	0.3373474931320181	0.3373495068829646	1.4298591331953956e-06
101.0	1046.1797734980194	2.16e-05	0.3373420041237427	0.33734590451407803	0.3373483563224555	1.8021389650680655e-06
101.0	1046.1797734980194	2.2e-05	0.33733944100931446	0.33734404118700345	0.3373472934985893	2.2883964526067376e-06
101.0	1046.1797734980194	2.2400000000000002e-05	0.3373365589138997	0.33734149893500803	0.3373455321151919	2.805813734215091e-06
101.0	1046.1797734980194	2.28e-05	0.3373333931482527	0.3373379179544239	0.3373428731073629	3.334862980011455e-06
101.0	1046.1797734980194	2.32e-05	0.33732952907439895	0.3373297966864082	0.33733009350588006	1.301236893057539e-07
101.0	1046.1797734980194	2.36e-05	0.3373164184346491	0.33732164488346467	0.3373268024224032	3.50198885586792e-06
101.0	1046.1797734980194	2.4e-05	0.33731389882551	0.33731819801533525	0.3373237457071845	2.9715849511679952e-06
101.0	1046.1797734980194	2.44e-05	0.337312300555741	0.33731582800034643	0.3373210345899613	2.463640178075196e-06
101.0	1046.1797734980194	2.48e-05	0.337311374788154	0.33731416390117325	0.3373186920629694	2.001440598636698e-06
101.0	1046.1797734980194	2.5200000000000003e-05	0.3373104126969473	0.3373127920890275	0.3373166934358087	1.658805940009076e-06
101.0	1046.1797734980194	2.56e-05	0.33730973258424246	0.3373117684918843	0.3373149817129333	1.3386553807395128e-06
101.0	1046.1797734980194	2.6e-05	0.3373091445961096	0.337310877572254	0.33731350021158235	1.0833478516499168e-06
101.0	1046.1797734980194	2.64e-05	0.3373086413453201	0.3373101204463093	0.33731219960163816	8.509019858184545e-07
101.0	1046.1797734980194	2.68e-05	0.3373081192421985	0.33730940858457664	0.33731103804822293	6.669246957910552e-07
101.0	1046.1797734980194	2.72e-05	0.33730788295834646	0.33730876310868035	0.33730998080458896	4.901097978255944e-07
101.0	1046.1797734980194	2.76e-05	0.33730745915835936	0.3373081257458746	0.33730899886427235	3.522635437371101e-07
101.0	1046.1797734980194	2.8e-05	0.33730699502285866	0.33730750103342777	0.3373080674040043	2.337593004977987e-07
101.0	1046.1797734980194	2.8400000000000003e-05	0.3373065325610831	0.3373068903625673	0.33730716428177576	1.2571406960011363e-07
101.0	1046.1797734980194	2.88e-05	0.3373060860197521	0.33730629397781475	0.3373065275439835	7.770819889239858e-08
101.0	1046.1797734980194	2.92e-05	0.33730524982609644	0.3373056894522772	0.3373060706634554	1.7215367302597138e-07
101.0	1046.1797734980194	2.96e-05	0.3373043747598867	0.3373050810948736	0.33730566017493935	3.1207294482360656e-07
101.0	1046.1797734980194	2.9999999999999997e-05	0.33730339819098365	0.3373044343528211	0.3373052064080353	4.673741673499789e-07
101.0	1046.1797734980194	3.04e-05	0.33730231336531524	0.33730374204538965	0.33730472584897964	6.561447646039705e-07
101.0	1046.1797734980194	3.0799999999999996e-05	0.33730111792675554	0.3373028966227093	0.33730407558499564	8.484803754555851e-07
101.0	1046.1797734980194	3.12e-05	0.33729978876913513	0.3373019187780475	0.33730350956382527	1.096350044946572e-06
101.0	1046.1797734980194	3.16e-05	0.3372983114473289	0.3373006096096407	0.3373025870006652	1.3563020537756109e-06
101.0	1046.1797734980194	3.2e-05	0.3372966332687941	0.3372987926783077	0.3373012242325233	1.6197363661808124e-06
101.0	1046.1797734980194	3.2399999999999995e-05	0.33729449340114215	0.3372947557978069	0.337295048654668	1.3087179954571884e-07
101.0	1046.1797734980194	3.2800000000000004e-05	0.33728800974589657	0.3372906874500048	0.3372934179990903	1.787856391175127e-06
101.0	1046.1797734980194	3.32e-05	0.33728678975144355	0.3372890038161743	0.3372919217271315	1.522869083667274e-06
101.0	1046.1797734980194	3.36e-05	0.3372860345332436	0.33728786606302263	0.3372906129859983	1.272076465145127e-06
101.0	1046.1797734980194	3.4e-05	0.33728560788264517	0.33728708663195794	0.3372895043778499	1.0477785507549904e-06
101.0	1046.1797734980194	3.4399999999999996e-05	0.33728517544709824	0.33728645713949423	0.3372885758027637	8.844857122137689e-07
101.0	1046.1797734980194	3.4800000000000006e-05	0.33728488258052725	0.3372860077527904	0.3372877994286254	7.351656839902288e-07
101.0	1046.1797734980194	3.52e-05	0.33728463177946555	0.33728563125235955	0.33728714776819935	6.182704470529046e-07
101.0	1046.1797734980194	3.56e-05	0.33728443045957324	0.3372853305850823	0.3372865965860985	5.133213715969103e-07
101.0	1046.1797734980194	3.6e-05	0.337284232998841	0.3372850585793914	0.33728612591775686	4.3393394632442647e-07
101.0	1046.1797734980194	3.64e-05	0.33728415670684786	0.33728482778795976	0.3372857198572685	3.603605314143862e-07
101.0	1046.1797734980194	3.68e-05	0.3372840072869927	0.3372846070645161	0.3372853659339823	3.0867227053801135e-07
101.0	1046.1797734980194	3.72e-05	0.33728385280731565	0.3372843993023284	0.33728505443748347	2.687685773406837e-07
101.0	1046.1797734980194	3.76e-05	0.33728370898730997	0.33728420494114464	0.3372847778195389	2.3546198494483205e-07
101.0	1046.1797734980194	3.7999999999999995e-05	0.33728358609307474	0.33728402264639107	0.33728453020174154	2.0719401765692382e-07
101.0	1046.1797734980194	3.8400000000000005e-05	0.337283486642999	0.3372838567051711	0.33728430698141754	1.8295017388191718e-07
101.0	1046.1797734980194	3.88e-05	0.3372833852288428	0.33728370295251586	0.3372841045190418	1.6090243118979372e-07
101.0	1046.1797734980194	3.9200000000000004e-05	0.33728331335632156	0.3372835674158809	0.3372839198896367	1.3951329614825586e-07
101.0	1046.1797734980194	3.96e-05	0.33728322061105853	0.3372834449808128	0.3372837506798714	1.1869929959115995e-07
101.0	1046.1797734980194	3.9999999999999996e-05	0.33728313244674535	0.3372833344969824	0.33728359480817094	1.0187522919448162e-07
101.0	1046.1797734980194	4.0400000000000006e-05	0.3372830551983039	0.3372832308026063	0.3372834503451472	8.666907444161119e-08
101.0	1046.1797734980194	4.08e-05	0.3372829914581752	0.33728313543158506	0.3372833153860082	7.463776181190847e-08
101.0	1046.1797734980194	4.12e-05	0.33728292919379754	0.33728304809136533	0.337283188607171	6.478313315380494e-08
101.0	1046.1797734980194	4.16e-05	0.33728285879841735	0.33728297020329234	0.33728307815066305	5.879566538016682e-08
101.0	1046.1797734980194	4.2e-05	0.33728281468902566	0.33728292484975014	0.3372830213985738	5.4510924785189364e-08
102.0	1057.2790453857835	0.0	0.3428631478226798	0.34286624398971716	0.3428677874386077	1.0208305542425984e-06
102.0	1057.2790453857835	4e-07	0.3428611677343989	0.34286434649977016	0.34286597216176595	1.0582633659293648e-06
102.0	1057.2790453857835	8e-07	0.3428589888086906	0.34286246894717265	0.34286447390411556	1.1797864497312044e-06
102.0	1057.2790453857835	1.2000000000000002e-06	0.34285659770303756	0.3428606153080205	0.3428636323577763	1.415662105194925e-06
102.0	1057.2790453857835	1.6e-06	0.34285396158811654	0.34285866197368564	0.34286204252273667	1.7043278652362187e-06
102.0	1057.2790453857835	2e-06	0.3428510303148311	0.3428566596091971	0.342860609323707	2.1166136830766836e-06
102.0	1057.2790453857835	2.4000000000000003e-06	0.3428477361865161	0.3428544391237954	0.34285899589091073	2.6066167905454345e-06
102.0	1057.2790453857835	2.8000000000000003e-06	0.3428439949099751	0.34285199064188343	0.34285729983766444	3.2379014886256637e-06
102.0	1057.2790453857835	3.2e-06	0.3428397021316636	0.34284887780827916	0.3428549746618712	3.916569866586261e-06
102.0	1057.2790453857835	3.6e-06	0.3428347687341855	0.34284521172695087	0.34285286395580616	4.8385111216682196e-06
102.0	1057.2790453857835	4e-06	0.3428291599441362	0.34284016475571727	0.34284933528850914	5.834476262504135e-06
102.0	1057.2790453857835	4.4e-06	0.3428229415393327	0.3428330139995851	0.3428439773420857	6.859637111492899e-06
102.0	1057.2790453857835	4.800000000000001e-06	0.3428159489609728	0.342816656720277	0.3428173101990408	3.34449086114507e-07
102.0	1057.2790453857835	5.2e-06	0.3427903074573102	0.34280031976637904	0.34280990215265916	6.9206777254987415e-06
102.0	1057.2790453857835	5.600000000000001e-06	0.3427851287119097	0.3427933384863404	0.34280373617118887	5.856303878883415e-06
102.0	1057.2790453857835	6e-06	0.34278180383456913	0.342788497516501	0.34279826064996755	4.8336846045723415e-06
102.0	1057.2790453857835	6.4e-06	0.3427798533877322	0.34278505855025143	0.3427934909089805	3.8956205826335425e-06
102.0	1057.2790453857835	6.8e-06	0.34277780972569527	0.34278219725162945	0.34278937542890553	3.1946983136085345e-06
102.0	1057.2790453857835	7.2e-06	0.3427763306656635	0.34278002142258795	0.3427858161369457	2.5316157780551333e-06
102.0	1057.2790453857835	7.6e-06	0.3427750147128128	0.342778097491035	0.3427826935876137	1.999527759473511e-06
102.0	1057.2790453857835	8e-06	0.3427739438125865	0.3427764233916185	0.34277990882042797	1.5110577146191795e-06
102.0	1057.2790453857835	8.4e-06	0.34277275389297746	0.3427748276517108	0.3427773766454729	1.116957495325162e-06
102.0	1057.2790453857835	8.8e-06	0.34277219146985605	0.34277334829245976	0.34277502485731937	7.315561296215464e-07
102.0	1057.2790453857835	9.2e-06	0.34277116533107943	0.3427718729287616	0.3427727914461727	4.1766001215223177e-07
102.0	1057.2790453857835	9.600000000000001e-06	0.3427700300583174	0.3427704093408518	0.3427706506824304	1.4043897300165935e-07
102.0	1057.2790453857835	9.999999999999999e-06	0.34276842501286797	0.34276896080633557	0.3427692588472624	1.836373225936884e-07
102.0	1057.2790453857835	1.04e-05	0.34276622864681094	0.34276753076629324	0.34276867430782865	5.111537338193159e-07
102.0	1057.2790453857835	1.08e-05	0.3427639397254518	0.3427660424237523	0.3427675767900622	8.460487788690878e-07
102.0	1057.2790453857835	1.1200000000000001e-05	0.34276149878492124	0.3427645173910138	0.3427665746058439	1.2470483703461548e-06
102.0	1057.2790453857835	1.16e-05	0.34275883846960653	0.3427628386220312	0.34276546347057746	1.6821749598741432e-06
102.0	1057.2790453857835	1.2e-05	0.34275588293611126	0.3427609941677384	0.3427642150275876	2.2135158788164367e-06
102.0	1057.2790453857835	1.24e-05	0.34275255049701414	0.34275866018502527	0.3427625295960066	2.7656540680259665e-06
102.0	1057.2790453857835	1.28e-05	0.3427487549651973	0.3427559088077152	0.34276096691120994	3.490393644858917e-06
102.0	1057.2790453857835	1.32e-05	0.34274447137236397	0.3427521295917194	0.3427583580060283	4.265272952248423e-06
102.0	1057.2790453857835	1.36e-05	0.3427397461685935	0.34274677886823973	0.3427543908078361	5.059521048229197e-06
102.0	1057.2790453857835	1.4e-05	0.34273432963163497	0.3427345601839911	0.3427348056613262	1.160157437952139e-07
102.0	1057.2790453857835	1.44e-05	0.34271456655815236	0.34272231456865326	0.3427298552076996	5.218502911940567e-06
102.0	1057.2790453857835	1.48e-05	0.3427107385404726	0.3427170998441845	0.3427252388500506	4.421677204001754e-06
102.0	1057.2790453857835	1.52e-05	0.3427082913155628	0.34271349421385383	0.3427211258696117	3.655925694073416e-06
102.0	1057.2790453857835	1.56e-05	0.3427068626676384	0.34271094288892245	0.34271755314205254	2.955228658719794e-06
102.0	1057.2790453857835	1.6e-05	0.34270536753917735	0.34270882656756785	0.34271448366235724	2.4328124569667523e-06
102.0	1057.2790453857835	1.6400000000000002e-05	0.3427042968272307	0.342707226958734	0.3427118363920867	1.941208221228077e-06
102.0	1057.2790453857835	1.68e-05	0.3427033706145668	0.34270581986004356	0.34270952447350655	1.5470772071166178e-06
102.0	1057.2790453857835	1.7199999999999998e-05	0.342702563400227	0.3427046045493203	0.34270747344312547	1.186604873378355e-06
102.0	1057.2790453857835	1.76e-05	0.3427017140328159	0.34270345107868777	0.3427056195355602	8.974067593634804e-07
102.0	1057.2790453857835	1.8e-05	0.3427013166944155	0.3427023890688104	0.34270390907546044	6.163285920343648e-07
102.0	1057.2790453857835	1.84e-05	0.34270061701674415	0.3427013331402552	0.34270229639581284	3.90522903069674e-07
102.0	1057.2790453857835	1.88e-05	0.3426998425023813	0.3427002894504157	0.3427007413838732	1.9212092002426938e-07
102.0	1057.2790453857835	1.9200000000000003e-05	0.34269905980381044	0.3426992603310451	0.342699459626707	7.876474339135998e-08
102.0	1057.2790453857835	1.9600000000000002e-05	0.3426976288762891	0.3426982476187198	0.34269889965713585	2.725755024442683e-07
102.0	1057.2790453857835	1.9999999999999998e-05	0.3426960282631377	0.34269720180338764	0.3426981037299388	5.004521366954206e-07
102.0	1057.2790453857835	2.04e-05	0.3426943347404716	0.3426961357780813	0.3426973860312188	7.734564513273412e-07
102.0	1057.2790453857835	2.08e-05	0.3426925027250194	0.34269497377537156	0.34269658477796927	1.0693018959999138e-06
102.0	1057.2790453857835	2.12e-05	0.3426904813580993	0.34269370639530433	0.3426957212359998	1.4298643750070767e-06
102.0	1057.2790453857835	2.16e-05	0.34268821694142204	0.34269211788108533	0.3426945707352411	1.8021238178131825e-06
102.0	1057.2790453857835	2.2e-05	0.3426856539679273	0.34269025468631326	0.3426935080485176	2.2883659958772296e-06
102.0	1057.2790453857835	2.2400000000000002e-05	0.34268277205806186	0.34268771261254166	0.3426917468065973	2.8057683519217094e-06
102.0	1057.2790453857835	2.28e-05	0.34267960650395857	0.3426841318868333	0.34268908797217446	3.334819500795199e-06
102.0	1057.2790453857835	2.32e-05	0.3426757446693376	0.34267601107234125	0.34267630709056274	1.2977398696305466e-07
102.0	1057.2790453857835	2.36e-05	0.3426626351929416	0.34266785996846194	0.34267301623759305	3.501528648091203e-06
102.0	1057.2790453857835	2.4e-05	0.3426601157794886	0.34266441334088404	0.3426699597439624	2.9711974697662676e-06
102.0	1057.2790453857835	2.44e-05	0.3426585176056447	0.34266204349242685	0.3426672488298719	2.463305580831491e-06
102.0	1057.2790453857835	2.48e-05	0.34265759183816513	0.3426603795069528	0.34266490648399994	2.0011515739778614e-06
102.0	1057.2790453857835	2.5200000000000003e-05	0.34265662984290124	0.3426590077967594	0.3426629080352743	1.6585411552561576e-06
102.0	1057.2790453857835	2.56e-05	0.3426559497190764	0.3426579842645374	0.3426611964537498	1.3384212646222205e-06
102.0	1057.2790453857835	2.6e-05	0.34265536183873735	0.3426570933881418	0.3426597150773256	1.0831580310739855e-06
102.0	1057.2790453857835	2.64e-05	0.3426548586030451	0.34265633631051673	0.34265841457903434	8.507300186721315e-07
102.0	1057.2790453857835	2.68e-05	0.34265433650586363	0.34265562450445153	0.3426572531267693	6.667565942687394e-07
102.0	1057.2790453857835	2.72e-05	0.3426541000947072	0.34265497907512954	0.3426561959761738	4.899504985700954e-07
102.0	1057.2790453857835	2.76e-05	0.34265367628036536	0.3426543417652183	0.34265521412290756	3.520967271563249e-07
102.0	1057.2790453857835	2.8e-05	0.34265321218179157	0.3426537171115726	0.3426542827456842	2.335608202544673e-07
102.0	1057.2790453857835	2.8400000000000003e-05	0.3426527497846843	0.34265310650538444	0.3426533797044584	1.2541536832289608e-07
102.0	1057.2790453857835	2.88e-05	0.3426523030909241	0.34265251019093645	0.3426527434433595	7.733456227932534e-08
102.0	1057.2790453857835	2.92e-05	0.34265146699446714	0.3426519057334693	0.34265228654799085	1.7201706592183948e-07
102.0	1057.2790453857835	2.96e-05	0.3426505920342091	0.3426512974564635	0.3426518758825612	3.1201442244595946e-07
102.0	1057.2790453857835	2.9999999999999997e-05	0.3426496139539026	0.3426506508170407	0.3426514224551651	4.67368567937604e-07
102.0	1057.2790453857835	3.04e-05	0.3426485292344781	0.3426499586033937	0.34265094189694967	6.561485632638194e-07
102.0	1057.2790453857835	3.0799999999999996e-05	0.3426473339165641	0.34264911327952274	0.34265029168958794	8.484754629098951e-07
102.0	1057.2790453857835	3.12e-05	0.3426460048979676	0.3426481355578632	0.34264972574061403	1.0963421535548166e-06
102.0	1057.2790453857835	3.16e-05	0.3426445277603909	0.3426468265479582	0.3426488032645132	1.3562886146470769e-06
102.0	1057.2790453857835	3.2e-05	0.34264285150161644	0.34264500983722096	0.34264744064147834	1.6197320817828642e-06
102.0	1057.2790453857835	3.2399999999999995e-05	0.3426407122188859	0.3426409733275729	0.34264126532662065	1.3048199012065543e-07
102.0	1057.2790453857835	3.2800000000000004e-05	0.3426342296829743	0.3426369056550714	0.34263963487538973	1.787373856660785e-06
102.0	1057.2790453857835	3.32e-05	0.3426330098673649	0.34263522224509246	0.34263813879848737	1.522452909693956e-06
102.0	1057.2790453857835	3.36e-05	0.3426322547274152	0.3426340846391108	0.3426368302333165	1.271708127772971e-06
102.0	1057.2790453857835	3.4e-05	0.34263182805384407	0.34263330529911	0.34263572183475777	1.0474514508907792e-06
102.0	1057.2790453857835	3.4399999999999996e-05	0.3426313956968281	0.3426326758838497	0.3426347933917988	8.841792267036768e-07
102.0	1057.2790453857835	3.4800000000000006e-05	0.3426311027868669	0.3426322265349337	0.3426340171279634	7.348847683263976e-07
102.0	1057.2790453857835	3.52e-05	0.3426308520967831	0.34263185004458524	0.34263336555896107	6.180328300424996e-07
102.0	1057.2790453857835	3.56e-05	0.34263065076286026	0.34263154939363794	0.3426328144522204	5.130955105161866e-07
102.0	1057.2790453857835	3.6e-05	0.3426304532700968	0.3426312774112079	0.34263234384557073	4.3370640374047304e-07
102.0	1057.2790453857835	3.64e-05	0.34263037683616293	0.3426310466316731	0.34263193783504065	3.601383689053837e-07
102.0	1057.2790453857835	3.68e-05	0.3426302273752162	0.34263082592413735	0.34263158395150306	3.084474681049387e-07
102.0	1057.2790453857835	3.72e-05	0.3426300729169798	0.34263061818258067	0.34263127248574676	2.685330495394306e-07
102.0	1057.2790453857835	3.76e-05	0.3426299291331416	0.34263042384681447	0.3426309958905023	2.3520665684174618e-07
102.0	1057.2790453857835	3.7999999999999995e-05	0.34262980629757234	0.34263024158117666	0.342630748288145	2.0691207396704438e-07
102.0	1057.2790453857835	3.8400000000000005e-05	0.3426297069546749	0.34263007566085	0.34263052507665304	1.8264850782570995e-07
102.0	1057.2790453857835	3.88e-05	0.3426296054820064	0.34262992193894726	0.3426303226170484	1.605682836875624e-07
102.0	1057.2790453857835	3.9200000000000004e-05	0.34262953356159365	0.3426297864483708	0.342630137984834	1.3911576034629623e-07
102.0	1057.2790453857835	3.96e-05	0.34262944102082216	0.3426296640358396	0.3426299687671186	1.1824303742418278e-07
102.0	1057.2790453857835	3.9999999999999996e-05	0.34262935287064344	0.3426295535536824	0.3426298128827945	1.0136128804897791e-07
102.0	1057.2790453857835	4.0400000000000006e-05	0.342629275645443	0.34262944986461513	0.3426296684032275	8.608752611860616e-08
102.0	1057.2790453857835	4.08e-05	0.34262921172824257	0.34262935449003423	0.34262953342576186	7.398742386041895e-08
102.0	1057.2790453857835	4.12e-05	0.342629149690163	0.34262926714965414	0.3426294066350657	6.407278201281848e-08
102.0	1057.2790453857835	4.16e-05	0.3426290792659028	0.34262918926301517	0.34262929626147365	5.80573484778011e-08
102.0	1057.2790453857835	4.2e-05	0.34262903529568955	0.34262914394935506	0.34262923967528724	5.3781643642698134e-08
103.0	1068.3783172735477	0.0	0.34825101520266877	0.3482541118896524	0.3482556560283214	1.0211154946853337e-06
103.0	1068.3783172735477	4e-07	0.3482490351175116	0.3482522144028319	0.34825384107815704	1.0585379064314083e-06
103.0	1068.3783172735477	8e-07	0.3482468562034331	0.34825033686185664	0.34825234288291007	1.1800336601439993e-06
103.0	1068.3783172735477	1.2000000000000002e-06	0.34824446511859186	0.348248483243017	0.3482515014900178	1.4158737156610579e-06
103.0	1068.3783172735477	1.6e-06	0.34824182903525447	0.34824652993013266	0.34824991169916064	1.7044976979863065e-06
103.0	1068.3783172735477	2e-06	0.34823889780676076	0.3482445276034121	0.34824847853493957	2.116747578007776e-06
103.0	1068.3783172735477	2.4000000000000003e-06	0.3482356037397727	0.3482423071831752	0.34824686508622094	2.606741733910152e-06
103.0	1068.3783172735477	2.8000000000000003e-06	0.3482318625453775	0.3482398587652133	0.3482451691160149	3.2379938845963146e-06
103.0	1068.3783172735477	3.2e-06	0.34822756974906355	0.34823674601136295	0.3482428439792882	3.916622351504912e-06
103.0	1068.3783172735477	3.6e-06	0.3482226364994263	0.34823308004450587	0.3482407333852926	4.838527821913434e-06
103.0	1068.3783172735477	4e-06	0.34821702789553566	0.3482280332447969	0.34823720484338416	5.834459446284912e-06
103.0	1068.3783172735477	4.4e-06	0.34821080971627616	0.34822088275355856	0.3482318470741914	6.859606119248875e-06
103.0	1068.3783172735477	4.800000000000001e-06	0.34820381725938265	0.34820452600765184	0.34820518049216087	3.3505352537267555e-07
103.0	1068.3783172735477	5.2e-06	0.34817817940091533	0.3481881898709031	0.34819777274566377	6.920190450511738e-06
103.0	1068.3783172735477	5.600000000000001e-06	0.3481730008903794	0.3481812088913855	0.34819160521585246	5.855897072602976e-06
103.0	1068.3783172735477	6e-06	0.34816967613983163	0.34817636813311126	0.3481861299400979	4.833340827099998e-06
103.0	1068.3783172735477	6.4e-06	0.3481677257213134	0.348172929315862	0.34818136042307835	3.895334506642315e-06
103.0	1068.3783172735477	6.8e-06	0.3481656821674859	0.34817006815021	0.34817724509927395	3.1944470315826616e-06
103.0	1068.3783172735477	7.2e-06	0.3481642031163261	0.34816789241280593	0.3481736859930793	2.531408047547499e-06
103.0	1068.3783172735477	7.6e-06	0.3481628866220241	0.3481659685485332	0.3481705636120447	1.999379717084206e-06
103.0	1068.3783172735477	8e-06	0.3481618164162006	0.3481642945237516	0.34816777899941886	1.5109426143703675e-06
103.0	1068.3783172735477	8.4e-06	0.3481606265177737	0.34816269886768614	0.3481652469687635	1.1168625145284734e-06
103.0	1068.3783172735477	8.8e-06	0.34816006330194593	0.3481612195839943	0.3481628953178282	7.314981204813373e-07
103.0	1068.3783172735477	9.2e-06	0.34815903625500333	0.34815974430305935	0.3481606620398061	4.176383807502066e-07
103.0	1068.3783172735477	9.600000000000001e-06	0.34815790091265786	0.34815828080533606	0.34815852307059636	1.4050649669448305e-07
103.0	1068.3783172735477	9.999999999999999e-06	0.34815629590762587	0.3481568323682263	0.348157130775407	1.8374175543115858e-07
103.0	1068.3783172735477	1.04e-05	0.3481540996809436	0.348155402431778	0.34815654718461353	5.112003102934882e-07
103.0	1068.3783172735477	1.08e-05	0.3481518109081758	0.3481539141952043	0.3481554497907702	8.460597366466196e-07
103.0	1068.3783172735477	1.1200000000000001e-05	0.3481493701300389	0.3481523892847056	0.3481544470344611	1.2470341192194257e-06
103.0	1068.3783172735477	1.16e-05	0.3481467099964206	0.34815071067002196	0.3481533366016887	1.6821622291925694e-06
103.0	1068.3783172735477	1.2e-05	0.3481437546704482	0.34814886636953846	0.34815208831963496	2.213473197051137e-06
103.0	1068.3783172735477	1.24e-05	0.34814042244486476	0.3481465325685625	0.34815040300942357	2.7655711949180627e-06
103.0	1068.3783172735477	1.28e-05	0.34813662719876337	0.34814378141518	0.34814884051086814	3.4902691852680556e-06
103.0	1068.3783172735477	1.32e-05	0.3481323439390147	0.3481400025039934	0.3481462318366857	4.265105408493127e-06
103.0	1068.3783172735477	1.36e-05	0.3481276191152096	0.3481346522156096	0.3481422649526298	5.059326250081225e-06
103.0	1068.3783172735477	1.4e-05	0.34812220387599613	0.34812243441228197	0.34812267902989014	1.1583389675733667e-07
103.0	1068.3783172735477	1.44e-05	0.3481024440757219	0.34811018998185517	0.3481177289968702	5.217826647171821e-06
103.0	1068.3783172735477	1.48e-05	0.34809861640384643	0.3481049757132177	0.3481131130443629	4.421106562765777e-06
103.0	1068.3783172735477	1.52e-05	0.3480961693748599	0.3481013704000401	0.3481090004359739	3.655440732440798e-06
103.0	1068.3783172735477	1.56e-05	0.3480947407912929	0.3480988192968988	0.34810542804074895	2.954820879582624e-06
103.0	1068.3783172735477	1.6e-05	0.3480932458148729	0.34809670316739594	0.34810235886155905	2.4324541220472604e-06
103.0	1068.3783172735477	1.6400000000000002e-05	0.3480921751342283	0.3480951036934851	0.3480997118518836	1.940904536844607e-06
103.0	1068.3783172735477	1.68e-05	0.3480912490764414	0.34809369669805457	0.3480974001658952	1.5468424991310107e-06
103.0	1068.3783172735477	1.7199999999999998e-05	0.3480904419171109	0.3480924814937371	0.34809534934610653	1.1864062231403339e-06
103.0	1068.3783172735477	1.76e-05	0.3480895925881162	0.3480913281375142	0.34809349563249636	8.972260537129221e-07
103.0	1068.3783172735477	1.8e-05	0.34808919515065995	0.34809026623116907	0.34809178535441276	6.161711489699675e-07
103.0	1068.3783172735477	1.84e-05	0.3480884955000043	0.3480892104128013	0.3480901728490595	3.903669271471794e-07
103.0	1068.3783172735477	1.88e-05	0.34808772108705455	0.34808816684027166	0.3480886180076457	1.9191369302973692e-07
103.0	1068.3783172735477	1.9200000000000003e-05	0.3480869383153644	0.34808713784504963	0.34808733658929913	7.841129708051436e-08
103.0	1068.3783172735477	1.9600000000000002e-05	0.34808550584287534	0.34808612526210364	0.34808677687545053	2.7249614794914005e-07
103.0	1068.3783172735477	1.9999999999999998e-05	0.3480839054142093	0.3480850795790578	0.34808598098450005	5.003916151365147e-07
103.0	1068.3783172735477	2.04e-05	0.34808221209008927	0.3480840137031113	0.34808526448605726	7.733916884175542e-07
103.0	1068.3783172735477	2.08e-05	0.3480803802934753	0.3480828518846644	0.3480844635593483	1.0692502407166187e-06
103.0	1068.3783172735477	2.12e-05	0.34807835917300345	0.3480815846871335	0.34808360063144317	1.4297862932459398e-06
103.0	1068.3783172735477	2.16e-05	0.3480760950386559	0.3480799963863287	0.3480824502742834	1.8020064224150968e-06
103.0	1068.3783172735477	2.2e-05	0.3480735323989492	0.3480781334485505	0.3480813877988247	2.288205110398088e-06
103.0	1068.3783172735477	2.2400000000000002e-05	0.3480706508688707	0.34807559171901176	0.3480796268186763	2.8055600315062854e-06
103.0	1068.3783172735477	2.28e-05	0.3480674857450845	0.3480720114789384	0.3480769683386402	3.3345776986270064e-06
103.0	1068.3783172735477	2.32e-05	0.34806362668033763	0.34806389166176727	0.3480641867847085	1.293755594053002e-07
103.0	1068.3783172735477	2.36e-05	0.3480505193608323	0.34805574189271604	0.348060896407401	3.5007688629767687e-06
103.0	1068.3783172735477	2.4e-05	0.348048000336612	0.3480522957846824	0.3480578403695036	2.970550669102156e-06
103.0	1068.3783172735477	2.44e-05	0.34804640238121554	0.3480499262932835	0.34805512987106724	2.462752244659029e-06
103.0	1068.3783172735477	2.48e-05	0.34804547668360897	0.348048262552883	0.3480527878932209	2.000682759493082e-06
103.0	1068.3783172735477	2.5200000000000003e-05	0.34804451485349563	0.34804689104973524	0.34805078978141957	1.6581278133765132e-06
103.0	1068.3783172735477	2.56e-05	0.3480438347561794	0.34804586765950657	0.34804907848039424	1.338066696308386e-06
103.0	1068.3783172735477	2.6e-05	0.3480432470494854	0.348044976887776	0.3480475973509263	1.0828773997938045e-06
103.0	1068.3783172735477	2.64e-05	0.34804274386596834	0.3480442199170776	0.3480462970728322	8.504856526877556e-07
103.0	1068.3783172735477	2.68e-05	0.34804222179921585	0.34804350822554253	0.348045135819973	6.665284449794125e-07
103.0	1068.3783172735477	2.72e-05	0.3480419852867227	0.34804286289841224	0.34804407885309274	4.897418341514619e-07
103.0	1068.3783172735477	2.76e-05	0.34804156149785204	0.3480422256961377	0.348043097172253	3.5188877547368625e-07
103.0	1068.3783172735477	2.8e-05	0.348041097512267	0.3480416011565137	0.3480421659600923	2.3332485171988755e-07
103.0	1068.3783172735477	2.8400000000000003e-05	0.34804063522137607	0.3480409906704537	0.34804126308026007	1.250722964170664e-07
103.0	1068.3783172735477	2.88e-05	0.34804018836964445	0.34804039448007007	0.34804062736038954	7.690218595922612e-08
103.0	1068.3783172735477	2.92e-05	0.34803935244495765	0.34803979014751607	0.3480401705049907	1.718431650461049e-07
103.0	1068.3783172735477	2.96e-05	0.34803847766950025	0.34803918201149225	0.348039759594549	3.1191796592750704e-07
103.0	1068.3783172735477	2.9999999999999997e-05	0.3480374980067884	0.3480385355453911	0.3480393066410903	4.673253181099125e-07
103.0	1068.3783172735477	3.04e-05	0.3480364134927809	0.34803784349545913	0.34803882613793924	6.561033541558406e-07
103.0	1068.3783172735477	3.0799999999999996e-05	0.3480352184055553	0.3480369983526636	0.3480381760504585	8.484106663414478e-07
103.0	1068.3783172735477	3.12e-05	0.3480338896496935	0.3480360208427809	0.3480376102244511	1.0962555547926353e-06
103.0	1068.3783172735477	3.16e-05	0.34803241282586583	0.348034712104517	0.3480366879196284	1.3561749901900583e-06
103.0	1068.3783172735477	3.2e-05	0.3480307387987809	0.3480328957666862	0.3480353255641617	1.6196043280050773e-06
103.0	1068.3783172735477	3.2399999999999995e-05	0.34802860032746086	0.348028859990253	0.34802915108368193	1.3005129276424408e-07
103.0	1068.3783172735477	3.2800000000000004e-05	0.3480221195603077	0.34802479342771825	0.3480275210059727	1.7866779196237909e-06
103.0	1068.3783172735477	3.32e-05	0.3480209000481773	0.3480231104334567	0.3480260252843683	1.5218514817855371e-06
103.0	1068.3783172735477	3.36e-05	0.34802014506043477	0.34802197310212063	0.34802471703886884	1.2711827742616364e-06
103.0	1068.3783172735477	3.4e-05	0.34801971840823587	0.3480211939373619	0.3480236089309372	1.0469938071002548e-06
103.0	1068.3783172735477	3.4399999999999996e-05	0.3480192861671201	0.34802056466216735	0.3480226807219511	8.837648499381147e-07
103.0	1068.3783172735477	3.4800000000000006e-05	0.3480189932335751	0.348020115393028	0.3480219046544839	7.345160021177632e-07
103.0	1068.3783172735477	3.52e-05	0.3480187426851291	0.348019738942901	0.3480212532498568	6.177279230515724e-07
103.0	1068.3783172735477	3.56e-05	0.34801854135889965	0.3480194383364827	0.3480207022808903	5.128147015982895e-07
103.0	1068.3783172735477	3.6e-05	0.34801834384323627	0.3480191664055012	0.34802023179004227	4.3343181510972666e-07
103.0	1068.3783172735477	3.64e-05	0.3480182672775367	0.3480189356642401	0.34801982587710434	3.598750156678315e-07
103.0	1068.3783172735477	3.68e-05	0.34801811779396896	0.34801871499732673	0.3480194720759302	3.081869593497004e-07
103.0	1068.3783172735477	3.72e-05	0.3480179634001983	0.3480185073006994	0.3480191606796472	2.68266081335666e-07
103.0	1068.3783172735477	3.76e-05	0.348017819662112	0.34801831301416003	0.3480188841428218	2.3492354998774206e-07
103.0	1068.3783172735477	3.7999999999999995e-05	0.3480176968884976	0.348018130799464	0.34801863658927346	2.0660782958345946e-07
103.0	1068.3783172735477	3.8400000000000005e-05	0.34801759765339835	0.3480179649227048	0.34801841341813233	1.8232857468394695e-07
103.0	1068.3783172735477	3.88e-05	0.34801749613362	0.34801781125544423	0.3480182109913441	1.6021908471747044e-07
103.0	1068.3783172735477	3.9200000000000004e-05	0.3480174241705871	0.3480176758377361	0.3480180263851649	1.3870326486244018e-07
103.0	1068.3783172735477	3.96e-05	0.34801733185214445	0.3480175534708796	0.3480178571873509	1.1777339803333961e-07
103.0	1068.3783172735477	3.9999999999999996e-05	0.3480172437272442	0.34801744301297355	0.34801770131744725	1.0083501400807446e-07
103.0	1068.3783172735477	4.0400000000000006e-05	0.348017166532709	0.34801733934904294	0.34801755684773017	8.549560982608888e-08
103.0	1068.3783172735477	4.08e-05	0.34801710246338846	0.3480172439901964	0.34801742187775186	7.332825966582972e-08
103.0	1068.3783172735477	4.12e-05	0.3480170406490588	0.34801715666823035	0.3480172950999174	6.335503181697723e-08
103.0	1068.3783172735477	4.16e-05	0.3480169702126217	0.3480170788008841	0.3480171848252134	5.731363719213872e-08
103.0	1068.3783172735477	4.2e-05	0.3480169263728907	0.348017033520521	0.34801712840583754	5.305299285305031e-08
104.0	1079.477589161312	0.0	0.35369034291270296	0.35369344019447396	0.35369498508928654	1.021420493544808e-06
104.0	1079.477589161312	4e-07	0.3536883628307157	0.35369154271130104	0.3536931704893158	1.0588320630532003e-06
104.0	1079.477589161312	8e-07	0.353686183928418	0.3536896651834595	0.3536916723534276	1.1802993839576994e-06
104.0	1079.477589161312	1.2000000000000002e-06	0.35368379286454044	0.3536878115856915	0.3536908311111331	1.4161009812497557e-06
104.0	1079.477589161312	1.6e-06	0.3536811568127849	0.3536858582973634	0.3536892413802484	1.7046817879495911e-06
104.0	1079.477589161312	2e-06	0.3536782256287152	0.35368385601450897	0.35368780825135815	2.1168963094917937e-06
104.0	1079.477589161312	2.4000000000000003e-06	0.3536749316220966	0.3536816356710585	0.3536861947752623	2.606888981642993e-06
104.0	1079.477589161312	2.8000000000000003e-06	0.35367119050813933	0.3536791873235086	0.353684498900531	3.238112049164059e-06
104.0	1079.477589161312	3.2e-06	0.3536668977879618	0.35367607465274	0.35368217380706657	3.916705941515305e-06
104.0	1079.477589161312	3.6e-06	0.3536619646771575	0.35367240879680856	0.35368006332452673	4.8385787471933495e-06
104.0	1079.477589161312	4e-06	0.35365635624972747	0.3536673621568773	0.35367653490898476	5.834479554675052e-06
104.0	1079.477589161312	4.4e-06	0.3536501382873327	0.35366021190808083	0.3536711773110319	6.85961412345024e-06
104.0	1079.477589161312	4.800000000000001e-06	0.3536431459076761	0.35364385566764334	0.353644511235105	3.3570225922824765e-07
104.0	1079.477589161312	5.2e-06	0.35361751152481524	0.3536275203766741	0.353637103789195	6.919668581908576e-06
104.0	1079.477589161312	5.600000000000001e-06	0.3536123335676029	0.3536205397205166	0.35363093460103556	5.855458094986442e-06
104.0	1079.477589161312	6e-06	0.35360900894182556	0.353615699185956	0.3536254595813668	4.832968139253627e-06
104.0	1079.477589161312	6.4e-06	0.353607058552436	0.35361226052177575	0.353620690297892	3.895023269535099e-06
104.0	1079.477589161312	6.8e-06	0.3536050151016443	0.35360939948646997	0.35361657516678413	3.194176493511452e-06
104.0	1079.477589161312	7.2e-06	0.3536035360483041	0.35360722383475107	0.3536130162481417	2.5311856931236593e-06
104.0	1079.477589161312	7.6e-06	0.3536022189789918	0.353605300027142	0.3536098940360839	1.999225488568545e-06
104.0	1079.477589161312	8e-06	0.3536011495093412	0.3536036260707861	0.35360710957772223	1.5108234877776143e-06
104.0	1079.477589161312	8.4e-06	0.3535999596196868	0.35360203049489	0.3536045776902679	1.1167634891496608e-06
104.0	1079.477589161312	8.8e-06	0.35359939559245124	0.35360055128511925	0.35360222617478243	7.314346361079055e-07
104.0	1079.477589161312	9.2e-06	0.3535983676053345	0.3535990760841621	0.353599993027502	4.1761150967065375e-07
104.0	1079.477589161312	9.600000000000001e-06	0.35359723221823813	0.35359761267433054	0.3535978559041739	1.4057050962457326e-07
104.0	1079.477589161312	9.999999999999999e-06	0.35359562716847925	0.3535961643328158	0.3535964631105104	1.8385567536680004e-07
104.0	1079.477589161312	1.04e-05	0.35359343107596874	0.3535947344969884	0.35359588053443947	5.112558786461976e-07
104.0	1079.477589161312	1.08e-05	0.3535911424453104	0.35359324636507306	0.3535947832707125	8.460806796168288e-07
104.0	1079.477589161312	1.1200000000000001e-05	0.35358870182142965	0.35359172157763047	0.3535937799030542	1.2470333322614993e-06
104.0	1079.477589161312	1.16e-05	0.35358604185926	0.3535900431212059	0.35359267019366847	1.6821720588974967e-06
104.0	1079.477589161312	1.2e-05	0.353583086727979	0.35358819897340116	0.35359142207625727	2.21345899477449e-06
104.0	1079.477589161312	1.24e-05	0.35357975471739156	0.35358586534776815	0.3535897368842438	2.7655241900815006e-06
104.0	1079.477589161312	1.28e-05	0.35357595973556144	0.35358311440388446	0.3535881745634821	3.49018670017839e-06
104.0	1079.477589161312	1.32e-05	0.3535716767844992	0.35357933577124073	0.35358556611131053	4.2649861608865415e-06
104.0	1079.477589161312	1.36e-05	0.35356695231504	0.35357398587493727	0.35358159952041834	5.059185912254335e-06
104.0	1079.477589161312	1.4e-05	0.3535615383619968	0.3535617688766392	0.35356201262485154	1.1564597520389932e-07
104.0	1079.477589161312	1.44e-05	0.3535417818333997	0.353549525601321	0.3535570629954261	5.217140991955672e-06
104.0	1079.477589161312	1.48e-05	0.3535379544921593	0.3535443117858463	0.3535524474347165	4.420525963322925e-06
104.0	1079.477589161312	1.52e-05	0.3535355076449127	0.3535407067841773	0.35354833518776285	3.654945713252186e-06
104.0	1079.477589161312	1.56e-05	0.3535340791214274	0.353538155894463	0.353544763115611	2.9544031571936126e-06
104.0	1079.477589161312	1.6e-05	0.35353258428342293	0.35353603994416766	0.3535416942138889	2.432088694624587e-06
104.0	1079.477589161312	1.6400000000000002e-05	0.3535315136217445	0.3535344405915424	0.35353904745433606	1.9405956138588844e-06
104.0	1079.477589161312	1.68e-05	0.35353058771373025	0.35353303368251315	0.35353673599054236	1.5466076205900741e-06
104.0	1079.477589161312	1.7199999999999998e-05	0.3535297806075812	0.35353181857212695	0.3535346853708754	1.1862074952553251e-06
104.0	1079.477589161312	1.76e-05	0.35352893130401863	0.35353066532018984	0.35353283184059237	8.970436258070985e-07
104.0	1079.477589161312	1.8e-05	0.35352853376486504	0.353529603509548	0.35353112173366164	6.160085055580585e-07
104.0	1079.477589161312	1.84e-05	0.3535278341378465	0.35352854779230125	0.35352950939136374	3.9020347549894496e-07
104.0	1079.477589161312	1.88e-05	0.3535270598414817	0.35352750432843716	0.35352795470865317	1.9169462503334098e-07
104.0	1079.477589161312	1.9200000000000003e-05	0.35352627690905614	0.35352647544914484	0.3535266736122624	7.804593997578136e-08
104.0	1079.477589161312	1.9600000000000002e-05	0.3535248428723792	0.35352546298618226	0.3535261142120074	2.724230363637321e-07
104.0	1079.477589161312	1.9999999999999998e-05	0.3535232426117405	0.3535244174271271	0.3535253183564606	5.003417791270251e-07
104.0	1079.477589161312	2.04e-05	0.3535215494673265	0.3535233516936214	0.35352460304595024	7.73343349328257e-07
104.0	1079.477589161312	2.08e-05	0.3535197178675613	0.3535221900535883	0.35352380286921115	1.0692242459636108e-06
104.0	1079.477589161312	2.12e-05	0.35351769696756374	0.35352092302781896	0.35352294012161956	1.4297412444780541e-06
104.0	1079.477589161312	2.16e-05	0.35351543308482203	0.3535193349226892	0.35352178989806937	1.8019305546340594e-06
104.0	1079.477589161312	2.2e-05	0.35351287073036186	0.3535174722157548	0.3535207276158676	2.2880943173566925e-06
104.0	1079.477589161312	2.2400000000000002e-05	0.35350998953834445	0.3535149307896073	0.3535189668773544	2.8054115821575538e-06
104.0	1079.477589161312	2.28e-05	0.3535068247996902	0.3535113509721403	0.3535163087165021	3.334406239171133e-06
104.0	1079.477589161312	2.32e-05	0.3535029685205435	0.35350323202810735	0.3535035262625268	1.28966808240841e-07
104.0	1079.477589161312	2.36e-05	0.35348986317005693	0.35349508349735587	0.35350023631859884	3.500032256050352e-06
104.0	1079.477589161312	2.4e-05	0.35348734449708985	0.35349163787644605	0.3534971806988709	2.969923544085212e-06
104.0	1079.477589161312	2.44e-05	0.3534857467336199	0.35348926871625336	0.3534944705835654	2.462214949246177e-06
104.0	1079.477589161312	2.48e-05	0.3534848210979158	0.3534876051994379	0.3534921289454056	2.000226024387842e-06
104.0	1079.477589161312	2.5200000000000003e-05	0.35348385941015437	0.3534862338813473	0.35349013112503425	1.6577254757386816e-06
104.0	1079.477589161312	2.56e-05	0.353483179329241	0.3534852106132798	0.3534884200811863	1.33772163105617e-06
104.0	1079.477589161312	2.6e-05	0.3534825917764177	0.3534843199253069	0.35348693917709273	1.0826070480128183e-06
104.0	1079.477589161312	2.64e-05	0.3534820886423047	0.35348356304443135	0.3534856390988912	8.502498310372049e-07
104.0	1079.477589161312	2.68e-05	0.35348156659656826	0.3534828514524553	0.35348447802605065	6.663060807853235e-07
104.0	1079.477589161312	2.72e-05	0.35348132997814297	0.3534822062150276	0.3534834212241176	4.895347948982431e-07
104.0	1079.477589161312	2.76e-05	0.35348090620699235	0.3534815691066613	0.3534824396972498	3.5168020900898633e-07
104.0	1079.477589161312	2.8e-05	0.3534804423300919	0.35348094466771723	0.3534815086316865	2.3308578426868797e-07
104.0	1079.477589161312	2.8400000000000003e-05	0.35347998012882265	0.35348033428880443	0.3534806058943927	1.2472327904673754e-07
104.0	1079.477589161312	2.88e-05	0.353479533077083	0.35347973820840245	0.35347997075562976	7.647008490967785e-08
104.0	1079.477589161312	2.92e-05	0.3534786973037569	0.3534791339874684	0.3534795139292486	1.716782426351713e-07
104.0	1079.477589161312	2.96e-05	0.35347782269077843	0.3534785259801352	0.3534791028827451	3.118362907790545e-07
104.0	1079.477589161312	2.9999999999999997e-05	0.3534768414282041	0.3534778796742238	0.3534786502682108	4.673030176405989e-07
104.0	1079.477589161312	3.04e-05	0.3534757570899911	0.35347718777151166	0.35347816980706703	6.560851915034101e-07
104.0	1079.477589161312	3.0799999999999996e-05	0.3534745621993718	0.3534763427872009	0.35347751982912357	8.483795402018873e-07
104.0	1079.477589161312	3.12e-05	0.3534732336671711	0.3534753654605001	0.3534769541044893	1.0962103641066447e-06
104.0	1079.477589161312	3.16e-05	0.35347175709356105	0.3534740569532689	0.3534760319476682	1.3561127228235998e-06
104.0	1079.477589161312	3.2e-05	0.35347008525582524	0.35347224092794866	0.3534746698231208	1.619539779614318e-06
104.0	1079.477589161312	3.2399999999999995e-05	0.3534679475604632	0.3534682057617487	0.35346849596637053	1.2961789595266103e-07
104.0	1079.477589161312	3.2800000000000004e-05	0.35346146833365655	0.3534641401902275	0.35346686621542833	1.7860226349174714e-06
104.0	1079.477589161312	3.32e-05	0.3534602490776484	0.35346245756720884	0.3534653708071094	1.5212877715365888e-06
104.0	1079.477589161312	3.36e-05	0.35345949421499334	0.3534613204778677	0.3534640628449832	1.2706909900745642e-06
104.0	1079.477589161312	3.4e-05	0.3534590675800544	0.35346054146476086	0.3534629549792454	1.0465643785768422e-06
104.0	1079.477589161312	3.4399999999999996e-05	0.3534586354290177	0.35345991230880336	0.3534620269778692	8.83375385310445e-07
104.0	1079.477589161312	3.4800000000000006e-05	0.35345834247131425	0.35345946310271065	0.35346125108385884	7.341691922475556e-07
104.0	1079.477589161312	3.52e-05	0.35345809203538536	0.35345908667728815	0.35346059982345945	6.174425884062239e-07
104.0	1079.477589161312	3.56e-05	0.35345789071782185	0.35345878610198145	0.3534600489743642	5.125518687747677e-07
104.0	1079.477589161312	3.6e-05	0.35345769318003306	0.3534585142111163	0.35345957858326926	4.3317288638758014e-07
104.0	1079.477589161312	3.64e-05	0.3534576164818324	0.35345828349934066	0.35345917275343286	3.596240922481502e-07
104.0	1079.477589161312	3.68e-05	0.3534574669706334	0.35345806286332293	0.35345881902146115	3.0793763761762296e-07
104.0	1079.477589161312	3.72e-05	0.353457312624025	0.35345785520181333	0.353458507682638	2.680098827067449e-07
104.0	1079.477589161312	3.76e-05	0.35345716891733403	0.35345766095455305	0.35345823119321995	2.34651613810745e-07
104.0	1079.477589161312	3.7999999999999995e-05	0.35345704618894214	0.3534574787801611	0.3534579836783669	2.063165375667915e-07
104.0	1079.477589161312	3.8400000000000005e-05	0.35345694704415553	0.353457312937708	0.3534577605382747	1.8202285086607367e-07
104.0	1079.477589161312	3.88e-05	0.3534568454745255	0.35345715931718624	0.3534575581357604	1.5988454922420945e-07
104.0	1079.477589161312	3.9200000000000004e-05	0.3534567734605023	0.3534570239630756	0.3534573735478119	1.3830810654532633e-07
104.0	1079.477589161312	3.96e-05	0.35345668134765695	0.3534569016335461	0.3534572043628428	1.173239200195949e-07
104.0	1079.477589161312	3.9999999999999996e-05	0.35345659323806355	0.35345679119169354	0.35345704850107396	1.0033258875097836e-07
104.0	1079.477589161312	4.0400000000000006e-05	0.353456516062864	0.3534566875453379	0.35345690403572405	8.493108618670793e-08
104.0	1079.477589161312	4.08e-05	0.35345645185276364	0.35345659219662	0.35345676906845735	7.269940062894406e-08
104.0	1079.477589161312	4.12e-05	0.35345639024072284	0.353456504888919	0.3534566422988359	6.267005176394793e-08
104.0	1079.477589161312	4.16e-05	0.353456319788819	0.3534564270388888	0.3534565321140857	5.660399850205242e-08
104.0	1079.477589161312	4.2e-05	0.35345627606984475	0.35345638178359806	0.35345647584807516	5.235735095621269e-08
105.0	1090.5768610490761	0.0	0.35918610897075887	0.3591892068772181	0.35919075255473576	1.0217348317368182e-06
105.0	1090.5768610490761	4e-07	0.35918412889154716	0.3591873093977649	0.3591889383090736	1.0591358306448575e-06
105.0	1090.5768610490761	8e-07	0.35918194999954345	0.35918543188316393	0.3591874402301931	1.1805754289311389e-06
105.0	1090.5768610490761	1.2000000000000002e-06	0.3591795589539508	0.35918357830500985	0.3591865991370442	1.4163384719578395e-06
105.0	1090.5768610490761	1.6e-06	0.3591769229296675	0.3591816250406556	0.35918500946205256	1.7048769895922146e-06
105.0	1090.5768610490761	2e-06	0.3591739917841368	0.3591796228020631	0.3591835763597322	2.1170588936314625e-06
105.0	1090.5768610490761	2.4000000000000003e-06	0.3591706978297857	0.359177402534884	0.3591819628594841	2.6070531311378283e-06
105.0	1090.5768610490761	2.8000000000000003e-06	0.3591669567854403	0.35917495425397994	0.3591802670732065	3.238249929833542e-06
105.0	1090.5768610490761	3.2e-06	0.35916266414530895	0.35917184165834176	0.3591779420232868	3.916812639797841e-06
105.0	1090.5768610490761	3.6e-06	0.3591577311551024	0.35916817590147904	0.3591758316401519	4.838657047735501e-06
105.0	1090.5768610490761	4e-06	0.35915212288243836	0.35916312940205425	0.3591723033415013	5.8345332871936994e-06
105.0	1090.5768610490761	4.4e-06	0.35914590511249944	0.3591559793637803	0.35916694590110865	6.859663707099637e-06
105.0	1090.5768610490761	4.800000000000001e-06	0.3591389128095628	0.3591396235628246	0.3591402802168844	3.363585462242638e-07
105.0	1090.5768610490761	5.2e-06	0.3591132811107922	0.3591232890550177	0.3591328730411698	6.919161031880019e-06
105.0	1090.5768610490761	5.600000000000001e-06	0.3591081043472615	0.3591163086983758	0.35912670215353426	5.855033187724104e-06
105.0	1090.5768610490761	6e-06	0.35910477982894395	0.35911146836816066	0.3591212273694353	4.832607783435566e-06
105.0	1090.5768610490761	6.4e-06	0.3591028294662406	0.35910802984176315	0.35911645830079575	3.894721128681645e-06
105.0	1090.5768610490761	6.8e-06	0.35910078610006746	0.3591051689225655	0.35911234335552944	3.1939126792366483e-06
105.0	1090.5768610490761	7.2e-06	0.35909930704284143	0.359102993343623	0.35910878460741635	2.5309677001044715e-06
105.0	1090.5768610490761	7.6e-06	0.35909798941811566	0.3591010695794034	0.3591056625478002	1.999073748138814e-06
105.0	1090.5768610490761	8e-06	0.3590969206445882	0.359099395678104	0.35910287822737086	1.5107058729696817e-06
105.0	1090.5768610490761	8.4e-06	0.35909573076219026	0.3590978001704113	0.3591003464667377	1.1166635899311306e-06
105.0	1090.5768610490761	8.8e-06	0.3590951659334962	0.3590963210240618	0.3590979950700257	7.313665442326443e-07
105.0	1090.5768610490761	9.2e-06	0.3590941370027272	0.3590948458911793	0.3590957620362394	4.175775851489185e-07
105.0	1090.5768610490761	9.600000000000001e-06	0.35909300156083024	0.3590933825565877	0.35909362673038814	1.4062624442667455e-07
105.0	1090.5768610490761	9.999999999999999e-06	0.35909139640589505	0.35909193429727726	0.3590922334537039	1.839808569511231e-07
105.0	1090.5768610490761	1.04e-05	0.3590892004266575	0.35909050454744473	0.3590916518874785	5.113256664540762e-07
105.0	1090.5768610490761	1.08e-05	0.35908691191476017	0.3590890165054925	0.3590905547336414	8.461192047439327e-07
105.0	1090.5768610490761	1.1200000000000001e-05	0.35908447141856126	0.35908749182680305	0.3590895507802232	1.2470561625953726e-06
105.0	1090.5768610490761	1.16e-05	0.35908181159709596	0.35908581351054303	0.3590884417481579	1.6822104776753173e-06
105.0	1090.5768610490761	1.2e-05	0.359078856624504	0.35908396949399873	0.3590871937719218	2.2134802010235964e-06
105.0	1090.5768610490761	1.24e-05	0.3590755247918471	0.3590816360144452	0.35908550868374167	2.765519769402874e-06
105.0	1090.5768610490761	1.28e-05	0.3590717300244357	0.359078885244379	0.35908394651255904	3.490156596722075e-06
105.0	1090.5768610490761	1.32e-05	0.35906744732453344	0.3590751068398747	0.35908133824924704	4.264931899283498e-06
105.0	1090.5768610490761	1.36e-05	0.3590627231451231	0.3590697572607787	0.35907737190528444	5.059125640304382e-06
105.0	1090.5768610490761	1.4e-05	0.35905731043295663	0.3590575408991893	0.3590577837771516	1.154535059955845e-07
105.0	1090.5768610490761	1.44e-05	0.35903755684352046	0.3590452986060023	0.35905283448329595	5.216519344152107e-06
105.0	1090.5768610490761	1.48e-05	0.3590337297683126	0.3590400851710724	0.359048219250516	4.4200026412300895e-06
105.0	1090.5768610490761	1.52e-05	0.3590312830642981	0.3590364804282341	0.35904410730741265	3.6544994901615194e-06
105.0	1090.5768610490761	1.56e-05	0.35902985458722814	0.3590339297137347	0.3590405355073001	2.954024507197415e-06
105.0	1090.5768610490761	1.6e-05	0.35902835985557857	0.35903181390996214	0.3590374668431897	2.4317548690575472e-06
105.0	1090.5768610490761	1.6400000000000002e-05	0.3590272892046986	0.35903021465219254	0.3590348202934752	1.9403113554687524e-06
105.0	1090.5768610490761	1.68e-05	0.3590263634149462	0.35902880780519597	0.3590325090151927	1.5463910310506861e-06
105.0	1090.5768610490761	1.7199999999999998e-05	0.35902555635496913	0.35902759276529456	0.35903045856162397	1.186022974920609e-06
105.0	1090.5768610490761	1.76e-05	0.3590247070703301	0.35902643959597985	0.3590286051825	8.968707069798186e-07
105.0	1090.5768610490761	1.8e-05	0.35902430942468655	0.35902537786149996	0.3590268952156901	6.1584971135733e-07
105.0	1090.5768610490761	1.84e-05	0.3590236098097792	0.3590243222246436	0.3590252830058862	3.900400719422997e-07
105.0	1090.5768610490761	1.88e-05	0.3590228356034251	0.35902327884781965	0.35902372845113373	1.9147419598589834e-07
105.0	1090.5768610490761	1.9200000000000003e-05	0.3590220524682213	0.3590222500619712	0.3590224476661277	7.769435336153942e-08
105.0	1090.5768610490761	1.9600000000000002e-05	0.3590206168741332	0.35902123769562344	0.35902188858123196	2.723667524620895e-07
105.0	1090.5768610490761	1.9999999999999998e-05	0.359019016746041	0.3590201922366822	0.35902109273676786	5.003123701514866e-07
105.0	1090.5768610490761	2.04e-05	0.35901732374236506	0.3590191266217601	0.35902037859670344	7.73322528507536e-07
105.0	1090.5768610490761	2.08e-05	0.3590154922957831	0.35901796513104145	0.3590195791026538	1.0692308775708125e-06
105.0	1090.5768610490761	2.12e-05	0.3590134715664979	0.3590166982450056	0.3590187165012164	1.4297373849212124e-06
105.0	1090.5768610490761	2.16e-05	0.35901120787801233	0.3590151102941804	0.35901756638740867	1.8019045710095274e-06
105.0	1090.5768610490761	2.2e-05	0.3590086457454662	0.3590132477694155	0.3590165042604889	2.2880456190109254e-06
105.0	1090.5768610490761	2.2400000000000002e-05	0.35900576481516744	0.3590107065803992	0.3590147437168625	2.8053407506531677e-06
105.0	1090.5768610490761	2.28e-05	0.35900260037635956	0.35900712709012006	0.35901208581140764	3.3343311380029537e-06
105.0	1090.5768610490761	2.32e-05	0.3589987467383944	0.35899900879944396	0.35899930217068565	1.2856362545222478e-07
105.0	1090.5768610490761	2.36e-05	0.3589856429412013	0.35899086127135377	0.35899601256976865	3.4993923247522864e-06
105.0	1090.5768610490761	2.4e-05	0.35898312453506076	0.3589874160361642	0.35899295728307923	2.9693830330310184e-06
105.0	1090.5768610490761	2.44e-05	0.3589815269144436	0.3589850471359237	0.35899024747421215	2.461751923898744e-06
105.0	1090.5768610490761	2.48e-05	0.3589806013226555	0.35898338379284456	0.35898790610826925	1.999830028640575e-06
105.0	1090.5768610490761	2.5200000000000003e-05	0.3589796397391183	0.35898201261859564	0.3589859085206113	1.6573733534060236e-06
105.0	1090.5768610490761	2.56e-05	0.35897895966667015	0.35898098944098455	0.35898419768245304	1.3374173814149707e-06
105.0	1090.5768610490761	2.6e-05	0.3589783722283926	0.35898009880938714	0.35898271695800155	1.0823680771879722e-06
105.0	1090.5768610490761	2.64e-05	0.3589778691350034	0.3589793419920532	0.35898141703841446	8.50039932837227e-07
105.0	1090.5768610490761	2.68e-05	0.35897734710442464	0.3589786304751584	0.35898025610766204	6.661043661527953e-07
105.0	1090.5768610490761	2.72e-05	0.3589771103754327	0.3589779853053747	0.3589791994351321	4.893427897938631e-07
105.0	1090.5768610490761	2.76e-05	0.3589766866093145	0.3589773482681254	0.3589782180282475	3.514830434513914e-07
105.0	1090.5768610490761	2.8e-05	0.35897622281010033	0.3589767239062157	0.35897728707608056	2.3285698476321202e-07
105.0	1090.5768610490761	2.8400000000000003e-05	0.35897576067584236	0.35897611361002474	0.3589763844481775	1.2438906150115475e-07
105.0	1090.5768610490761	2.88e-05	0.35897531339154387	0.35897551761481805	0.3589757498857873	7.606744480672405e-08
105.0	1090.5768610490761	2.92e-05	0.3589744777338124	0.35897491348022814	0.35897529306166565	1.7153631950152503e-07
105.0	1090.5768610490761	2.96e-05	0.35897360324476857	0.35897430557609816	0.3589748820511973	3.117791396303592e-07
105.0	1090.5768610490761	2.9999999999999997e-05	0.358972620442108	0.3589736593997104	0.35897442957247616	4.673060558306276e-07
105.0	1090.5768610490761	3.04e-05	0.3589715362342272	0.35897296761248954	0.3589739491250237	6.560987092471849e-07
105.0	1090.5768610490761	3.0799999999999996e-05	0.35897034148882234	0.35897212274764556	0.3589732992371655	8.483864540498541e-07
105.0	1090.5768610490761	3.12e-05	0.3589690131217189	0.3589711455597439	0.35897273358156756	1.096212748718886e-06
105.0	1090.5768610490761	3.16e-05	0.3589675367270502	0.35896983722581655	0.3589718115343876	1.356110997674093e-06
105.0	1090.5768610490761	3.2e-05	0.3589658668793563	0.3589680214325117	0.35897044958933844	1.619552505882891e-06
105.0	1090.5768610490761	3.2399999999999995e-05	0.35896372987580794	0.35896398668803087	0.3589642760666969	1.292061579239021e-07
105.0	1090.5768610490761	3.2800000000000004e-05	0.3589572518093185	0.358959921891161	0.35896264656294097	1.7854646496113584e-06
105.0	1090.5768610490761	3.32e-05	0.3589560327327863	0.35895823954482287	0.3589611513927018	1.5208132121438783e-06
105.0	1090.5768610490761	3.36e-05	0.3589552779532301	0.3589571026329118	0.35895984364628486	1.27027741737182e-06
105.0	1090.5768610490761	3.4e-05	0.3589548513235208	0.3589563237282934	0.35895873594957806	1.0462009545319734e-06
105.0	1090.5768610490761	3.4399999999999996e-05	0.35895441923079563	0.35895569465721455	0.35895780810470246	8.830424488786133e-07
105.0	1090.5768610490761	3.4800000000000006e-05	0.35895412624952616	0.35895524548947055	0.358957032340391	7.338708915010046e-07
105.0	1090.5768610490761	3.52e-05	0.3589538758873889	0.3589548690696006	0.35895638118657924	6.171967393823101e-07
105.0	1090.5768610490761	3.56e-05	0.35895367457508964	0.35895456850703666	0.3589558304246925	5.123243613183212e-07
105.0	1090.5768610490761	3.6e-05	0.35895347701687275	0.3589542966392334	0.35895536010471485	4.3294595249665507e-07
105.0	1090.5768610490761	3.64e-05	0.35895340018538757	0.35895406594214607	0.3589549543325985	3.5940199383600747e-07
105.0	1090.5768610490761	3.68e-05	0.35895325063907535	0.35895384532221375	0.3589546006470812	3.07715129103534e-07
105.0	1090.5768610490761	3.72e-05	0.3589530963146528	0.3589536376807614	0.35895428934512186	2.677797511349903e-07
105.0	1090.5768610490761	3.76e-05	0.3589529526240982	0.3589534434575688	0.35895401288429163	2.3440603176312438e-07
105.0	1090.5768610490761	3.7999999999999995e-05	0.3589528299241058	0.35895326130857513	0.35895376539080104	2.0605209222228033e-07
105.0	1090.5768610490761	3.8400000000000005e-05	0.3589527308524767	0.35895309548600657	0.3589535422657031	1.8174477836565584e-07
105.0	1090.5768610490761	3.88e-05	0.3589526292286491	0.3589529418979212	0.35895333987253597	1.5957872510981391e-07
105.0	1090.5768610490761	3.9200000000000004e-05	0.35895255715498475	0.3589528065909412	0.3589531552889298	1.3794602974983833e-07
105.0	1090.5768610490761	3.96e-05	0.3589524652268592	0.35895268428494914	0.3589529861039127	1.1691162472133648e-07
105.0	1090.5768610490761	3.9999999999999996e-05	0.35895237712006356	0.3589525738458796	0.3589528302383753	9.987251727716932e-08
105.0	1090.5768610490761	4.0400000000000006e-05	0.3589522999508894	0.358952470204969	0.358952685766476	8.44142374772288e-08
105.0	1090.5768610490761	4.08e-05	0.3589522356033257	0.35895237485649967	0.3589525507919138	7.212315956529173e-08
105.0	1090.5768610490761	4.12e-05	0.3589521741731465	0.35895228755519326	0.35895242402101246	6.204212889931696e-08
105.0	1090.5768610490761	4.16e-05	0.35895210369785335	0.3589522097175464	0.35895231391334637	5.595336703531496e-08
105.0	1090.5768610490761	4.2e-05	0.3589520600911982	0.35895216449076794	0.3589522577892046	5.171691749666943e-08
106.0	1101.6761329368403	0.0	0.36474061329465357	0.3647437118235072	0.36474525826116455	1.0220400407728942e-06
106.0	1101.6761329368403	4e-07	0.36473863321773514	0.36474181434725284	0.36474344436743866	1.059431279381974e-06
106.0	1101.6761329368403	8e-07	0.36473645433424373	0.36473993684391065	0.3647419463392376	1.1808451322166988e-06
106.0	1101.6761329368403	1.2000000000000002e-06	0.36473406330378744	0.3647380832823693	0.36474110538949045	1.416572607628922e-06
106.0	1101.6761329368403	1.6e-06	0.364731427302285	0.36473613003837413	0.36473951575453434	1.7050717178348905e-06
106.0	1101.6761329368403	2e-06	0.3647284961887749	0.3647341278399272	0.36473808266744623	2.1172250407247616e-06
106.0	1101.6761329368403	2.4000000000000003e-06	0.36472520227795435	0.36473190764050056	0.3647364691523993	2.6072215057817976e-06
106.0	1101.6761329368403	2.8000000000000003e-06	0.3647214612917491	0.36472945941715984	0.3647347734352975	3.2383952975974754e-06
106.0	1101.6761329368403	3.2e-06	0.3647171687520485	0.36472634688392547	0.3647324484229335	3.916929466053111e-06
106.0	1101.6761329368403	3.6e-06	0.3647122358618331	0.3647226812111924	0.36473033812121614	4.838749747053411e-06
106.0	1101.6761329368403	4e-06	0.36470662771816365	0.3647176348320893	0.3647268099225549	5.834607978445113e-06
106.0	1101.6761329368403	4.4e-06	0.36470041010946375	0.36471048497446645	0.36472145262003863	6.859743720445811e-06
106.0	1101.6761329368403	4.800000000000001e-06	0.36469341788886744	0.364694129532676	0.3646947871887667	3.369697207962802e-07
106.0	1101.6761329368403	5.2e-06	0.36466778859595017	0.3646777957053906	0.36468738023991953	6.9186968063060855e-06
106.0	1101.6761329368403	5.600000000000001e-06	0.3646626129023911	0.3646708155992147	0.36468120774575663	5.854649214149789e-06
106.0	1101.6761329368403	6e-06	0.3646592884693849	0.364665975438645	0.3646757331631756	4.83228317041169e-06
106.0	1101.6761329368403	6.4e-06	0.3646573381287084	0.3646625370259719	0.36467096427778944	3.894447792425041e-06
106.0	1101.6761329368403	6.8e-06	0.3646552948282542	0.36465967620313655	0.36466684950404193	3.1936717417245e-06
106.0	1101.6761329368403	7.2e-06	0.3646538157701231	0.364657500681455	0.3646632908989158	2.5307673198624173e-06
106.0	1101.6761329368403	7.6e-06	0.3646524976405461	0.36465557694782713	0.36466016896631803	1.9989327143278144e-06
106.0	1101.6761329368403	8e-06	0.36465142948221363	0.3646539030873189	0.364657384759977	1.510595754027996e-06
106.0	1101.6761329368403	8.4e-06	0.3646502396081761	0.3646523076335085	0.3646548531033851	1.1165680739137903e-06
106.0	1101.6761329368403	8.8e-06	0.3646496740293781	0.36465082853666775	0.36465250180324116	7.312991521762074e-07
106.0	1101.6761329368403	9.2e-06	0.36464864421707155	0.36464935345733723	0.3646502688608422	4.175403695433612e-07
106.0	1101.6761329368403	9.600000000000001e-06	0.3646475087042633	0.36464789018258303	0.364648135215921	1.406718819574347e-07
106.0	1101.6761329368403	9.999999999999999e-06	0.36464590340466874	0.36464644198924506	0.3646467415068617	1.8410728157018222e-07
106.0	1101.6761329368403	1.04e-05	0.3646437075143396	0.3646450123087599	0.36464616090095614	5.11404205092937e-07
106.0	1101.6761329368403	1.08e-05	0.36464141909466896	0.3646435243386952	0.364645063830749	8.46171239125626e-07
106.0	1101.6761329368403	1.1200000000000001e-05	0.3646389786966431	0.36464199974941086	0.36464405935092614	1.2470983098426606e-06
106.0	1101.6761329368403	1.16e-05	0.36463631898240756	0.3646403215485895	0.3646429509183937	1.6822709091555627e-06
106.0	1101.6761329368403	1.2e-05	0.3646333641298769	0.3646384776372518	0.3646417030511113	2.2135302679548804e-06
106.0	1101.6761329368403	1.24e-05	0.3646300324358549	0.3646361442703181	0.3646400180459102	2.765550792101032e-06
106.0	1101.6761329368403	1.28e-05	0.3646262378291354	0.36463339363507596	0.36463845599223355	3.4901716061574687e-06
106.0	1101.6761329368403	1.32e-05	0.3646219553175145	0.36462961540619293	0.36463584787831316	4.264935363692392e-06
106.0	1101.6761329368403	1.36e-05	0.36461723135615465	0.3646242660693047	0.36463188172822925	5.0591389984761145e-06
106.0	1101.6761329368403	1.4e-05	0.36461181975792645	0.3646120501604151	0.3646122922298405	1.1526818516676035e-07
106.0	1101.6761329368403	1.44e-05	0.3645920686459352	0.3645998086400296	0.3646073431916763	5.215989968704718e-06
106.0	1101.6761329368403	1.48e-05	0.36458824176322846	0.36459459549075635	0.36460272820961226	4.419562286480207e-06
106.0	1101.6761329368403	1.52e-05	0.3645857951598508	0.3645909909405272	0.3645986164992081	3.6541244420568666e-06
106.0	1101.6761329368403	1.56e-05	0.3645843667129043	0.36458844035504245	0.3645950449073734	2.953704167103908e-06
106.0	1101.6761329368403	1.6e-05	0.364582872056161	0.36458632465975543	0.3645919764231387	2.431469063995801e-06
106.0	1101.6761329368403	1.6400000000000002e-05	0.36458180141100716	0.3645847254676547	0.3645893300329712	1.9400659626887172e-06
106.0	1101.6761329368403	1.68e-05	0.36458087570282594	0.3645833186581113	0.36458701889504397	1.5462032795675422e-06
106.0	1101.6761329368403	1.7199999999999998e-05	0.36458006867968695	0.3645821036644287	0.3645849685663851	1.1858614906018294e-06
106.0	1101.6761329368403	1.76e-05	0.364579219408383	0.3645809505537847	0.3645831153001442	8.967162025414587e-07
106.0	1101.6761329368403	1.8e-05	0.36457882165140454	0.3645798888726345	0.36458140543715256	6.157052639728788e-07
106.0	1101.6761329368403	1.84e-05	0.36457812203537454	0.364578833292886	0.36457979332467616	3.898886890785395e-07
106.0	1101.6761329368403	1.88e-05	0.3645773478895977	0.36457778997919776	0.36457823886306073	1.9126838437395412e-07
106.0	1101.6761329368403	1.9200000000000003e-05	0.36457656451533893	0.36457676126234734	0.3645769583639593	7.737786551724664e-08
106.0	1101.6761329368403	1.9600000000000002e-05	0.3645751274766251	0.3645757489680247	0.36457639959638133	2.723297003630687e-07
106.0	1101.6761329368403	1.9999999999999998e-05	0.36457352744256966	0.3645747035829239	0.36457560373834763	5.003034003860409e-07
106.0	1101.6761329368403	2.04e-05	0.3645718345378448	0.364573638058803	0.36457489067385485	7.733273573357866e-07
106.0	1101.6761329368403	2.08e-05	0.3645700031981054	0.36457247668400866	0.36457409177668154	1.0692664919417011e-06
106.0	1101.6761329368403	2.12e-05	0.36456798258713974	0.36457120990266917	0.3645732292823647	1.4297709280513588e-06
106.0	1101.6761329368403	2.16e-05	0.36456571903276735	0.36456962206206106	0.36457207924915025	1.8019243789633502e-06
106.0	1101.6761329368403	2.2e-05	0.36456315704853814	0.364567759668376	0.3645710172380232	2.288054854823081e-06
106.0	1101.6761329368403	2.2400000000000002e-05	0.3645602762995521	0.36456521864818825	0.36456925683812536	2.8053431112012007e-06
106.0	1101.6761329368403	2.28e-05	0.36455711206974684	0.36456163938872865	0.3645665991179987	3.334347794095508e-06
106.0	1101.6761329368403	2.32e-05	0.36455326080082884	0.3645535215199123	0.36455381410194754	1.2819132673097435e-07
106.0	1101.6761329368403	2.36e-05	0.36454015812084517	0.36454537473543697	0.3645505247440868	3.4988692955365176e-06
106.0	1101.6761329368403	2.4e-05	0.36453763989422416	0.36454192977051564	0.36454746969493623	2.9689468093557724e-06
106.0	1101.6761329368403	2.44e-05	0.3645360423655877	0.3645395610505078	0.36454476010557446	2.4613783801989615e-06
106.0	1101.6761329368403	2.48e-05	0.3645351167970281	0.36453789782607804	0.3645424189349553	1.999508097567431e-06
106.0	1101.6761329368403	2.5200000000000003e-05	0.36453415528198807	0.3645365267506631	0.3645404215090915	1.6570832647657043e-06
106.0	1101.6761329368403	2.56e-05	0.3645334752105258	0.3645355036297659	0.3645387108180538	1.3371645391455013e-06
106.0	1101.6761329368403	2.6e-05	0.364532887847397	0.36453461302655765	0.36453723022150797	1.0821694033564815e-06
106.0	1101.6761329368403	2.64e-05	0.36453238478384087	0.3645338562463521	0.3645359304141902	8.498635428190695e-07
106.0	1101.6761329368403	2.68e-05	0.3645318627614813	0.3645331447786629	0.3645347695833019	6.659311693553799e-07
106.0	1101.6761329368403	2.72e-05	0.36453162591686183	0.36453249965224566	0.36453371300097803	4.891752320642442e-07
106.0	1101.6761329368403	2.76e-05	0.3645312021416478	0.3645318626616702	0.36453273167695777	3.5130799335177597e-07
106.0	1101.6761329368403	2.8e-05	0.3645307383905383	0.36453123835208984	0.3645318008023084	2.3265070092264925e-07
106.0	1101.6761329368403	2.8400000000000003e-05	0.3645302763016929	0.3645306281137401	0.3645308982483648	1.240854745615898e-07
106.0	1101.6761329368403	2.88e-05	0.36452982875523343	0.3645300321790092	0.3645302642506323	7.57107925583754e-08
106.0	1101.6761329368403	2.92e-05	0.3645289931766271	0.3645294281048519	0.3645298074048755	1.7142158217423632e-07
106.0	1101.6761329368403	2.96e-05	0.364528118772232	0.36452882027681505	0.3645293964087175	3.117463011506608e-07
106.0	1101.6761329368403	2.9999999999999997e-05	0.36452713455393937	0.364528174198475	0.36452894405728564	4.6733301913726093e-07
106.0	1101.6761329368403	3.04e-05	0.3645260504296921	0.3645274824946209	0.36452846359599533	6.561419993938421e-07
106.0	1101.6761329368403	3.0799999999999996e-05	0.3645248557768417	0.3645266377101416	0.3645278137753234	8.484293277338372e-07
106.0	1101.6761329368403	3.12e-05	0.3645235275147991	0.3645256606165375	0.3645272481588906	1.0962604544863306e-06
106.0	1101.6761329368403	3.16e-05	0.36452205122586623	0.36452435239803616	0.36452632618310243	1.356166833046793e-06
106.0	1101.6761329368403	3.2e-05	0.36452038310708534	0.36452253675670904	0.36452496436484694	1.6196380600400785e-06
106.0	1101.6761329368403	3.2399999999999995e-05	0.3645182467017909	0.36451850224423293	0.3645187908781633	1.288332836950392e-07
106.0	1101.6761329368403	3.2800000000000004e-05	0.36451176943139973	0.36451443800343114	0.3645171615382754	1.7850109220643951e-06
106.0	1101.6761329368403	3.32e-05	0.3645105504629784	0.36451275583756665	0.36451566652721024	1.5204328610969761e-06
106.0	1101.6761329368403	3.36e-05	0.36450979572653175	0.3645116190378232	0.3645143589254891	1.2699461366562227e-06
106.0	1101.6761329368403	3.4e-05	0.36450936908812714	0.36451084019794117	0.3645132513358691	1.0459074625081016e-06
106.0	1101.6761329368403	3.4399999999999996e-05	0.3645089370262298	0.36451021117682025	0.3645123235949388	8.827700216692385e-07
106.0	1101.6761329368403	3.4800000000000006e-05	0.3645086440197014	0.36450976202261237	0.36451154791538354	7.336250808612022e-07
106.0	1101.6761329368403	3.52e-05	0.3645083936989941	0.3645093855890959	0.36451089682961335	6.169947511922018e-07
106.0	1101.6761329368403	3.56e-05	0.36450819238695686	0.3645090850219487	0.36451034612165234	5.121359824269156e-07
106.0	1101.6761329368403	3.6e-05	0.3645079948077985	0.3645088131605903	0.364509875843793	4.327550319960172e-07
106.0	1101.6761329368403	3.64e-05	0.36450791784223746	0.3645085824634453	0.3645094701038829	3.592134709259657e-07
106.0	1101.6761329368403	3.68e-05	0.3645077682534428	0.364508361845128	0.3645091164421652	3.0752466952646304e-07
106.0	1101.6761329368403	3.72e-05	0.36450761393098663	0.3645081542094817	0.36450880515677575	2.675810030581724e-07
106.0	1101.6761329368403	3.76e-05	0.3645074702439146	0.3645079599963979	0.36450852870622086	2.341918736483382e-07
106.0	1101.6761329368403	3.7999999999999995e-05	0.36450734755886494	0.36450777785936667	0.3645082812174625	2.058193070452428e-07
106.0	1101.6761329368403	3.8400000000000005e-05	0.36450724854687166	0.3645076120437387	0.3645080580921869	1.8149908701586988e-07
106.0	1101.6761329368403	3.88e-05	0.3645071468646153	0.3645074584751607	0.3645078556944874	1.593065866842014e-07
106.0	1101.6761329368403	3.9200000000000004e-05	0.3645070747244876	0.36450732320143825	0.36450767110251103	1.376216539900422e-07
106.0	1101.6761329368403	3.96e-05	0.3645069829643388	0.3645072009074655	0.3645075019058206	1.1654115025669382e-07
106.0	1101.6761329368403	3.9999999999999996e-05	0.36450689485020327	0.3645070904604066	0.3645073460259276	9.945947159434256e-08
106.0	1101.6761329368403	4.0400000000000006e-05	0.36450681767650916	0.36450698681503474	0.36450720153788474	8.395021338638236e-08
106.0	1101.6761329368403	4.08e-05	0.3645067531923143	0.36450689145874116	0.36450706654734066	7.1605467641447e-08
106.0	1101.6761329368403	4.12e-05	0.36450669192814544	0.36450680415743536	0.36450693976707704	6.147811914211517e-08
106.0	1101.6761329368403	4.16e-05	0.3645066214223629	0.36450672632840003	0.3645068297252516	5.53690721186644e-08
106.0	1101.6761329368403	4.2e-05	0.3645065779209382	0.36450668114049684	0.3645067737351466	5.113862717614772e-08
107.0	1112.7754048246045	0.0	0.3703545596875921	0.370357658797936	0.3703592059469516	1.0223270815620403e-06
107.0	1112.7754048246045	4e-07	0.37035257961247403	0.37035576132440157	0.37035739240390164	1.0597095370352636e-06
107.0	1112.7754048246045	8e-07	0.3703504007356777	0.3703538838309455	0.37035589442154127	1.1811004321125498e-06
107.0	1112.7754048246045	1.2000000000000002e-06	0.370348009717163	0.3703520302840622	0.3703550536101554	1.4167967197860906e-06
107.0	1112.7754048246045	1.6e-06	0.370345373733711	0.370350077057108	0.3703534640029913	1.7052600817265365e-06
107.0	1112.7754048246045	2e-06	0.3703424426456987	0.37034807489406496	0.37035203092251034	2.1173886691483148e-06
107.0	1112.7754048246045	2.4000000000000003e-06	0.3703391487697294	0.3703458547543128	0.37035041739978247	2.607388604678991e-06
107.0	1112.7754048246045	2.8000000000000003e-06	0.3703354078303409	0.3703434065802284	0.3703487217354082	3.2385429283269605e-06
107.0	1112.7754048246045	3.2e-06	0.37033111535208185	0.3703402940980275	0.3703463967534919	3.917051466403579e-06
107.0	1112.7754048246045	3.6e-06	0.37032618254465177	0.3703366284959178	0.37034428651815254	4.8388518248005115e-06
107.0	1112.7754048246045	4e-06	0.3703205745085123	0.3703315822187233	0.3703407584035272	5.834697713107015e-06
107.0	1112.7754048246045	4.4e-06	0.37031435703507043	0.3703244325147766	0.3703354012182727	6.859846219563224e-06
107.0	1112.7754048246045	4.800000000000001e-06	0.370307364892426	0.37030807735984617	0.3703087359180026	3.375250729403155e-07
107.0	1112.7754048246045	5.2e-06	0.3702817377723848	0.3702917441207534	0.3703013291577877	6.918274670595038e-06
107.0	1112.7754048246045	5.600000000000001e-06	0.37027656302851764	0.37028476422127693	0.3702951551845084	5.854303902031176e-06
107.0	1112.7754048246045	6e-06	0.3702732386626213	0.37027992419955924	0.37028968077081803	4.831992081464954e-06
107.0	1112.7754048246045	6.4e-06	0.37027128833916745	0.3702764858791268	0.37028491203879543	3.894201831230538e-06
107.0	1112.7754048246045	6.8e-06	0.37026924509000025	0.3702736251348515	0.3702807974016542	3.193453145972228e-06
107.0	1112.7754048246045	7.2e-06	0.37026776603248734	0.3702714496566544	0.3702772389158664	2.5305847087976585e-06
107.0	1112.7754048246045	7.6e-06	0.3702664474413533	0.3702695259423136	0.3702741170885089	1.998803646581124e-06
107.0	1112.7754048246045	8e-06	0.37026537983046026	0.3702678521108253	0.37027133297590353	1.5104942662357095e-06
107.0	1112.7754048246045	8.4e-06	0.37026418996449717	0.3702662566986797	0.3702688014039879	1.1164784822226467e-06
107.0	1112.7754048246045	8.8e-06	0.3702636236895609	0.3702647776392743	0.3702664501816262	7.312346801457909e-07
107.0	1112.7754048246045	9.2e-06	0.3702625930654282	0.3702633026010671	0.3702642173120152	4.175024711725567e-07
107.0	1112.7754048246045	9.600000000000001e-06	0.3702614574723109	0.37026183937324086	0.3702620851770737	1.4070873390487612e-07
107.0	1112.7754048246045	9.999999999999999e-06	0.3702598519983571	0.3702603912325245	0.37026069108044624	1.842294793729539e-07
107.0	1112.7754048246045	1.04e-05	0.370257656176598	0.3702589616078336	0.3702601113866706	5.11486395342374e-07
107.0	1112.7754048246045	1.08e-05	0.37025536782716273	0.370257473694787	0.3702590143801414	8.462312718111727e-07
107.0	1112.7754048246045	1.1200000000000001e-05	0.37025292750298266	0.3702559491786848	0.37025800942117826	1.2471530699956582e-06
107.0	1112.7754048246045	1.16e-05	0.3702502678684887	0.37025427107331915	0.370256901525047	1.6823465213529667e-06
107.0	1112.7754048246045	1.2e-05	0.3702473131043682	0.3702524272461888	0.37025565374165126	2.2136013122951588e-06
107.0	1112.7754048246045	1.24e-05	0.3702439815052765	0.370250093965034	0.37025396880132533	2.7656084174634958e-06
107.0	1112.7754048246045	1.28e-05	0.370240187016198	0.3702473434330955	0.3702524068397368	3.490221168923882e-06
107.0	1112.7754048246045	1.32e-05	0.3702359046426409	0.3702435653371415	0.3702497988424289	4.264983295410717e-06
107.0	1112.7754048246045	1.36e-05	0.3702311808419836	0.37023821618150543	0.37024583284063706	5.059208734400176e-06
107.0	1112.7754048246045	1.4e-05	0.3702257702378384	0.3702260005767407	0.37022624189804443	1.1509394048041379e-07
107.0	1112.7754048246045	1.44e-05	0.37020602121960167	0.3702137596598673	0.37022129304971596	5.215538240457334e-06
107.0	1112.7754048246045	1.48e-05	0.37020219447350833	0.37020854671997294	0.3702166782548657	4.41919102713977e-06
107.0	1112.7754048246045	1.52e-05	0.3701997479377406	0.3702049423091437	0.3702125667188305	3.6538086121633422e-06
107.0	1112.7754048246045	1.56e-05	0.3701983195074492	0.3702023918153827	0.37020899528318996	2.9534327398505835e-06
107.0	1112.7754048246045	1.6e-05	0.37019682490208794	0.3702002761976797	0.37020592693424614	2.431224120593466e-06
107.0	1112.7754048246045	1.6400000000000002e-05	0.3701957542575416	0.3701986770476445	0.37020328066321717	1.9398542205708072e-06
107.0	1112.7754048246045	1.68e-05	0.3701948286043395	0.3701972702556681	0.37020096962939153	1.5460414376895127e-06
107.0	1112.7754048246045	1.7199999999999998e-05	0.3701940216100512	0.3701960552891631	0.3701989193926254	1.1857210702886698e-06
107.0	1112.7754048246045	1.76e-05	0.3701931723466494	0.37019490221816764	0.37019706620864934	8.965792273646013e-07
107.0	1112.7754048246045	1.8e-05	0.3701927744751643	0.3701938405721521	0.37019535642052137	6.155754825495175e-07
107.0	1112.7754048246045	1.84e-05	0.37019207484785976	0.37019278503104763	0.37019374437741526	3.897506306636058e-07
107.0	1112.7754048246045	1.88e-05	0.37019130074125073	0.3701917417616801	0.37019218998135806	1.9107901728620896e-07
107.0	1112.7754048246045	1.9200000000000003e-05	0.370190517100335	0.3701907130947208	0.37019090974164026	7.709416059467719e-08
107.0	1112.7754048246045	1.9600000000000002e-05	0.37018907872900897	0.3701897008532776	0.3701903512929219	2.7230714362417434e-07
107.0	1112.7754048246045	1.9999999999999998e-05	0.37018747875900804	0.3701886555215948	0.3701895554047754	5.00309107887498e-07
107.0	1112.7754048246045	2.04e-05	0.3701857859207722	0.37018759006658314	0.37018884331691826	7.733504858743492e-07
107.0	1112.7754048246045	2.08e-05	0.37018395465193077	0.3701864287821279	0.37018804494965174	1.0693232043375396e-06
107.0	1112.7754048246045	2.12e-05	0.37018193411867006	0.37018516207858243	0.3701871825334866	1.4298322158807653e-06
107.0	1112.7754048246045	2.16e-05	0.37017967065179214	0.37018357431434407	0.37018603255741933	1.8019786700774584e-06
107.0	1112.7754048246045	2.2e-05	0.3701771087608554	0.3701817120122104	0.37018497063203437	2.288108068636442e-06
107.0	1112.7754048246045	2.2400000000000002e-05	0.3701742281311944	0.370179171107647	0.3701832103356235	2.8054010025413984e-06
107.0	1112.7754048246045	2.28e-05	0.3701710640405418	0.37017559200374933	0.37018055274431205	3.3344334719550764e-06
107.0	1112.7754048246045	2.32e-05	0.37016721489597426	0.37016747437799613	0.3701677662346965	1.2785067334556822e-07
107.0	1112.7754048246045	2.36e-05	0.37015411300458556	0.3701593281379167	0.37016447704234956	3.498438320527298e-06
107.0	1112.7754048246045	2.4e-05	0.3701515948934597	0.37015588335537314	0.37016142215682546	2.9685920472849045e-06
107.0	1112.7754048246045	2.44e-05	0.37014999741886356	0.37015351475482017	0.37015871271984313	2.461074671278081e-06
107.0	1112.7754048246045	2.48e-05	0.3701490718573597	0.37015185160681774	0.3701563716853018	1.9992442942310035e-06
107.0	1112.7754048246045	2.5200000000000003e-05	0.37014811038479856	0.3701504805955041	0.3701543743733442	1.6568423518553832e-06
107.0	1112.7754048246045	2.56e-05	0.37014743030732866	0.37014945750529726	0.3701526637844932	1.3369529297514219e-06
107.0	1112.7754048246045	2.6e-05	0.37014684299209044	0.3701485669087865	0.3701511832761879	1.082003827129109e-06
107.0	1112.7754048246045	2.64e-05	0.3701463399496481	0.3701478101456364	0.37014988354566114	8.497150772933662e-07
107.0	1112.7754048246045	2.68e-05	0.37014581792931533	0.3701470987074716	0.370148722782373	6.657822247667434e-07
107.0	1112.7754048246045	2.72e-05	0.3701455809660361	0.37014645360605836	0.3701476662603813	4.89028992004897e-07
107.0	1112.7754048246045	2.76e-05	0.37014515717156016	0.37014581664370216	0.3701466849910231	3.5115275719226945e-07
107.0	1112.7754048246045	2.8e-05	0.37014469344779144	0.37014519236784466	0.370145754166721	2.3246501040403365e-07
107.0	1112.7754048246045	2.8400000000000003e-05	0.3701442313886698	0.37014458216864055	0.37014485165999034	1.2380982279446856e-07
107.0	1112.7754048246045	2.88e-05	0.3701437835579968	0.3701439862758332	0.3701442182088437	7.53936318565755e-08
107.0	1112.7754048246045	2.92e-05	0.37014294803122816	0.3701433822428162	0.37014376132615645	1.7132818112796524e-07
107.0	1112.7754048246045	2.96e-05	0.37014207368207597	0.37014277447072774	0.37014335032928347	3.1173148190336696e-07
107.0	1112.7754048246045	2.9999999999999997e-05	0.3701410881602216	0.37014212846729666	0.3701428980954553	4.673776203490997e-07
107.0	1112.7754048246045	3.04e-05	0.37014000408487746	0.3701414368230938	0.3701424176026098	6.562072450198014e-07
107.0	1112.7754048246045	3.0799999999999996e-05	0.3701388094854421	0.37014059209005634	0.37014176783129304	8.484989280743782e-07
107.0	1112.7754048246045	3.12e-05	0.3701374812838578	0.37013961505752796	0.37014120223318336	1.0963419204031631e-06
107.0	1112.7754048246045	3.16e-05	0.37013600505094413	0.37013830691084854	0.3701402803005278	1.3562653377045328e-06
107.0	1112.7754048246045	3.2e-05	0.3701343384415896	0.3701364913609064	0.3701389185679851	1.619776937284459e-06
107.0	1112.7754048246045	3.2399999999999995e-05	0.37013220255971646	0.37013245693911717	0.37013274489694137	1.2849538123092524e-07
107.0	1112.7754048246045	3.2800000000000004e-05	0.3701257258200821	0.37012839309276385	0.37013111565931034	1.7846359025887866e-06
107.0	1112.7754048246045	3.32e-05	0.37012450690925025	0.370126711037306	0.3701296207491982	1.5201231398051843e-06
107.0	1112.7754048246045	3.36e-05	0.37012375218724536	0.3701255743021086	0.3701283132398734	1.2696765680916945e-06
107.0	1112.7754048246045	3.4e-05	0.3701233255297449	0.370124795494866	0.37012720571538615	1.0456667490773606e-06
107.0	1112.7754048246045	3.4399999999999996e-05	0.3701228934793983	0.37012416649789687	0.3701262780396801	8.825437215166395e-07
107.0	1112.7754048246045	3.4800000000000006e-05	0.37012260044552825	0.3701237173389065	0.3701255024118275	7.334197289300911e-07
107.0	1112.7754048246045	3.52e-05	0.3701223501445421	0.37012334087749504	0.37012485136582196	6.168271975923451e-07
107.0	1112.7754048246045	3.56e-05	0.3701221488288935	0.37012304029313403	0.3701243006874577	5.119787243147474e-07
107.0	1112.7754048246045	3.6e-05	0.37012195122796143	0.3701227684261911	0.3701238304306216	4.3259310380889123e-07
107.0	1112.7754048246045	3.64e-05	0.370121874128686	0.37012253771851095	0.37012342470448	3.5905223452106474e-07
107.0	1112.7754048246045	3.68e-05	0.37012172449267844	0.3701223170915552	0.3701230710503216	3.0736049626618383e-07
107.0	1112.7754048246045	3.72e-05	0.370121570158517	0.37012210945164237	0.3701227597671002	2.674082058675283e-07
107.0	1112.7754048246045	3.76e-05	0.37012142646636104	0.37012191523882737	0.3701224833139731	2.34003903231838e-07
107.0	1112.7754048246045	3.7999999999999995e-05	0.3701213037871556	0.3701217331043133	0.3701222358184353	2.0561318431571436e-07
107.0	1112.7754048246045	3.8400000000000005e-05	0.370121204825443	0.3701215672867337	0.370122012682633	1.8128082070376424e-07
107.0	1112.7754048246045	3.88e-05	0.3701211030821634	0.37012141372885404	0.3701218102710806	1.5906313739170892e-07
107.0	1112.7754048246045	3.9200000000000004e-05	0.37012103087119286	0.3701212784790788	0.3701216256623434	1.3732931667329268e-07
107.0	1112.7754048246045	3.96e-05	0.3701209392669593	0.37012115618954	0.37012145644644256	1.1620631423416168e-07
107.0	1112.7754048246045	3.9999999999999996e-05	0.3701208511386094	0.3701210457276172	0.37012130054545533	9.908652170900364e-08
107.0	1112.7754048246045	4.0400000000000006e-05	0.3701207739532686	0.37012094207145163	0.37012115603528883	8.353143361288853e-08
107.0	1112.7754048246045	4.08e-05	0.3701207093327614	0.37012084670230033	0.37012102102346756	7.113823699876154e-08
107.0	1112.7754048246045	4.12e-05	0.37012064822321733	0.3701207593971151	0.37012089422899574	6.096957332432265e-08
107.0	1112.7754048246045	4.16e-05	0.3701205776819929	0.37012068157472494	0.3701207842452261	5.484263646230859e-08
107.0	1112.7754048246045	4.2e-05	0.37012053427952285	0.3701206364365056	0.37012072838413435	5.061491655452486e-08
108.0	1123.8746767123687	0.0	0.37602810963202415	0.37603120928854594	0.37603275710607864	1.0225977431753044e-06
108.0	1123.8746767123687	4e-07	0.3760261295583627	0.37602931181740534	0.3760309439110312	1.0599722052004915e-06
108.0	1123.8746767123687	8e-07	0.37602395068698513	0.376027434332859	0.3760294459709419	1.181342368107056e-06
108.0	1123.8746767123687	1.2000000000000002e-06	0.37602155967815953	0.3760255807992225	0.37602860529355553	1.4170109116369686e-06
108.0	1123.8746767123687	1.6e-06	0.3760189237094034	0.3760236275870179	0.37602701570658326	1.705441542996383e-06
108.0	1123.8746767123687	2e-06	0.37601599264224017	0.3760216254560505	0.3760255826268377	2.117548523947728e-06
108.0	1123.8746767123687	2.4000000000000003e-06	0.37601269879490307	0.3760194053703452	0.3760239691000118	2.607553248869086e-06
108.0	1123.8746767123687	2.8000000000000003e-06	0.37600895789417255	0.37601695723963985	0.37602227347757466	3.2386910435293293e-06
108.0	1123.8746767123687	3.2e-06	0.3760046654523057	0.3760138448003213	0.3760199485205886	3.917176504272742e-06
108.0	1123.8746767123687	3.6e-06	0.37599973271491827	0.37601017925880137	0.37601783834078706	4.838960291325315e-06
108.0	1123.8746767123687	4e-06	0.37599412477039884	0.3760051330694251	0.37601431029811927	5.834797978902137e-06
108.0	1123.8746767123687	4.4e-06	0.37598790741298593	0.37599798349823355	0.3760089532134323	6.859964180478273e-06
108.0	1123.8746767123687	4.800000000000001e-06	0.3759809153436091	0.37598162857652323	0.37598228795596	3.3803463645624503e-07
108.0	1123.8746767123687	5.2e-06	0.375955290214824	0.37596529585789434	0.375974881356278	6.917884342955015e-06
108.0	1123.8746767123687	5.600000000000001e-06	0.37595011632448827	0.375958316134032	0.3759687060140262	5.853987281243873e-06
108.0	1123.8746767123687	6e-06	0.3759467920128401	0.3759534762292011	0.37596323174569246	4.831725774630701e-06
108.0	1123.8746767123687	6.4e-06	0.375944841703145	0.3759500379855333	0.37595846314547376	3.893976241239183e-06
108.0	1123.8746767123687	6.8e-06	0.3759427984952115	0.37594717730680577	0.37595434862021726	3.193251472216323e-06
108.0	1123.8746767123687	7.2e-06	0.37594131943881237	0.37594500186204866	0.3759507902366366	2.5304158105961773e-06
108.0	1123.8746767123687	7.6e-06	0.37594000041964026	0.3759430781587371	0.3759476684987888	1.9986842042778568e-06
108.0	1123.8746767123687	8e-06	0.37593893330619377	0.37594140434777956	0.3759448844652704	1.5104000219200387e-06
108.0	1123.8746767123687	8.4e-06	0.37593774344769315	0.3759398089685286	0.3759423529641568	1.1163942043025546e-06
108.0	1123.8746767123687	8.8e-06	0.3759371765243511	0.3759383299380411	0.3759400018061845	7.311731903560984e-07
108.0	1123.8746767123687	9.2e-06	0.3759361451489598	0.37593685493217927	0.37593776899617115	4.174647356575128e-07
108.0	1123.8746767123687	9.600000000000001e-06	0.3759350094712808	0.37593539174212887	0.37593563824365894	1.407389734231724e-07
108.0	1123.8746767123687	9.999999999999999e-06	0.3759334038018789	0.3759339436445341	0.3759342437944859	1.843465392566088e-07
108.0	1123.8746767123687	1.04e-05	0.3759312080343502	0.37593251406598394	0.3759336649724343	5.115695389201866e-07
108.0	1123.8746767123687	1.08e-05	0.375928919739704	0.375931026199509	0.3759325680157728	8.462955304752015e-07
108.0	1123.8746767123687	1.1200000000000001e-05	0.37592647947233093	0.37592950174520445	0.375931562679062	1.247215421900685e-06
108.0	1123.8746767123687	1.16e-05	0.375923819898353	0.37592782372130534	0.37593045520582624	1.682431620144558e-06
108.0	1123.8746767123687	1.2e-05	0.37592086520052526	0.37592597996369526	0.375929207488956	2.213686049189675e-06
108.0	1123.8746767123687	1.24e-05	0.3759175336668621	0.3759236467495627	0.3759275226003824	2.7656838840505383e-06
108.0	1123.8746767123687	1.28e-05	0.3759137392652159	0.37592089629868	0.37592596071275164	3.4902942222175535e-06
108.0	1123.8746767123687	1.32e-05	0.37590945699444234	0.3759171183053066	0.37592335280852485	4.265061554176991e-06
108.0	1123.8746767123687	1.36e-05	0.3759047333141714	0.3759117692874365	0.3759193869218107	5.059316658967362e-06
108.0	1123.8746767123687	1.4e-05	0.3758993236075874	0.3758995538827624	0.37589979451081135	1.149300547949991e-07
108.0	1123.8746767123687	1.44e-05	0.3758795763980265	0.3758873134504628	0.3758948458063598	5.215142406187394e-06
108.0	1123.8746767123687	1.48e-05	0.37587574975053784	0.3758821006672022	0.3758902311543979	4.4188691788690515e-06
108.0	1123.8746767123687	1.52e-05	0.3758733032597821	0.3758784963588981	0.3758861197519954	3.6535351506363158e-06
108.0	1123.8746767123687	1.56e-05	0.3758718748370713	0.37587594593089974	0.3758825484361319	2.9531965256439428e-06
108.0	1123.8746767123687	1.6e-05	0.3758703802670311	0.3758738303691014	0.3758794801903944	2.4310089362808904e-06
108.0	1123.8746767123687	1.6400000000000002e-05	0.3758693096194401	0.3758722312445965	0.3758768340101737	1.9396673168590717e-06
108.0	1123.8746767123687	1.68e-05	0.37586838400330613	0.3758708244562821	0.37587452305504687	1.5458990804393756e-06
108.0	1123.8746767123687	1.7199999999999998e-05	0.37586757703242224	0.3758696095036609	0.3758724728870648	1.185596853578985e-06
108.0	1123.8746767123687	1.76e-05	0.37586672777308383	0.3758684564590372	0.37587061976396274	8.964561251407431e-07
108.0	1123.8746767123687	1.8e-05	0.37586632978590906	0.3758673948355741	0.3758689100305137	6.154576635629194e-07
108.0	1123.8746767123687	1.84e-05	0.375865630140817	0.375866339320328	0.3758672980373401	3.896238467385573e-07
108.0	1123.8746767123687	1.88e-05	0.37586485605890996	0.37586529608220737	0.3758657436877124	1.9090390489296608e-07
108.0	1123.8746767123687	1.9200000000000003e-05	0.3758640721324982	0.3758642674518176	0.37586446368353066	7.6837221774254e-08
108.0	1123.8746767123687	1.9600000000000002e-05	0.37586263253044017	0.3758632552498867	0.37586390555736227	2.722947943359783e-07
108.0	1123.8746767123687	1.9999999999999998e-05	0.37586103260369175	0.37586220995746805	0.37586310962943514	5.003246289353544e-07
108.0	1123.8746767123687	2.04e-05	0.3758593398094492	0.3758611445565074	0.37586239842867997	7.733857522261701e-07
108.0	1123.8746767123687	2.08e-05	0.3758575085866065	0.37585998334459947	0.3758616005397428	1.0693938681334878e-06
108.0	1123.8746767123687	2.12e-05	0.3758554881029097	0.3758587167001764	0.37586073818150645	1.4299120913191633e-06
108.0	1123.8746767123687	2.16e-05	0.3758532246912081	0.375857128988827	0.3758595882459117	1.8020563381237122e-06
108.0	1123.8746767123687	2.2e-05	0.37585066285550806	0.3758552667506251	0.375858526384909	2.288191264838757e-06
108.0	1123.8746767123687	2.2400000000000002e-05	0.3758477823019808	0.3758527259243247	0.37585676616340535	2.805496783940074e-06
108.0	1123.8746767123687	2.28e-05	0.3758446183017323	0.3758491469229932	0.37585410866044366	3.334566016164608e-06
108.0	1123.8746767123687	2.32e-05	0.3758407710800489	0.3758410294159076	0.375841320605387	1.2753736787796325e-07
108.0	1123.8746767123687	2.36e-05	0.37582766974755266	0.37583288358070877	0.37583803152464856	3.4980732744544046e-06
108.0	1123.8746767123687	2.4e-05	0.37582515170816055	0.3758294389196877	0.3758349767513174	2.968295441361038e-06
108.0	1123.8746767123687	2.44e-05	0.37582355426164504	0.37582707039644986	0.3758322674199528	2.4608209106508407e-06
108.0	1123.8746767123687	2.48e-05	0.3758226286963815	0.37582540729551406	0.3758299264801481	1.9990223249116835e-06
108.0	1123.8746767123687	2.5200000000000003e-05	0.37582166724847355	0.3758240363240112	0.37582792924722686	1.656637180976208e-06
108.0	1123.8746767123687	2.56e-05	0.37582098716035084	0.3758230132463197	0.37582621872911304	1.3367716449594947e-06
108.0	1123.8746767123687	2.6e-05	0.3758203998742369	0.37582212264140924	0.3758247382812909	1.0818629195315452e-06
108.0	1123.8746767123687	2.64e-05	0.375819896847017	0.3758213658813154	0.3758234386027306	8.495878114150487e-07
108.0	1123.8746767123687	2.68e-05	0.3758193748245562	0.37582065445892043	0.37582227788448996	6.656521084881823e-07
108.0	1123.8746767123687	2.72e-05	0.3758191377415132	0.3758200093697639	0.3758212214019725	4.888997127808396e-07
108.0	1123.8746767123687	2.76e-05	0.37581871392119304	0.3758193724227953	0.37582024016762094	3.5101372994375097e-07
108.0	1123.8746767123687	2.8e-05	0.3758182502103731	0.3758187481676775	0.3758193093747595	2.3229666786282327e-07
108.0	1123.8746767123687	2.8400000000000003e-05	0.3758177881700657	0.3758181379945272	0.37581840689666546	1.2355819386191197e-07
108.0	1123.8746767123687	2.88e-05	0.3758173400395828	0.37581754213063023	0.3758177739776647	7.510968797022263e-08
108.0	1123.8746767123687	2.92e-05	0.3758165045452788	0.37581693812529254	0.37581731704902843	1.7125149248785708e-07
108.0	1123.8746767123687	2.96e-05	0.3758156302304396	0.37581633039504225	0.37581690604145024	3.117298447094236e-07
108.0	1123.8746767123687	2.9999999999999997e-05	0.3758146435106564	0.3758156844502401	0.375816453916344	4.674345887988509e-07
108.0	1123.8746767123687	3.04e-05	0.37581355945996897	0.3758149928490521	0.3758159733814006	6.562876936921476e-07
108.0	1123.8746767123687	3.0799999999999996e-05	0.37581236488657765	0.3758141481471746	0.3758153236468189	8.485870483662926e-07
108.0	1123.8746767123687	3.12e-05	0.3758110367142029	0.37581317115225527	0.3758147580530835	1.0964467570194187e-06
108.0	1123.8746767123687	3.16e-05	0.3758095605019802	0.3758118630464372	0.3758138361439478	1.3563933184689172e-06
108.0	1123.8746767123687	3.2e-05	0.37580789521815205	0.37581004754472036	0.3758124744672511	1.6199524411387642e-06
108.0	1123.8746767123687	3.2399999999999995e-05	0.37580575980349806	0.3758060131140586	0.3758063004583976	1.2818803261100382e-07
108.0	1123.8746767123687	3.2800000000000004e-05	0.3757992834056587	0.3758019495469177	0.3758046712795604	1.7843186663382024e-06
108.0	1123.8746767123687	3.32e-05	0.37579806451736975	0.3758002675524754	0.3758031764292591	1.5198652377997794e-06
108.0	1123.8746767123687	3.36e-05	0.375797309790018	0.37579913084823946	0.375801868975306	1.2694524729262704e-06
108.0	1123.8746767123687	3.4e-05	0.3757968831065739	0.37579835205096973	0.3758007614850216	1.045465274977229e-06
108.0	1123.8746767123687	3.4399999999999996e-05	0.3757964510544669	0.37579772305984027	0.3757998338470463	8.823521201301799e-07
108.0	1123.8746767123687	3.4800000000000006e-05	0.37579615799223465	0.3757972738831389	0.37579905824743065	7.332452203450672e-07
108.0	1123.8746767123687	3.52e-05	0.37579590769567783	0.3757968973838838	0.37579840722114444	6.166862554146012e-07
108.0	1123.8746767123687	3.56e-05	0.37579570637395676	0.3757965967734852	0.37579785655516584	5.118459175779089e-07
108.0	1123.8746767123687	3.6e-05	0.37579550875106094	0.3757963248925324	0.3757973863044839	4.32454349509985e-07
108.0	1123.8746767123687	3.64e-05	0.37579543151937767	0.3757960941670912	0.3757969805791852	3.589131588271274e-07
108.0	1123.8746767123687	3.68e-05	0.3757952818334065	0.37579587352443	0.3757966269212867	3.0721797357417105e-07
108.0	1123.8746767123687	3.72e-05	0.375795127477903	0.37579566587329516	0.3757963156303079	2.6725705485233837e-07
108.0	1123.8746767123687	3.76e-05	0.3757949837748402	0.3757954716539412	0.37579603916586013	2.3383804099455535e-07
108.0	1123.8746767123687	3.7999999999999995e-05	0.37579486109518356	0.3757952895154142	0.37579579165581567	2.054298600491689e-07
108.0	1123.8746767123687	3.8400000000000005e-05	0.37579476217695174	0.3757951236898537	0.3757955685026557	1.8108620852345492e-07
108.0	1123.8746767123687	3.88e-05	0.3757946603713709	0.3757949701366735	0.3757953660712152	1.588446728229744e-07
108.0	1123.8746767123687	3.9200000000000004e-05	0.37579458808680677	0.37579483490448334	0.3757951814404006	1.3706504409972324e-07
108.0	1123.8746767123687	3.96e-05	0.37579449662919284	0.37579471261437136	0.3757950122006326	1.15902918899523e-07
108.0	1123.8746767123687	3.9999999999999996e-05	0.37579440848186607	0.37579460213324045	0.37579485627450904	9.87490838683972e-08
108.0	1123.8746767123687	4.0400000000000006e-05	0.37579433127990214	0.3757944984622822	0.37579471173875145	8.315296803714496e-08
108.0	1123.8746767123687	4.08e-05	0.3757942665235836	0.375794403077251	0.37579457670269	7.071626407242181e-08
108.0	1123.8746767123687	4.12e-05	0.37579420555979137	0.3757943157659846	0.3757944498913437	6.051109131045752e-08
108.0	1123.8746767123687	4.16e-05	0.37579413497970027	0.37579423794949574	0.3757943399602448	5.436863464628338e-08
108.0	1123.8746767123687	4.2e-05	0.37579409167009015	0.37579419287137966	0.37579428422438177	5.014091106646573e-08
109.0	1134.9739486001329	0.0	0.38176124969885183	0.3817643498701294	0.38176589831642627	1.0228529704312328e-06
109.0	1134.9739486001329	4e-07	0.3817592696263805	0.38176245240112083	0.3817640854658988	1.06022012417798e-06
109.0	1134.9739486001329	8e-07	0.3817570907594403	0.3817605749246881	0.38176258756505277	1.1815714754811518e-06
109.0	1134.9739486001329	1.2000000000000002e-06	0.38175469975856746	0.38175872140314854	0.3817617470175696	1.4172152196989085e-06
109.0	1134.9739486001329	1.6e-06	0.38175206380191273	0.38175676820393023	0.3817601574452789	1.7056157922134696e-06
109.0	1134.9739486001329	2e-06	0.38174913275198286	0.38175476610242937	0.38175872436171154	2.117703895166568e-06
109.0	1134.9739486001329	2.4000000000000003e-06	0.38174583892841074	0.38175254606634296	0.3817571108329254	2.607714673892332e-06
109.0	1134.9739486001329	2.8000000000000003e-06	0.3817420980599282	0.3817500979743748	0.3817554152442142	3.2388385214145287e-06
109.0	1134.9739486001329	3.2e-06	0.3817378056394327	0.3817469855714701	0.3817530903075079	3.917303223577252e-06
109.0	1134.9739486001329	3.6e-06	0.38173287296171843	0.38174332008236284	0.3817509801744414	4.83907330308417e-06
109.0	1134.9739486001329	4e-06	0.3817272650958419	0.3817382739690911	0.3817474521936175	5.83490611319972e-06
109.0	1134.9739486001329	4.4e-06	0.3817210478387638	0.3817311245131474	0.38174209519503144	6.8600936801857e-06
109.0	1134.9739486001329	4.800000000000001e-06	0.38171405583840734	0.3817147697811298	0.3817154299098773	3.3850317647527913e-07
109.0	1134.9739486001329	5.2e-06	0.3816884325437089	0.3816984375277644	0.3817080234478336	6.917520684148501e-06
109.0	1134.9739486001329	5.600000000000001e-06	0.38168325942123804	0.3816914579548495	0.3817018468388884	5.8536944410149705e-06
109.0	1134.9739486001329	6e-06	0.3816799351537705	0.38168661814948507	0.38169637269724	4.831479960639028e-06
109.0	1134.9739486001329	6.4e-06	0.38167798485518034	0.3816831799702558	0.3816916042117091	3.893767599709633e-06
109.0	1134.9739486001329	6.8e-06	0.3816759416806539	0.38168031934661817	0.38168748978019007	3.1930640775476487e-06
109.0	1134.9739486001329	7.2e-06	0.3816744626256403	0.381678143927287	0.3816839314850746	2.5302586559286105e-06
109.0	1134.9739486001329	7.6e-06	0.38167314320832535	0.3816762202284687	0.38168080982415553	1.998573219079317e-06
109.0	1134.9739486001329	8e-06	0.3816720765498296	0.38167454643135085	0.3816780258580552	1.5103123225433197e-06
109.0	1134.9739486001329	8.4e-06	0.381670886698223	0.3816729510780681	0.38167549441674264	1.1163149512756422e-06
109.0	1134.9739486001329	8.8e-06	0.3816703191722812	0.38167147206985924	0.3816731433125966	7.31114760506523e-07
109.0	1134.9739486001329	9.2e-06	0.38166928710245873	0.3816699970894968	0.3816709105518372	4.174276315694161e-07
109.0	1134.9739486001329	9.600000000000001e-06	0.3816681513385989	0.38166853393006195	0.38166878106355817	1.4076358847180523e-07
109.0	1134.9739486001329	9.999999999999999e-06	0.38166654545768	0.3816670858681349	0.38166738629274644	1.844576783132895e-07
109.0	1134.9739486001329	1.04e-05	0.3816643497332697	0.3816656563281468	0.38166680830472366	5.116520402337668e-07
109.0	1134.9739486001329	1.08e-05	0.3816620614814834	0.3816641685001261	0.38166571138713135	8.46361875155981e-07
109.0	1134.9739486001329	1.1200000000000001e-05	0.3816596212577874	0.38166264409874284	0.3816647060676157	1.2472825430211604e-06
109.0	1134.9739486001329	1.16e-05	0.3816569617295391	0.3816609661454001	0.3816635986125023	1.6825229325139535e-06
109.0	1134.9739486001329	1.2e-05	0.3816540070810026	0.38165912244592304	0.38166235094854173	2.213780327135963e-06
109.0	1134.9739486001329	1.24e-05	0.3816506755912714	0.3816567892843277	0.3816606661012818	2.765772205733529e-06
109.0	1134.9739486001329	1.28e-05	0.3816468812537348	0.3816540388971971	0.38165910427318384	3.4903845115091412e-06
109.0	1134.9739486001329	1.32e-05	0.38164259905846	0.38165026098271737	0.3816564964433464	4.265162226019105e-06
109.0	1134.9739486001329	1.36e-05	0.3816378754673586	0.38164491206865636	0.381652530645221	5.059452765230337e-06
109.0	1134.9739486001329	1.4e-05	0.3816324665729107	0.3816326967840771	0.38163293677168575	1.147760352550365e-07
109.0	1134.9739486001329	1.44e-05	0.3816127209364435	0.38162045674378237	0.3816279881757083	5.214791254660641e-06
109.0	1134.9739486001329	1.48e-05	0.38160889435886514	0.3816152440766637	0.38162337363246124	4.418586691563559e-06
109.0	1134.9739486001329	1.52e-05	0.3816064478961083	0.38161163984258534	0.3816192623322472	3.6532954911675165e-06
109.0	1134.9739486001329	1.56e-05	0.38160501947437186	0.38160908946038957	0.38161569110801974	2.9529885887552366e-06
109.0	1134.9739486001329	1.6e-05	0.3816035249275229	0.3816069739377392	0.38161262294042064	2.4308179078605723e-06
109.0	1134.9739486001329	1.6400000000000002e-05	0.3816024542743177	0.3816053748260379	0.38160997682904974	1.93950083314996e-06
109.0	1134.9739486001329	1.68e-05	0.38160152868162367	0.3816039680307602	0.38160766593295303	1.545772973702466e-06
109.0	1134.9739486001329	1.7199999999999998e-05	0.3816007217301358	0.3816027530818469	0.3816056158158885	1.1854864204291651e-06
109.0	1134.9739486001329	1.76e-05	0.38159987247208704	0.38160160005339594	0.3816037627371527	8.963451332935329e-07
109.0	1134.9739486001329	1.8e-05	0.38159947436914177	0.3816005384428908	0.38160205304284744	6.153505975658353e-07
109.0	1134.9739486001329	1.84e-05	0.38159877470168	0.3815994829437433	0.3816004410846876	3.8950752757819763e-07
109.0	1134.9739486001329	1.88e-05	0.38159800063350335	0.3815984397268588	0.3815988867668576	1.9074227647362024e-07
109.0	1134.9739486001329	1.9200000000000003e-05	0.38159721640796285	0.38159741112280676	0.38159760697544076	7.660439034444423e-08
109.0	1134.9739486001329	1.9600000000000002e-05	0.38159577567480163	0.38159639895010905	0.3815970491764382	2.72290371877649e-07
109.0	1134.9739486001329	1.9999999999999998e-05	0.3815941757754411	0.3815953536861356	0.3815962532026598	5.003473003377927e-07
109.0	1134.9739486001329	2.04e-05	0.38159248300805526	0.3815942883276653	0.3815955428029243	7.73429743808504e-07
109.0	1134.9739486001329	2.08e-05	0.38159065181225404	0.3815931271746009	0.3815947453476216	1.0694744501063263e-06
109.0	1134.9739486001329	2.12e-05	0.38158863135669563	0.3815918605749934	0.3815938830315062	1.430005410985965e-06
109.0	1134.9739486001329	2.16e-05	0.3815863679755447	0.3815902728985851	0.3815927331233695	1.8021511510587434e-06
109.0	1134.9739486001329	2.2e-05	0.3815838061662564	0.38158841070308386	0.3815916713099199	2.288296622162602e-06
109.0	1134.9739486001329	2.2400000000000002e-05	0.3815809256557934	0.3815858699262472	0.3815899111409289	2.805620657552317e-06
109.0	1134.9739486001329	2.28e-05	0.38157776170855673	0.3815822909865968	0.3815872536945566	3.3347332508371995e-06
109.0	1134.9739486001329	2.32e-05	0.3815739162278451	0.3815741735032113	0.3815744640815355	1.2724963738474713e-07
109.0	1134.9739486001329	2.36e-05	0.38156081527710395	0.3815660279649941	0.3815711750710724	3.497760526705961e-06
109.0	1134.9739486001329	2.4e-05	0.3815582972764462	0.3815625833789082	0.38156812037043597	2.9680449048186722e-06
109.0	1134.9739486001329	2.44e-05	0.3815566998385309	0.38156021490073605	0.381565411108717	2.4606068160164417e-06
109.0	1134.9739486001329	2.48e-05	0.3815557742616775	0.3815585518243716	0.38156307023180247	1.99883379347243e-06
109.0	1134.9739486001329	2.5200000000000003e-05	0.3815548128249766	0.3815571808739893	0.3815610730504657	1.6564608509621636e-06
109.0	1134.9739486001329	2.56e-05	0.3815541327230232	0.38155615779487695	0.3815593625788063	1.3366151116216372e-06
109.0	1134.9739486001329	2.6e-05	0.3815535454516201	0.38155526717007454	0.38155788217003206	1.0817423747481803e-06
109.0	1134.9739486001329	2.64e-05	0.38155304243532484	0.38155451040234156	0.38155658252428104	8.494783401262203e-07
109.0	1134.9739486001329	2.68e-05	0.38155252040782184	0.3815537989851607	0.38155542183370006	6.655381262542168e-07
109.0	1134.9739486001329	2.72e-05	0.38155228320499823	0.3815531538985354	0.3815543653746083	4.88785305878231e-07
109.0	1134.9739486001329	2.76e-05	0.3815518593542002	0.3815525169571508	0.3815533841601688	3.5088926252693984e-07
109.0	1134.9739486001329	2.8e-05	0.3815513956452623	0.38155189271282036	0.38155245338426447	2.3214427319169775e-07
109.0	1134.9739486001329	2.8400000000000003e-05	0.3815509336154266	0.38155128255565407	0.3815515509206051	1.2332898235035598e-07
109.0	1134.9739486001329	2.88e-05	0.38155048517352963	0.381550686710642	0.38155091852047907	7.485614435813085e-08
109.0	1134.9739486001329	2.92e-05	0.38154964969659577	0.381550082722662	0.3815504615402414	1.711891134172396e-07
109.0	1134.9739486001329	2.96e-05	0.3815487753997244	0.381549475023369	0.3815500505146723	3.117387396159737e-07
109.0	1134.9739486001329	2.9999999999999997e-05	0.38154778758659535	0.3815488291245731	0.3815495984899595	4.6750094432075603e-07
109.0	1134.9739486001329	3.04e-05	0.3815467035420026	0.38154813755357064	0.38154911790617163	6.563795273859847e-07
109.0	1134.9739486001329	3.0799999999999996e-05	0.38154550897366946	0.38154729286724204	0.3815484681985426	8.486890478271636e-07
109.0	1134.9739486001329	3.12e-05	0.38154418080649677	0.38154631589175464	0.3815479025989337	1.0965691046549034e-06
109.0	1134.9739486001329	3.16e-05	0.38154270458777795	0.38154500780273487	0.38154698069840265	1.3565433698095781e-06
109.0	1134.9739486001329	3.2e-05	0.3815410404622064	0.38154319231564926	0.38154561905392903	1.6201552753974298e-06
109.0	1134.9739486001329	3.2399999999999995e-05	0.38153890546866087	0.3815391577994231	0.38153944459028644	1.279092782929547e-07
109.0	1134.9739486001329	3.2800000000000004e-05	0.38153242926508124	0.38153509442119593	0.38153781543656873	1.7840481399985517e-06
109.0	1134.9739486001329	3.32e-05	0.3815312103727049	0.3815334124495048	0.3815363206141429	1.5196492299432267e-06
109.0	1134.9739486001329	3.36e-05	0.38153045562511423	0.38153227575024573	0.38153501318677385	1.2692652937137418e-06
109.0	1134.9739486001329	3.4e-05	0.3815300289109116	0.3815314969454231	0.3815339057062186	1.0452959194056954e-06
109.0	1134.9739486001329	3.4399999999999996e-05	0.3815295968470016	0.3815308679459274	0.38153297808454845	8.821892188254149e-07
109.0	1134.9739486001329	3.4800000000000006e-05	0.3815293037560945	0.3815304187415696	0.38153220249489816	7.330965229988718e-07
109.0	1134.9739486001329	3.52e-05	0.38152905345209653	0.38153004219693654	0.38153155147274465	6.165678278552524e-07
109.0	1134.9739486001329	3.56e-05	0.38152885212269094	0.3815297415538126	0.38153100080580504	5.11734081197659e-07
109.0	1134.9739486001329	3.6e-05	0.3815286544780889	0.38152946965243684	0.381530530549802	4.3233575341568805e-07
109.0	1134.9739486001329	3.64e-05	0.38152857711589316	0.38152923890382295	0.38153012481543325	3.587936145498822e-07
109.0	1134.9739486001329	3.68e-05	0.3815284273783366	0.381529018240169	0.3815297711451979	3.0709474398875827e-07
109.0	1134.9739486001329	3.72e-05	0.381528272994073	0.38152881057259835	0.3815294598389958	2.6712537615481506e-07
109.0	1134.9739486001329	3.76e-05	0.3815281292758135	0.38152861634159185	0.38152918335673647	2.3369224046833428e-07
109.0	1134.9739486001329	3.7999999999999995e-05	0.3815280065909512	0.3815284341941496	0.3815289358265481	2.0526741065697965e-07
109.0	1134.9739486001329	3.8400000000000005e-05	0.38152790771077694	0.3815282683561751	0.3815287126511455	1.809133832075672e-07
109.0	1134.9739486001329	3.88e-05	0.38152780584240364	0.38152811480324894	0.3815285101956052	1.586493803950868e-07
109.0	1134.9739486001329	3.9200000000000004e-05	0.38152773348244295	0.38152797958389784	0.38152832553910887	1.3682692150714495e-07
109.0	1134.9739486001329	3.96e-05	0.38152764216360957	0.3815278572896344	0.3815281562724211	1.156289718588823e-07
109.0	1134.9739486001329	3.9999999999999996e-05	0.3815275539937222	0.38152774678635987	0.3815280003186192	9.844500496523157e-08
109.0	1134.9739486001329	4.0400000000000006e-05	0.3815274767713568	0.38152764309790854	0.3815278557551993	8.281254497891787e-08
109.0	1134.9739486001329	4.08e-05	0.3815274118800289	0.3815275476951011	0.38152772069323504	7.033721540310362e-08
109.0	1134.9739486001329	4.12e-05	0.3815273510543724	0.38152746037649	0.3815275938635452	6.010032404276148e-08
109.0	1134.9739486001329	4.16e-05	0.3815272804329073	0.38152738256584795	0.38152748398108915	5.3944735770132e-08
109.0	1134.9739486001329	4.2e-05	0.3815272372101228	0.3815273375579854	0.3815274283670975	4.9714544452677355e-08
110.0	1146.073220487897	0.0	0.3875538532513465	0.3875569539067325	0.3875585029425226	1.0230927687600679e-06
110.0	1146.073220487897	4e-07	0.3875518731798442	0.387555056439629	0.3875566904323531	1.0604532562694237e-06
110.0	1146.073220487897	8e-07	0.38754969431652153	0.38755317897061337	0.38755519256801385	1.181787591590604e-06
110.0	1146.073220487897	1.2000000000000002e-06	0.3875473033221466	0.38755132546016574	0.3875543521464495	1.4174092734340587e-06
110.0	1146.073220487897	1.6e-06	0.3875446673754084	0.38754937227245	0.38755276258434623	1.7057823199639194e-06
110.0	1146.073220487897	2e-06	0.38754173633965383	0.38754737019817204	0.38755132949312276	2.1178540935800807e-06
110.0	1146.073220487897	2.4000000000000003e-06	0.3875384425357149	0.38754515020788666	0.387549715963889	2.6078721636731057e-06
110.0	1146.073220487897	2.8000000000000003e-06	0.3875347016940136	0.3875427021506628	0.3875480204019732	3.238984475287921e-06
110.0	1146.073220487897	3.2e-06	0.3875304092844267	0.387539589778603	0.38754569548137585	3.917430618527646e-06
110.0	1146.073220487897	3.6e-06	0.3875254766573315	0.3875359243347369	0.38754358538731903	4.839189601714775e-06
110.0	1146.073220487897	4e-06	0.3875198688587451	0.38753087828716537	0.3875400574592591	5.83502042669829e-06
110.0	1146.073220487897	4.4e-06	0.3875136516882529	0.3875237289308688	0.38753470053356587	6.8602323820311004e-06
110.0	1146.073220487897	4.800000000000001e-06	0.3875066597529502	0.38750737435055427	0.3875080351600184	3.3893239238900965e-07
110.0	1146.073220487897	5.2e-06	0.3874810381472269	0.3874910425138151	0.3875006288155296	6.917181105370141e-06
110.0	1146.073220487897	5.600000000000001e-06	0.38747586571164305	0.3874840630705627	0.38749445104032976	5.8534229247237425e-06
110.0	1146.073220487897	6e-06	0.3874725414798519	0.38747922334967366	0.387488977009264	4.831252501673554e-06
110.0	1146.073220487897	6.4e-06	0.38747059119019056	0.38747578522426646	0.38748420862366206	3.893574217266896e-06
110.0	1146.073220487897	6.8e-06	0.38746854804248443	0.3874729246466652	0.38748009427093244	3.192889673818404e-06
110.0	1146.073220487897	7.2e-06	0.3874670689891131	0.38747074924588093	0.3874765360523762	2.5301123068688696e-06
110.0	1146.073220487897	7.6e-06	0.3874657492021223	0.3874688255460034	0.3874734144575305	1.998470158649072e-06
110.0	1146.073220487897	8e-06	0.3874646829595543	0.38746715175705515	0.3874706305488189	1.5102308792435358e-06
110.0	1146.073220487897	8.4e-06	0.38746349310871775	0.3874655564238509	0.3874680991578936	1.1162406531813584e-06
110.0	1146.073220487897	8.8e-06	0.38746292503136903	0.3874640774323343	0.38746574809858547	7.310595143256058e-07
110.0	1146.073220487897	9.2e-06	0.38746189232305284	0.3874626024717094	0.3874635153783288	4.1739146842423697e-07
110.0	1146.073220487897	9.600000000000001e-06	0.38746075647287537	0.38746113933685206	0.3874613870395107	1.4078299403656424e-07
110.0	1146.073220487897	9.999999999999999e-06	0.3874591503675404	0.3874596913042949	0.3874599919760371	1.845621374986053e-07
110.0	1146.073220487897	1.04e-05	0.3874569546769644	0.38745826179646314	0.3874594147852122	5.117327996812006e-07
110.0	1146.073220487897	1.08e-05	0.38745466645811	0.3874567740000933	0.3874583178975106	8.464289221758517e-07
110.0	1146.073220487897	1.1200000000000001e-05	0.38745222626720377	0.38745524964416017	0.38745731258777205	1.2473526649629114e-06
110.0	1146.073220487897	1.16e-05	0.38744956677244247	0.3874535717521845	0.3874562051498094	1.6826184059155346e-06
110.0	1146.073220487897	1.2e-05	0.3874466121591382	0.38745172810131817	0.38745495752716774	2.213881582779756e-06
110.0	1146.073220487897	1.24e-05	0.3874432806962034	0.38744939498020914	0.38745327271231833	2.7658703209457898e-06
110.0	1146.073220487897	1.28e-05	0.3874394864034345	0.38744664464236506	0.38745171093141284	3.490488230524159e-06
110.0	1146.073220487897	1.32e-05	0.38743520426100453	0.38744286678695306	0.38744910316002557	4.265280542494752e-06
110.0	1146.073220487897	1.36e-05	0.3874304807331166	0.38743751794830766	0.38744513742792286	5.059611101914804e-06
110.0	1146.073220487897	1.4e-05	0.3874250725707151	0.38742530271780323	0.38742554211748637	1.1463158456708206e-07
110.0	1146.073220487897	1.44e-05	0.38740532829906993	0.3874130629919652	0.387420593600619	5.2144785228368775e-06
110.0	1146.073220487897	1.48e-05	0.387401501768041	0.38740785040746534	0.38741597913770853	4.41833798702038e-06
110.0	1146.073220487897	1.52e-05	0.387399055319535	0.3874042462242192	0.3874118679135439	3.6530848975570584e-06
110.0	1146.073220487897	1.56e-05	0.3873976268936392	0.38740169587132556	0.38740829675753563	2.9528051127731956e-06
110.0	1146.073220487897	1.6e-05	0.3873961323601387	0.387399580373923	0.38740522864705884	2.430647964700788e-06
110.0	1146.073220487897	1.6400000000000002e-05	0.3873950616994932	0.38739798126452357	0.3874025825862395	1.9393523685269384e-06
110.0	1146.073220487897	1.68e-05	0.3873941361189779	0.3873965744535943	0.387400271732802	1.5456613702304482e-06
110.0	1146.073220487897	1.7199999999999998e-05	0.3873933291837339	0.387395359500046	0.3873982216518064	1.185388488895016e-06
110.0	1146.073220487897	1.76e-05	0.387392479924916	0.387394206479369	0.3873963686037518	8.962453544781485e-07
110.0	1146.073220487897	1.8e-05	0.38739208170678907	0.38739314487397053	0.38739465893574465	6.152537222702015e-07
110.0	1146.073220487897	1.84e-05	0.38739138201349466	0.3873920893829269	0.3873930470003053	3.8940136251022655e-07
110.0	1146.073220487897	1.88e-05	0.3873906079499898	0.3873910461790569	0.38739149270225415	1.9059388902020215e-07
110.0	1146.073220487897	1.9200000000000003e-05	0.38738982341508343	0.38739001759291786	0.3873902131011242	7.639434269338935e-08
110.0	1146.073220487897	1.9600000000000002e-05	0.3873883816508732	0.38738900544098037	0.38738965563451	2.722924991505121e-07
110.0	1146.073220487897	1.9999999999999998e-05	0.3873867817659331	0.3873879601965795	0.38738885961088965	5.003754892546215e-07
110.0	1146.073220487897	2.04e-05	0.3873850890114232	0.3873868948710713	0.3873881499269842	7.734803690951313e-07
110.0	1146.073220487897	2.08e-05	0.3873832578272065	0.38738573376551466	0.38738735286414094	1.0695624579285217e-06
110.0	1146.073220487897	2.12e-05	0.3873812373823178	0.3873844671989627	0.38738649057683006	1.4301090152346047e-06
110.0	1146.073220487897	2.16e-05	0.38737897401163224	0.3873828795427913	0.38738534068530406	1.8022592868759866e-06
110.0	1146.073220487897	2.2e-05	0.3873764122054091	0.38738101737252134	0.3873842789052011	2.2884193635516984e-06
110.0	1146.073220487897	2.2400000000000002e-05	0.38737353171092526	0.3873784766214224	0.3873825187699511	2.8057666708696745e-06
110.0	1146.073220487897	2.28e-05	0.38737036778601297	0.38737489770977773	0.3873798613535966	3.334927834417756e-06
110.0	1146.073220487897	2.32e-05	0.3873665238739612	0.3873667801726051	0.3873670701953129	1.2698670097363597e-07
110.0	1146.073220487897	2.36e-05	0.3873534231588538	0.3873586348419934	0.38736378122117543	3.497492203544823e-06
110.0	1146.073220487897	2.4e-05	0.38735090517026816	0.3873551902926081	0.3873607265607415	2.9678334841745757e-06
110.0	1146.073220487897	2.44e-05	0.3873493077253345	0.3873528218330652	0.3873580173390323	2.460426487249131e-06
110.0	1146.073220487897	2.48e-05	0.38734838213085876	0.3873511587628348	0.38735567649873204	1.9986738959967607e-06
110.0	1146.073220487897	2.5200000000000003e-05	0.38734742069452643	0.38734978781820717	0.38735367934603104	1.6563094219993933e-06
110.0	1146.073220487897	2.56e-05	0.3873467405765263	0.38734876472626784	0.3873519689007541	1.3364801627773997e-06
110.0	1146.073220487897	2.6e-05	0.3873461533079201	0.38734787407224996	0.3873504885133183	1.0816397503497163e-06
110.0	1146.073220487897	2.64e-05	0.387345650299209	0.38734711728816407	0.38734918888455905	8.493847500409188e-07
110.0	1146.073220487897	2.68e-05	0.3873451282645677	0.38734640586755287	0.3873480282073052	6.654387890104967e-07
110.0	1146.073220487897	2.72e-05	0.3873448909426207	0.3873457607755362	0.38734697175843014	4.886846527117209e-07
110.0	1146.073220487897	2.76e-05	0.3873444670578641	0.3873451238317384	0.38734599055151087	3.507785109175062e-07
110.0	1146.073220487897	2.8e-05	0.38734400334164487	0.3873444995900515	0.38734505978070555	2.3200715256826534e-07
110.0	1146.073220487897	2.8400000000000003e-05	0.38734354131546667	0.3873438894406042	0.38734415731988303	1.2312146001054118e-07
110.0	1146.073220487897	2.88e-05	0.3873430925532544	0.38734329360623504	0.38734352542573447	7.463156266847926e-08
110.0	1146.073220487897	2.92e-05	0.387342257081162	0.38734268962716234	0.38734306839024324	1.7113961802814555e-07
110.0	1146.073220487897	2.96e-05	0.3873413827886578	0.38734208194986347	0.38734265734102635	3.117565405540922e-07
110.0	1146.073220487897	2.9999999999999997e-05	0.38734039398743025	0.38734143608661575	0.387342205408717	4.6757482270942113e-07
110.0	1146.073220487897	3.04e-05	0.38733930993378074	0.38734074453523604	0.3873417247715789	6.564803637182544e-07
110.0	1146.073220487897	3.0799999999999996e-05	0.38733811535335594	0.3873398998516369	0.387341075082797	8.488020312492463e-07
110.0	1146.073220487897	3.12e-05	0.3873367871717335	0.3873389228805769	0.3873405094692872	1.0967053187476083e-06
110.0	1146.073220487897	3.16e-05	0.3873353109243478	0.38733761478845213	0.38733958756525944	1.3567109065389061e-06
110.0	1146.073220487897	3.2e-05	0.3873336477984184	0.38733579928819917	0.38733822593321676	1.6203797202685968e-06
110.0	1146.073220487897	3.2399999999999995e-05	0.38733151318585257	0.38733176462356433	0.38733205091985123	1.27658139066684e-07
110.0	1146.073220487897	3.2800000000000004e-05	0.3873250370540502	0.3873277013588628	0.3873304217634468	1.7838177992465533e-06
110.0	1146.073220487897	3.32e-05	0.38732381813602945	0.38732601937832667	0.3873289269424749	1.519469278903532e-06
110.0	1146.073220487897	3.36e-05	0.3873230633563045	0.38732488266263976	0.38732761951784145	1.2691100012586076e-06
110.0	1146.073220487897	3.4e-05	0.38732263660779065	0.38732410383586063	0.3873265120266103	1.0451545020152613e-06
110.0	1146.073220487897	3.4399999999999996e-05	0.3873222045240432	0.38732347481630064	0.38732558440347375	8.820514968561173e-07
110.0	1146.073220487897	3.4800000000000006e-05	0.387321911404646	0.38732302557617954	0.38732480880864983	7.329706867697989e-07
110.0	1146.073220487897	3.52e-05	0.38732166108338717	0.38732264898014035	0.3873241577777353	6.164695088409167e-07
110.0	1146.073220487897	3.56e-05	0.3873214597452188	0.38732234829893447	0.3873236070988364	5.116411747796222e-07
110.0	1146.073220487897	3.6e-05	0.3873212620795039	0.387322076371973	0.38732313682809316	4.322355547098557e-07
110.0	1146.073220487897	3.64e-05	0.38732118458907294	0.38732184559590255	0.3873227310765728	3.586920769884771e-07
110.0	1146.073220487897	3.68e-05	0.3873210347990117	0.38732162490707467	0.38732237738705955	3.0698944824063135e-07
110.0	1146.073220487897	3.72e-05	0.387320880379904	0.3873214172189367	0.38732206605967257	2.6701192157114996e-07
110.0	1146.073220487897	3.76e-05	0.3873207366431055	0.3873212229722165	0.3873217895544947	2.3356533074015467e-07
110.0	1146.073220487897	3.7999999999999995e-05	0.38732061394923534	0.38732104081196694	0.3873215419998104	2.0512474009910316e-07
110.0	1146.073220487897	3.8400000000000005e-05	0.3873205151025285	0.3873208749581323	0.387321318798481	1.807612837930127e-07
110.0	1146.073220487897	3.88e-05	0.3873204131713841	0.3873207214019678	0.3873211163157544	1.5847623858013073e-07
110.0	1146.073220487897	3.9200000000000004e-05	0.38732034073483934	0.38732058619169135	0.38732093163102643	1.3661388809373044e-07
110.0	1146.073220487897	3.96e-05	0.38732024954777167	0.38732046389057	0.3873207623353583	1.1538338901008097e-07
110.0	1146.073220487897	3.9999999999999996e-05	0.38732016135247616	0.3873203533630768	0.3873206063522634	9.817313153503184e-08
110.0	1146.073220487897	4.0400000000000006e-05	0.38732008410666285	0.3873202496552238	0.38732046175997237	8.250897849856076e-08
110.0	1146.073220487897	4.08e-05	0.3873200190813959	0.3873201542334289	0.3873203266712313	6.999992045077747e-08
110.0	1146.073220487897	4.12e-05	0.3873199583869722	0.38732006690677523	0.38732019982245003	5.973614833530793e-08
110.0	1146.073220487897	4.16e-05	0.3873198877222066	0.38731998910233284	0.38732008998545364	5.356984803169131e-08
110.0	1146.073220487897	4.2e-05	0.387319844580329	0.3873199441747263	0.387320034490128	4.933485822350534e-08
111.0	1157.1724923756612	0.0	0.39340570377960926	0.3934088048881456	0.393410354473696	1.023316805554174e-06
111.0	1157.1724923756612	4e-07	0.3934037237088832	0.39340690742274154	0.3934085422991389	1.0606712522048642e-06
111.0	1157.1724923756612	8e-07	0.393401544848456	0.3934050299605068	0.39340704446874586	1.1819903188318623e-06
111.0	1157.1724923756612	1.2000000000000002e-06	0.3933991538592929	0.3934031764602331	0.39340620416915684	1.4175925897806657e-06
111.0	1157.1724923756612	1.6e-06	0.39339651792053676	0.393401223282699	0.3934046146132699	1.705940590875515e-06
111.0	1157.1724923756612	2e-06	0.39339358689623793	0.39339922123360827	0.3934031815110046	2.1179985046967278e-06
111.0	1157.1724923756612	2.4000000000000003e-06	0.39339029310824447	0.3933970012856493	0.393401567982572	2.608025093740804e-06
111.0	1157.1724923756612	2.8000000000000003e-06	0.3933865522884208	0.39339455325955214	0.39339987244120245	3.2391281957157855e-06
111.0	1157.1724923756612	3.2e-06	0.393382259881756	0.39339144091329553	0.39339754753283707	3.917557915346273e-06
111.0	1157.1724923756612	3.6e-06	0.3933773272970216	0.393387775508097	0.39339543747069516	4.839308273272776e-06
111.0	1157.1724923756612	4e-06	0.39337171955534167	0.39338272951661224	0.3933919095869216	5.835139762224964e-06
111.0	1157.1724923756612	4.4e-06	0.3933655024588454	0.39337558024551966	0.3933865527216973	6.860378766539299e-06
111.0	1157.1724923756612	4.800000000000001e-06	0.3933585105847994	0.39335922578222304	0.3933598872049613	3.3932273910632215e-07
111.0	1157.1724923756612	5.2e-06	0.39333289052917486	0.39334289431724395	0.39335248095961806	6.916864192456154e-06
111.0	1157.1724923756612	5.600000000000001e-06	0.39332771870166017	0.393335914984329	0.39334630211904287	5.853171399373544e-06
111.0	1157.1724923756612	6e-06	0.39332439449799583	0.3933310753343505	0.39334082818394833	4.831042244288833e-06
111.0	1157.1724923756612	6.4e-06	0.39332244421538576	0.39332763725317094	0.3933360598848923	3.893395193771982e-06
111.0	1157.1724923756612	6.8e-06	0.3933204010886753	0.3933247767134044	0.3933319455978008	3.1927275843380996e-06
111.0	1157.1724923756612	7.2e-06	0.39331892203725793	0.3933226013249867	0.39332838744499377	2.5299762848168763e-06
111.0	1157.1724923756612	7.6e-06	0.393317601908473	0.39332067761911504	0.39332526590639194	1.998374769160087e-06
111.0	1157.1724923756612	8e-06	0.3933165360445754	0.3933190038333017	0.39332248204602394	1.5101555769179315e-06
111.0	1157.1724923756612	8.4e-06	0.39331534579096594	0.39331740851492825	0.3933199506970393	1.1161713213409086e-06
111.0	1157.1724923756612	8.8e-06	0.39331477761126266	0.393315929535168	0.39331759967453994	7.310075719763513e-07
111.0	1157.1724923756612	9.2e-06	0.3933137443206327	0.39331445458918846	0.39331536698701	4.173564566962212e-07
111.0	1157.1724923756612	9.600000000000001e-06	0.393312608384913	0.39331299147356524	0.3933132396837751	1.4079733789944834e-07
111.0	1157.1724923756612	9.999999999999999e-06	0.3933110020444248	0.39331154346479735	0.3933118443556536	1.8465923971030235e-07
111.0	1157.1724923756612	1.04e-05	0.3933088063795367	0.39331011398344384	0.3933112679253252	5.118110081340982e-07
111.0	1157.1724923756612	1.08e-05	0.3933065181849429	0.3933086262127343	0.3933101710592908	8.464957014106238e-07
111.0	1157.1724923756612	1.1200000000000001e-05	0.3933040780173389	0.39330710189564644	0.39330916575275054	1.2474245813119013e-06
111.0	1157.1724923756612	1.16e-05	0.3933014185454269	0.3933054240569047	0.3933080583311188	1.6827166410411528e-06
111.0	1157.1724923756612	1.2e-05	0.3932984639551522	0.3933035804462833	0.39330681073940177	2.2139880901605903e-06
111.0	1157.1724923756612	1.24e-05	0.3932951325045746	0.39330124735512945	0.3933051259490279	2.7659761763380803e-06
111.0	1157.1724923756612	1.28e-05	0.3932913382397567	0.39329849705389264	0.3933035642042677	3.4906028460651555e-06
111.0	1157.1724923756612	1.32e-05	0.3932870561304531	0.3932947192401774	0.3933009564771126	4.265413359309241e-06
111.0	1157.1724923756612	1.36e-05	0.3932823326431567	0.39328937045211176	0.39329699079098734	5.0597877884647005e-06
111.0	1157.1724923756612	1.4e-05	0.3932769251353161	0.39327715521857126	0.3932773940832712	1.1449648491534368e-07
111.0	1157.1724923756612	1.44e-05	0.3932571820368791	0.39326491573906397	0.39327244561994945	5.214200362513001e-06
111.0	1157.1724923756612	1.48e-05	0.3932533555323898	0.3932597032080272	0.3932678312126434	4.418119658133822e-06
111.0	1157.1724923756612	1.52e-05	0.39325090908647464	0.3932560990553088	0.39326372004172594	3.652900489937848e-06
111.0	1157.1724923756612	1.56e-05	0.3932494806522415	0.3932535487174133	0.3932601489334946	2.952643788208323e-06
111.0	1157.1724923756612	1.6e-05	0.3932479861237068	0.39325143323318307	0.3932570808616891	2.4304972544155826e-06
111.0	1157.1724923756612	1.6400000000000002e-05	0.3932469154543421	0.39324983411701475	0.39325443483543765	1.9392204860944374e-06
111.0	1157.1724923756612	1.68e-05	0.3932459898761831	0.3932484272830022	0.39325212401036946	1.545563230129585e-06
111.0	1157.1724923756612	1.7199999999999998e-05	0.3932451829545709	0.3932472123176586	0.39325007395250733	1.1853023121282772e-06
111.0	1157.1724923756612	1.76e-05	0.3932443336934499	0.393246059297514	0.3932482209232395	8.961562871719149e-07
111.0	1157.1724923756612	1.8e-05	0.3932439353611734	0.39324499769048904	0.3932465112703989	6.151667559092346e-07
111.0	1157.1724923756612	1.84e-05	0.3932432356392894	0.3932439422006867	0.3932448993470583	3.893052394140528e-07
111.0	1157.1724923756612	1.88e-05	0.39324246157253384	0.39324289900275733	0.3932433450584387	1.904586952633278e-07
111.0	1157.1724923756612	1.9200000000000003e-05	0.39324167672043764	0.3932418704272664	0.39324206562507236	7.62063425014128e-08
111.0	1157.1724923756612	1.9600000000000002e-05	0.3932402340265808	0.3932408582887745	0.39324150849652373	2.723002571891946e-07
111.0	1157.1724923756612	1.9999999999999998e-05	0.39323863414495985	0.3932398130563191	0.3932407124203934	5.004080975990837e-07
111.0	1157.1724923756612	2.04e-05	0.393236941391379	0.3932387477555416	0.3932400033669339	7.735362255442868e-07
111.0	1157.1724923756612	2.08e-05	0.3932351102055547	0.39323758668766173	0.3932392066573964	1.069656209712057e-06
111.0	1157.1724923756612	2.12e-05	0.39323308975643023	0.3932363201440337	0.39323834438711636	1.4302207822124933e-06
111.0	1157.1724923756612	2.16e-05	0.39323082637906204	0.3932347324954776	0.3932371945027482	1.8023781807091874e-06
111.0	1157.1724923756612	2.2e-05	0.3932282645561287	0.3932328703353967	0.39323613274346947	2.2885562952837734e-06
111.0	1157.1724923756612	2.2400000000000002e-05	0.393225384054416	0.39323032958960474	0.39323437262552385	2.8059308652757695e-06
111.0	1157.1724923756612	2.28e-05	0.39322222012548114	0.39322675067698964	0.39323171521600475	3.335144917303198e-06
111.0	1157.1724923756612	2.32e-05	0.39321837761476885	0.3932186330199164	0.39321892254268853	1.26748198830714e-07
111.0	1157.1724923756612	2.36e-05	0.3932052770093124	0.39321048781945095	0.3932156335756902	3.497263312439724e-06
111.0	1157.1724923756612	2.4e-05	0.39320275901021073	0.3932070432739012	0.3932125789274794	2.9676567871620933e-06
111.0	1157.1724923756612	2.44e-05	0.39320116154515805	0.39320467481029997	0.3932098697202209	2.4602762076349407e-06
111.0	1157.1724923756612	2.48e-05	0.39320023592821585	0.393203011730398	0.393207528893849	1.9985396144476378e-06
111.0	1157.1724923756612	2.5200000000000003e-05	0.39319927448311276	0.39320164077832587	0.39320553174980066	1.6561804219021641e-06
111.0	1157.1724923756612	2.56e-05	0.3931985943475267	0.3932006176638099	0.393203821313552	1.3363648181310842e-06
111.0	1157.1724923756612	2.6e-05	0.39319800707137276	0.3931997269726835	0.393202340932147	1.0815535196365698e-06
111.0	1157.1724923756612	2.64e-05	0.39319750406752974	0.39319897016483246	0.39320104130672195	8.493058550636108e-07
111.0	1157.1724923756612	2.68e-05	0.39319698202423226	0.39319825873339886	0.3931998806304353	6.653531865369048e-07
111.0	1157.1724923756612	2.72e-05	0.39319674458427567	0.3931976136292473	0.39319882418041274	4.885970883246054e-07
111.0	1157.1724923756612	2.76e-05	0.3931963206628266	0.39319697667621967	0.3931978429703751	3.506809952390949e-07
111.0	1157.1724923756612	2.8e-05	0.3931958569313352	0.3931963524302148	0.3931969121945169	2.3188494729370916e-07
111.0	1157.1724923756612	2.8400000000000003e-05	0.39319539490300404	0.3931957422814007	0.39319600972662894	1.2293526868163198e-07
111.0	1157.1724923756612	2.88e-05	0.3931949458135673	0.39319514645059744	0.39319537832562723	7.44351215723495e-08
111.0	1157.1724923756612	2.92e-05	0.3931941103354699	0.39319454247320107	0.3931949212325163	1.7110206462849745e-07
111.0	1157.1724923756612	2.96e-05	0.3931932360355379	0.39319393481017917	0.39319451015506246	3.1178215098283887e-07
111.0	1157.1724923756612	2.9999999999999997e-05	0.3931922463526236	0.39319328897342193	0.3931940583073965	4.676549490351076e-07
111.0	1157.1724923756612	3.04e-05	0.3931911622770059	0.3931925974325761	0.39319357761384044	6.565885773860815e-07
111.0	1157.1724923756612	3.0799999999999996e-05	0.3931899676698558	0.39319175274070933	0.39319292793687577	8.489240235164903e-07
111.0	1157.1724923756612	3.12e-05	0.39318863945698546	0.3931907757611525	0.3931923623028917	1.096852920743644e-06
111.0	1157.1724923756612	3.16e-05	0.3931871631621382	0.3931894676487646	0.3931914403851158	1.3568928260413489e-06
111.0	1157.1724923756612	3.2e-05	0.39318550088221293	0.3931876521113829	0.3931900787482805	1.620621928293781e-06
111.0	1157.1724923756612	3.2399999999999995e-05	0.39318336661435893	0.3931836172446597	0.393183903104827	1.2743406561410855e-07
111.0	1157.1724923756612	3.2800000000000004e-05	0.39317689044847004	0.39317955402785754	0.39318227392177185	1.7836234324586862e-06
111.0	1157.1724923756612	3.32e-05	0.39317567148659993	0.39317787201125687	0.3931807790794464	1.5193216207625493e-06
111.0	1157.1724923756612	3.36e-05	0.39317491666484994	0.39317673526075847	0.3931794716369339	1.268983353937148e-06
111.0	1157.1724923756612	3.4e-05	0.3931744898793186	0.393175956399694	0.39317836411740625	1.045038328044429e-06
111.0	1157.1724923756612	3.4399999999999996e-05	0.3931740577690457	0.39317532735005145	0.39317743647742986	8.819366805028052e-07
111.0	1157.1724923756612	3.4800000000000006e-05	0.3931737646217126	0.39317487806730256	0.3931766608643521	7.328658031145829e-07
111.0	1157.1724923756612	3.52e-05	0.39317351427470904	0.39317450141485627	0.39317600981356726	6.163897339335166e-07
111.0	1157.1724923756612	3.56e-05	0.39317331292705937	0.3931742006911183	0.3931754591132579	5.115658695449946e-07
111.0	1157.1724923756612	3.6e-05	0.39317311524108867	0.39317392873425827	0.3931749888197267	4.321526060756063e-07
111.0	1157.1724923756612	3.64e-05	0.393173037624976	0.3931736979272128	0.3931745830441935	3.5860755391995626e-07
111.0	1157.1724923756612	3.68e-05	0.3931728877819598	0.39317347720977913	0.3931742293295608	3.0690120212810753e-07
111.0	1157.1724923756612	3.72e-05	0.39317273332278635	0.3931732694976756	0.3931739179760321	2.6691587833028243e-07
111.0	1157.1724923756612	3.76e-05	0.39317258956474355	0.39317307523189204	0.39317364144375677	2.334565481050331e-07
111.0	1157.1724923756612	3.7999999999999995e-05	0.3931724668587009	0.3931728930556246	0.39317339386108063	2.0500113254974153e-07
111.0	1157.1724923756612	3.8400000000000005e-05	0.39317236804142386	0.3931727271831457	0.39317317063094226	1.8062921565842995e-07
111.0	1157.1724923756612	3.88e-05	0.39317226604788225	0.39317257362088515	0.3931729681186926	1.5832457895556274e-07
111.0	1157.1724923756612	3.9200000000000004e-05	0.39317219353400823	0.39317243841656274	0.3931727834038874	1.364252605513155e-07
111.0	1157.1724923756612	3.96e-05	0.39317210247217993	0.3931723161064498	0.39317261407783466	1.1516548271784428e-07
111.0	1157.1724923756612	3.9999999999999996e-05	0.3931720142491155	0.39317220555322446	0.3931724580644458	9.793274280222379e-08
111.0	1157.1724923756612	4.0400000000000006e-05	0.39317193697729724	0.39317210182457607	0.3931723134426397	8.22415443320557e-08
111.0	1157.1724923756612	4.08e-05	0.3931718718193933	0.3931720063830242	0.39317217832676477	6.970369186683961e-08
111.0	1157.1724923756612	4.12e-05	0.39317181124974443	0.39317191904798704	0.3931720514586097	5.941793608048994e-08
111.0	1157.1724923756612	4.16e-05	0.3931717405401338	0.39317184125034	0.39317194166444036	5.324337179669626e-08
111.0	1157.1724923756612	4.2e-05	0.3931716974733934	0.39317179641289257	0.3931718862846294	4.9001334438879173e-08
112.0	1168.2717642634254	0.0	0.3993165141750552	0.3993196157050208	0.3993211657997442	1.0235246098240706e-06
112.0	1168.2717642634254	4e-07	0.3993145341049278	0.39931771824112444	0.3993193539555353	1.0608736370984859e-06
112.0	1168.2717642634254	8e-07	0.399312355246737	0.39931584078507393	0.39931785615665216	1.1821791707061776e-06
112.0	1168.2717642634254	1.2000000000000002e-06	0.39930996426161425	0.39931398729411177	0.3993170159751003	1.417764655416863e-06
112.0	1168.2717642634254	1.6e-06	0.3993073283290691	0.3993120341255403	0.39931542642172513	1.7060900805911541e-06
112.0	1168.2717642634254	2e-06	0.39930439731372847	0.39931003209972804	0.39931399330532713	2.1181365747369276e-06
112.0	1168.2717642634254	2.4000000000000003e-06	0.39930110353827875	0.39930781219082767	0.3993123797788698	2.608172909570236e-06
112.0	1168.2717642634254	2.8000000000000003e-06	0.3992973627358021	0.39930536419247364	0.39931068425217475	3.239269086390533e-06
112.0	1168.2717642634254	3.2e-06	0.39929307032559613	0.39930225186731155	0.3993083593523643	3.91768448069929e-06
112.0	1168.2717642634254	3.6e-06	0.39928813777547756	0.3992985864945911	0.39930624931544134	4.83942860231184e-06
112.0	1168.2717642634254	4e-06	0.39928253008094483	0.3992935405500982	0.3993027214678655	5.835263259593102e-06
112.0	1168.2717642634254	4.4e-06	0.3992763130465917	0.3992863913505261	0.39929736465122545	6.860531757784383e-06
112.0	1168.2717642634254	4.800000000000001e-06	0.3992693212301095	0.3992700369716901	0.39927069894042244	3.396741114022212e-07
112.0	1168.2717642634254	5.2e-06	0.39924370258894903	0.39925370583593905	0.39926329277690265	6.916569129154984e-06
112.0	1168.2717642634254	5.600000000000001e-06	0.3992385312917017	0.3992467265952628	0.3992571129731779	5.852939101475945e-06
112.0	1168.2717642634254	6e-06	0.3992352071092524	0.39924188700353364	0.3992516391203855	4.83084853383942e-06
112.0	1168.2717642634254	6.4e-06	0.39923325683201316	0.39923844895764826	0.39924687089535293	3.893230027441742e-06
112.0	1168.2717642634254	6.8e-06	0.3992312137209799	0.399235588448076	0.3992427566618648	3.192577438989741e-06
112.0	1168.2717642634254	7.2e-06	0.39922973467190737	0.39923341306631216	0.3992391985646959	2.5298503386982946e-06
112.0	1168.2717642634254	7.6e-06	0.3992284142289506	0.3992314893499317	0.3992360770731702	1.9982869319025463e-06
112.0	1168.2717642634254	8e-06	0.3992273487074449	0.3992298155626487	0.39923329325273915	1.5100863814862899e-06
112.0	1168.2717642634254	8.4e-06	0.39922615809633566	0.39922822025429033	0.399230761937873	1.1161069991275082e-06
112.0	1168.2717642634254	8.8e-06	0.39922558981513045	0.3992267412817875	0.39922841094478745	7.309590413048236e-07
112.0	1168.2717642634254	9.2e-06	0.39922455599905415	0.39922526634581046	0.39922617828285567	4.1732274743942893e-07
112.0	1168.2717642634254	9.600000000000001e-06	0.39922341997915645	0.3992238032445445	0.39922405190113697	1.4080664218963323e-07
112.0	1168.2717642634254	9.999999999999999e-06	0.3992218133943961	0.39922235525446786	0.39922265633585585	1.847483932122457e-07
112.0	1168.2717642634254	1.04e-05	0.39921961774781956	0.3992209257944033	0.39922208062916287	5.11886036817833e-07
112.0	1168.2717642634254	1.08e-05	0.3992173295696624	0.39921943804390875	0.3992209837771741	8.465614851883692e-07
112.0	1168.2717642634254	1.1200000000000001e-05	0.3992148894168359	0.39921791375963933	0.3992199784678334	1.2474974066087596e-06
112.0	1168.2717642634254	1.16e-05	0.3992122299582306	0.3992162359667016	0.39921887106187626	1.682816610566573e-06
112.0	1168.2717642634254	1.2e-05	0.39920927538005824	0.39921439238873585	0.39921762349146217	2.214098594173494e-06
112.0	1168.2717642634254	1.24e-05	0.39920594392922304	0.39921205931803544	0.3992159387182914	2.7660882826385812e-06
112.0	1168.2717642634254	1.28e-05	0.3992021496772793	0.399209309041947	0.3992143769995131	3.4907265327580403e-06
112.0	1168.2717642634254	1.32e-05	0.3991978675834016	0.39920553125425257	0.3992117693035455	4.265558430367398e-06
112.0	1168.2717642634254	1.36e-05	0.3991931441163672	0.399200182494398	0.3992078036451092	5.059980079879775e-06
112.0	1168.2717642634254	1.4e-05	0.39918773718684797	0.39918796720687333	0.39918820559022716	1.143705562053485e-07
112.0	1168.2717642634254	1.44e-05	0.39916799508117506	0.3991757279119952	0.39918325715748537	5.2139542057613236e-06
112.0	1168.2717642634254	1.48e-05	0.39916416858549564	0.3991705154082407	0.3991786427835402	4.417929444284322e-06
112.0	1168.2717642634254	1.52e-05	0.3991617221319599	0.3991669112678579	0.39917453164534233	3.6527403664535775e-06
112.0	1168.2717642634254	1.56e-05	0.3991602936858776	0.3991643609321707	0.39917096056647505	2.952503096611437e-06
112.0	1168.2717642634254	1.6e-05	0.3991587991549368	0.3991622454503053	0.39916789251666884	2.4303645613819006e-06
112.0	1168.2717642634254	1.6400000000000002e-05	0.39915772847599307	0.3991606463192974	0.3991652465105773	1.9391042484849915e-06
112.0	1168.2717642634254	1.68e-05	0.39915680289131483	0.39915923945565435	0.399162935701022	1.5454778768193452e-06
112.0	1168.2717642634254	1.7199999999999998e-05	0.3991559959810935	0.3991580244721842	0.3991608856546698	1.1852274130278559e-06
112.0	1168.2717642634254	1.76e-05	0.39915514671653707	0.3991568714461391	0.39915903263352615	8.960776226683189e-07
112.0	1168.2717642634254	1.8e-05	0.39915474827146546	0.3991558098315343	0.3991573229859018	6.150895436959874e-07
112.0	1168.2717642634254	1.84e-05	0.3991540485187137	0.3991547543368985	0.3991557110652	3.892191244436515e-07
112.0	1168.2717642634254	1.88e-05	0.39915327444150606	0.39915371113863507	0.39915415677682553	1.9033671534196125e-07
112.0	1168.2717642634254	1.9200000000000003e-05	0.399152489266263	0.39915268256733444	0.39915287748851913	7.603992340900072e-08
112.0	1168.2717642634254	1.9600000000000002e-05	0.39915104574567817	0.39915167043577904	0.39915232070405704	2.72312978809942e-07
112.0	1168.2717642634254	1.9999999999999998e-05	0.3991494458575797	0.3991506252085064	0.39915152457363945	5.004443268037357e-07
112.0	1168.2717642634254	2.04e-05	0.39914775309440476	0.3991495599251251	0.3991508160646884	7.735962971196722e-07
112.0	1168.2717642634254	2.08e-05	0.39914592189536613	0.399148398886128	0.3991500196706097	1.069754480082086e-06
112.0	1168.2717642634254	2.12e-05	0.39914390142889467	0.3991471323564204	0.39914915740662593	1.430339171039031e-06
112.0	1168.2717642634254	2.16e-05	0.3991416380297599	0.39914554470430735	0.39914800752095303	1.8025059703555134e-06
112.0	1168.2717642634254	2.2e-05	0.39913907617286526	0.3991436825410727	0.39914694577114407	2.288705105850888e-06
112.0	1168.2717642634254	2.2400000000000002e-05	0.39913619564343694	0.3991411417824793	0.39914518565570223	2.80611039026128e-06
112.0	1168.2717642634254	2.28e-05	0.39913303168718084	0.39913756284323954	0.3991425282322547	3.3353810279639317e-06
112.0	1168.2717642634254	2.32e-05	0.39912919041335115	0.39912944500817665	0.39912973408706875	1.2653394516449719e-07
112.0	1168.2717642634254	2.36e-05	0.3991160898057631	0.3991212998687218	0.39912644510135475	3.4970704138328118e-06
112.0	1168.2717642634254	2.4e-05	0.3991135717764056	0.39911785529788907	0.3991233904405389	2.9675117974867774e-06
112.0	1168.2717642634254	2.44e-05	0.3991119742799114	0.39911548681016434	0.3991206812250212	2.4601534315194683e-06
112.0	1168.2717642634254	2.48e-05	0.39911104863649083	0.399113823706637	0.39911834039239213	1.9984288851595783e-06
112.0	1168.2717642634254	2.5200000000000003e-05	0.3991100871746749	0.39911245273545426	0.3991163432391298	1.6560721598434026e-06
112.0	1168.2717642634254	2.56e-05	0.3991094070204788	0.3991114295897901	0.399114632796457	1.3362677242463378e-06
112.0	1168.2717642634254	2.6e-05	0.3991088197275019	0.3991105388546843	0.39911315240745626	1.0814826361845791e-06
112.0	1168.2717642634254	2.64e-05	0.3991083167262408	0.39910978201658326	0.3991118527732187	8.492408449597316e-07
112.0	1168.2717642634254	2.68e-05	0.3991077946732151	0.3991090705678252	0.3991106920869232	6.652807012624088e-07
112.0	1168.2717642634254	2.72e-05	0.39910755711669577	0.39910842544563113	0.399109635625682	4.885221685609966e-07
112.0	1168.2717642634254	2.76e-05	0.3991071331563374	0.39910778847739276	0.3991086544031237	3.505964031503996e-07
112.0	1168.2717642634254	2.8e-05	0.3991066694023626	0.3991071642209454	0.3991077236132625	2.3177743302059294e-07
112.0	1168.2717642634254	2.8400000000000003e-05	0.39910620736676883	0.39910655406651396	0.39910682112960316	1.2277019730968285e-07
112.0	1168.2717642634254	2.88e-05	0.3991057579447954	0.3991059582330227	0.39910619020883686	7.426627163644656e-08
112.0	1168.2717642634254	2.92e-05	0.3991049224510439	0.399105354250932	0.39910573305662567	1.7107576512255033e-07
112.0	1168.2717642634254	2.96e-05	0.399104048133176	0.3991047465953456	0.39910532194710857	3.118147664494034e-07
112.0	1168.2717642634254	2.9999999999999997e-05	0.39910305767608634	0.39910410077700187	0.3991048701764983	4.6774037971452245e-07
112.0	1168.2717642634254	3.04e-05	0.3991019735671735	0.3991034092386382	0.39910438942444504	6.567029694846344e-07
112.0	1168.2717642634254	3.0799999999999996e-05	0.3991007789204497	0.399102564528794	0.3991037397530155	8.49053567779608e-07
112.0	1168.2717642634254	3.12e-05	0.3990994506615628	0.3991015875292941	0.39910317409301044	1.097010088221113e-06
112.0	1168.2717642634254	3.16e-05	0.3990979743029026	0.39910027938144793	0.3991022521525496	1.3570868580647161e-06
112.0	1168.2717642634254	3.2e-05	0.3990963127186875	0.39909846378572883	0.3991008904955615	1.6208790986269228e-06
112.0	1168.2717642634254	3.2399999999999995e-05	0.39909417876197306	0.39909442866980666	0.39909471415208575	1.2723668344919635e-07
112.0	1168.2717642634254	3.2800000000000004e-05	0.3990877024681092	0.399090365442211	0.39909308492113826	1.7834620824155038e-06
112.0	1168.2717642634254	3.32e-05	0.3990864834465748	0.3990886833654396	0.39909159003721584	1.5192036127864696e-06
112.0	1168.2717642634254	3.36e-05	0.3990857285743443	0.39908754656390416	0.3990902825585074	1.2688830739907822e-06
112.0	1168.2717642634254	3.4e-05	0.39908530174970025	0.3990867676577197	0.39908917499510466	1.0449455001556855e-06
112.0	1168.2717642634254	3.4399999999999996e-05	0.3990848696071909	0.3990861385691953	0.39908824732462733	8.818431612214777e-07
112.0	1168.2717642634254	3.4800000000000006e-05	0.3990845764327604	0.3990856892378628	0.399087471681689	7.327805138692632e-07
112.0	1168.2717642634254	3.52e-05	0.3990843260524768	0.3990853125247664	0.3990868206011946	6.163273783725127e-07
112.0	1168.2717642634254	3.56e-05	0.3990841246948813	0.39908501175471317	0.3990862698711348	5.115072029498743e-07
112.0	1168.2717642634254	3.6e-05	0.3990839269897215	0.3990847397642649	0.3990857995477466	4.3208607003312347e-07
112.0	1168.2717642634254	3.64e-05	0.3990838492506912	0.39908450892328495	0.3990853937422143	3.585393154450589e-07
112.0	1168.2717642634254	3.68e-05	0.39908369935460186	0.39908428817436087	0.3990850399974111	3.0682934975051044e-07
112.0	1168.2717642634254	3.72e-05	0.3990835448507344	0.39908408043542726	0.39908472861350486	2.668366382769063e-07
112.0	1168.2717642634254	3.76e-05	0.3990834010692037	0.39908388614774765	0.3990844520506158	2.3336531591221844e-07
112.0	1168.2717642634254	3.7999999999999995e-05	0.39908327834828583	0.399083703952745	0.3990842044370684	2.0489604110090404e-07
112.0	1168.2717642634254	3.8400000000000005e-05	0.39908317955679884	0.3990835380593136	0.3990839811758109	1.805166429780958e-07
112.0	1168.2717642634254	3.88e-05	0.3990830775014933	0.39908338448855013	0.3990837786322361	1.5819388082849236e-07
112.0	1168.2717642634254	3.9200000000000004e-05	0.3990830049098779	0.3990832492875113	0.39908359388600534	1.3626050954377424e-07
112.0	1168.2717642634254	3.96e-05	0.3990829139670602	0.39908312696667164	0.3990834245286292	1.1497472054232423e-07
112.0	1168.2717642634254	3.9999999999999996e-05	0.39908282571421516	0.39908301638658783	0.39908326848436904	9.772328243527816e-08
112.0	1168.2717642634254	4.0400000000000006e-05	0.3990827484141848	0.39908291263610296	0.39908312383279476	8.200968327780453e-08
112.0	1168.2717642634254	4.08e-05	0.39908268312515194	0.39908281717432187	0.39908298868978065	6.944800064262964e-08
112.0	1168.2717642634254	4.12e-05	0.3990826226741131	0.3990827298307923	0.39908286180228014	5.9145202855468856e-08
112.0	1168.2717642634254	4.16e-05	0.39908255191838027	0.3990826520406752	0.3990827520486917	5.2964838788224905e-08
112.0	1168.2717642634254	4.2e-05	0.3990825089211869	0.3990826073031777	0.3990826967812433	4.8713568263173755e-08
113.0	1179.3710361511896	0.0	0.40528594445306876	0.4052890463718313	0.4052905969341749	1.023715672931752e-06
113.0	1179.3710361511896	4e-07	0.40528396438337566	0.40528714890926115	0.4052887854145695	1.0610599046169406e-06
113.0	1179.3710361511896	8e-07	0.4052817855268094	0.40528527145882565	0.4052872876448541	1.1823536468505349e-06
113.0	1179.3710361511896	1.2000000000000002e-06	0.4052793945446327	0.40528341797635015	0.4052864475773923	1.4179249711765291e-06
113.0	1179.3710361511896	1.6e-06	0.40527675861664303	0.4052814648155898	0.40528485802295666	1.7062302982720463e-06
113.0	1179.3710361511896	2e-06	0.40527382760791664	0.40527946281122973	0.40528342488955715	2.1182678079453954e-06
113.0	1179.3710361511896	2.4000000000000003e-06	0.40527053384181233	0.405277242938252	0.40528181136626085	2.608315117993447e-06
113.0	1179.3710361511896	2.8000000000000003e-06	0.40526679305240343	0.4052747949644125	0.40528011584858614	3.2394066340235056e-06
113.0	1179.3710361511896	3.2e-06	0.4052625006332651	0.4052716826558608	0.40527779095380545	3.917809778676544e-06
113.0	1179.3710361511896	3.6e-06	0.4052575681103683	0.40526801730969353	0.4052756809356799	4.8395500015935494e-06
113.0	1179.3710361511896	4e-06	0.4052519604536462	0.4052629714034624	0.4052721531164769	5.835390240787594e-06
113.0	1179.3710361511896	4.4e-06	0.40524574347007825	0.40525582226226153	0.40526679633694496	6.86069054124945e-06
113.0	1179.3710361511896	4.800000000000001e-06	0.4052387517075182	0.40523946793679677	0.40524013038402273	3.399861830464128e-07
113.0	1179.3710361511896	5.2e-06	0.4052131343468437	0.40522313708928764	0.4052327242857672	6.916295421193145e-06
113.0	1179.3710361511896	5.600000000000001e-06	0.40520796350263133	0.4052161579235718	0.4052265436226721	5.852725571378668e-06
113.0	1179.3710361511896	6e-06	0.40520463933493645	0.40521131837804364	0.4052210698391301	4.830670980570562e-06
113.0	1179.3710361511896	6.4e-06	0.40520268906152523	0.40520788035897704	0.4052163016761732	3.893078425860223e-06
113.0	1179.3710361511896	6.8e-06	0.40520064596120786	0.4052050198723545	0.4052121874850352	3.192439026730912e-06
113.0	1179.3710361511896	7.2e-06	0.40519916691494995	0.4052028444918678	0.4052086294338597	2.5297343320669683e-06
113.0	1179.3710361511896	7.6e-06	0.40519784618529364	0.40520092076077	0.40520550798069266	1.9982065926200196e-06
113.0	1179.3710361511896	8e-06	0.40519678097052836	0.40519924696772364	0.4052027241922307	1.5100232928857097e-06
113.0	1179.3710361511896	8.4e-06	0.40519559004758765	0.405197651664876	0.4052001929040978	1.1160477367233938e-06
113.0	1179.3710361511896	8.8e-06	0.4051950214620934	0.40519617269544445	0.40519784193346897	7.309140126513412e-07
113.0	1179.3710361511896	9.2e-06	0.4051939873819945	0.40519469776514866	0.40519560929046516	4.172904516917585e-07
113.0	1179.3710361511896	9.600000000000001e-06	0.4051928512796863	0.40519323467369744	0.40519348371568675	1.40810876099237e-07
113.0	1179.3710361511896	9.999999999999999e-06	0.4051912444428174	0.40519178669756006	0.4051920879403976	1.8482909930825883e-07
113.0	1179.3710361511896	1.04e-05	0.40518904880772855	0.40519035725394514	0.40519151292022926	5.119573888611e-07
113.0	1179.3710361511896	1.08e-05	0.40518676063880044	0.4051888695186087	0.4051904160750839	8.466257103467511e-07
113.0	1179.3710361511896	1.1200000000000001e-05	0.40518432049291686	0.4051873452615425	0.4051894107573748	1.2475704637104682e-06
113.0	1179.3710361511896	1.16e-05	0.40518166103887054	0.40518566750747687	0.40518830336659395	1.68291752695479e-06
113.0	1179.3710361511896	1.2e-05	0.40517870646279786	0.4051838239551327	0.4051870558083994	2.2142121367488e-06
113.0	1179.3710361511896	1.24e-05	0.4051753750004279	0.40518149089612515	0.40518537104565144	2.7662055035888476e-06
113.0	1179.3710361511896	1.28e-05	0.4051715807475489	0.40517874063461395	0.4051838093433293	3.490857903776741e-06
113.0	1179.3710361511896	1.32e-05	0.4051672986528718	0.4051749628585087	0.40518120166636606	4.265714060003148e-06
113.0	1179.3710361511896	1.36e-05	0.40516257518744503	0.40516961410631436	0.4051772360186465	5.0601859177363045e-06
113.0	1179.3710361511896	1.4e-05	0.4051571687606188	0.405157398718391	0.4051576366747156	1.1425363363502008e-07
113.0	1179.3710361511896	1.44e-05	0.4051374274754478	0.40514515955111263	0.4051526882514782	5.2137382205088016e-06
113.0	1179.3710361511896	1.48e-05	0.40513360097250484	0.4051399470506216	0.40514807389046137	4.417765738295332e-06
113.0	1179.3710361511896	1.52e-05	0.4051311545021985	0.4051363429059221	0.405143962766112	3.6526031795350925e-06
113.0	1179.3710361511896	1.56e-05	0.4051297260412392	0.40513379256076537	0.40514039169966853	2.9523819645502107e-06
113.0	1179.3710361511896	1.6e-05	0.40512823150126476	0.4051316770713951	0.4051373236565059	2.4302490253963787e-06
113.0	1179.3710361511896	1.6400000000000002e-05	0.40512716081221	0.4051300779182212	0.40513467765732436	1.939002992527769e-06
113.0	1179.3710361511896	1.68e-05	0.4051262352128058	0.4051286710190629	0.4051323668514657	1.5454048290708421e-06
113.0	1179.3710361511896	1.7199999999999998e-05	0.4051254283119956	0.40512745601175254	0.40513031680596523	1.1851634533111993e-06
113.0	1179.3710361511896	1.76e-05	0.4051245790431892	0.40512630297397517	0.40512846378318557	8.960091444633027e-07
113.0	1179.3710361511896	1.8e-05	0.40512418048692034	0.4051252413464144	0.40512675413169585	6.15021980986082e-07
113.0	1179.3710361511896	1.84e-05	0.4051234807013646	0.405124185841453	0.40512514220502105	3.891430013685021e-07
113.0	1179.3710361511896	1.88e-05	0.40512270660699556	0.4051231426371719	0.40512358790855707	1.9022797024666642e-07
113.0	1179.3710361511896	1.9200000000000003e-05	0.4051219211041719	0.4051221140642012	0.40512230874242494	7.589472971994552e-08
113.0	1179.3710361511896	1.9600000000000002e-05	0.4051204768610219	0.4051211019336679	0.4051217523082826	2.7233014925846656e-07
113.0	1179.3710361511896	1.9999999999999998e-05	0.4051188769576184	0.40512005670545154	0.40512095612243737	5.004835662207174e-07
113.0	1179.3710361511896	2.04e-05	0.40511718417538223	0.4051189914327906	0.40512024807155367	7.736598098618118e-07
113.0	1179.3710361511896	2.08e-05	0.4051153529527003	0.40511783041464117	0.405119451956069	1.069856331268394e-06
113.0	1179.3710361511896	2.12e-05	0.40511333245710723	0.4051165638906802	0.405118589688402	1.4304630037415943e-06
113.0	1179.3710361511896	2.16e-05	0.40511106902265226	0.405114976224909	0.40511743979369985	1.8026412312266896e-06
113.0	1179.3710361511896	2.2e-05	0.4051085071164442	0.40511311404644057	0.4051163780428899	2.2888640306896783e-06
113.0	1179.3710361511896	2.2400000000000002e-05	0.4051056265408386	0.4051105732586739	0.40511461791637604	2.8063030775001532e-06
113.0	1179.3710361511896	2.28e-05	0.4051024625362345	0.40510699426964464	0.4051119604600615	3.335633535693766e-06
113.0	1179.3710361511896	2.32e-05	0.40509862233683247	0.40509887620450996	0.4050991648959208	1.263437987287902e-07
113.0	1179.3710361511896	2.36e-05	0.405085521625991	0.40509073106311433	0.40509587586810714	3.496910978951236e-06
113.0	1179.3710361511896	2.4e-05	0.4050830035487456	0.4050872864406612	0.40509282117219847	2.967396300402543e-06
113.0	1179.3710361511896	2.44e-05	0.405081406010809	0.4050849179106983	0.40509011192782207	2.460056291794926e-06
113.0	1179.3710361511896	2.48e-05	0.40508048033752164	0.4050832547709758	0.40508777107060734	1.998340194321234e-06
113.0	1179.3710361511896	2.5200000000000003e-05	0.4050795188519416	0.4050818837701677	0.40508577389188005	1.6559833918482896e-06
113.0	1179.3710361511896	2.56e-05	0.40507883867850136	0.40508086058567316	0.4050840634287365	1.3361878816975206e-06
113.0	1179.3710361511896	2.6e-05	0.4050782513602069	0.4050799698004924	0.40508258301976596	1.0814263205942242e-06
113.0	1179.3710361511896	2.64e-05	0.4050777483595551	0.40507921292635773	0.40508128336569627	8.491891124299575e-07
113.0	1179.3710361511896	2.68e-05	0.405077226296072	0.40507850145444396	0.4050801226594487	6.652208667619071e-07
113.0	1179.3710361511896	2.72e-05	0.40507698862469166	0.40507785630892834	0.40507906617787803	4.884595536600582e-07
113.0	1179.3710361511896	2.76e-05	0.40507656462358543	0.4050772193201263	0.40507808493431696	3.50524490937199e-07
113.0	1179.3710361511896	2.8e-05	0.4050761008404722	0.4050765950477402	0.40507715412239964	2.316844276608583e-07
113.0	1179.3710361511896	2.8400000000000003e-05	0.40507563879303543	0.4050759848820668	0.4050762516151538	1.2262606637207815e-07
113.0	1179.3710361511896	2.88e-05	0.40507518903454987	0.405075389040251	0.40507562116157025	7.412455773255801e-08
113.0	1179.3710361511896	2.92e-05	0.4050743535164072	0.40507478504773764	0.405075163949407	1.710601701555064e-07
113.0	1179.3710361511896	2.96e-05	0.40507347917107417	0.40507417739339835	0.4050747528045715	3.1185375782403357e-07
113.0	1179.3710361511896	2.9999999999999997e-05	0.40507248804799545	0.40507353158611914	0.40507430110357756	4.6783037732373003e-07
113.0	1179.3710361511896	3.04e-05	0.4050714038956551	0.4050728400429584	0.4050738202916566	6.568226067573133e-07
113.0	1179.3710361511896	3.0799999999999996e-05	0.4050702091978522	0.40507199530639193	0.40507317062003345	8.491895308656065e-07
113.0	1179.3710361511896	3.12e-05	0.4050688808797034	0.40507101827661596	0.40507260492922637	1.0971754076749706e-06
113.0	1179.3710361511896	3.16e-05	0.4050674044427476	0.40506971007960507	0.4050716829581269	1.3572912485127013e-06
113.0	1179.3710361511896	3.2e-05	0.4050657434067162	0.40506789440643387	0.4050703212670559	1.6211490739013935e-06
113.0	1179.3710361511896	3.2399999999999995e-05	0.40506360972957545	0.4050638589991957	0.40506414416155234	1.270656600311175e-07
113.0	1179.3710361511896	3.2800000000000004e-05	0.40505713322301684	0.4050597957073518	0.4050625148635225	1.7833315279324364e-06
113.0	1179.3710361511896	3.32e-05	0.40505591412780273	0.4050581135486591	0.4050610199196871	1.5191132652472868e-06
113.0	1179.3710361511896	3.36e-05	0.4050551591977376	0.40505697668149904	0.40505971238819605	1.2688074417453727e-06
113.0	1179.3710361511896	3.4e-05	0.405054732332343	0.4050561977205023	0.4050586047669409	1.0448745784069458e-06
113.0	1179.3710361511896	3.4399999999999996e-05	0.40505430015262345	0.4050555685852337	0.40505767705359474	8.81769708585938e-07
113.0	1179.3710361511896	3.4800000000000006e-05	0.4050540069521542	0.4050551192000662	0.40505690137030204	7.327137685250599e-07
113.0	1179.3710361511896	3.52e-05	0.40505375653177467	0.4050547424226675	0.40505625025122427	6.162815584961844e-07
113.0	1179.3710361511896	3.56e-05	0.40505355516395003	0.4050544416030331	0.4050556994839196	5.114644074319519e-07
113.0	1179.3710361511896	3.6e-05	0.4050533574408339	0.4050541695757896	0.40505522912434877	4.3203526826435727e-07
113.0	1179.3710361511896	3.64e-05	0.4050532795818116	0.40505393869834616	0.4050548232834963	3.58486759370174e-07
113.0	1179.3710361511896	3.68e-05	0.40505312963277706	0.4050537179154669	0.4050544695040701	3.067733405226898e-07
113.0	1179.3710361511896	3.72e-05	0.40505297508003313	0.40505351014724733	0.4050541580860978	2.667736821746715e-07
113.0	1179.3710361511896	3.76e-05	0.40505283127311387	0.4050533158352338	0.4050538814895761	2.3329113362787628e-07
113.0	1179.3710361511896	3.7999999999999995e-05	0.4050527085349689	0.4050531336191536	0.4050536338427415	2.0480898201233267e-07
113.0	1179.3710361511896	3.8400000000000005e-05	0.4050526097659315	0.4050529677028191	0.4050534105484793	1.8042308413700712e-07
113.0	1179.3710361511896	3.88e-05	0.40505250764968803	0.40505281412148164	0.4050532079721716	1.5808366738901228e-07
113.0	1179.3710361511896	3.9200000000000004e-05	0.4050524349801927	0.40505267892138563	0.4050530231935321	1.3611914613248146e-07
113.0	1179.3710361511896	3.96e-05	0.4050523441503424	0.4050525565883722	0.40505285380422773	1.1481060216816254e-07
113.0	1179.3710361511896	3.9999999999999996e-05	0.40505225586596616	0.4050524459805799	0.405052697728828	9.754422009864038e-08
113.0	1179.3710361511896	4.0400000000000006e-05	0.4050521785357821	0.4050523422074671	0.405052553047506	8.181284693401721e-08
113.0	1179.3710361511896	4.08e-05	0.4050521131173115	0.40505224672518836	0.4050524178775916	6.923230549503936e-08
113.0	1179.3710361511896	4.12e-05	0.405052052778923	0.40505215937320677	0.40505229097098017	5.8917421404787056e-08
113.0	1179.3710361511896	4.16e-05	0.40505198197600034	0.4050520815914231	0.40505218125600084	5.273371990287246e-08
113.0	1179.3710361511896	4.2e-05	0.405051939042945	0.4050520369635022	0.4050521260977398	4.8471096149004916e-08
114.0	1190.4703080389538	0.0	0.41131361130284816	0.41131671357688687	0.4113182645643976	1.0238895187780713e-06
114.0	1190.4703080389538	4e-07	0.41131163123343306	0.41131481611546866	0.4113164533632112	1.061229583292217e-06
114.0	1190.4703080389538	8e-07	0.41130945237791217	0.41131293867009966	0.411314955620397	1.1825132881046994e-06
114.0	1190.4703080389538	1.2000000000000002e-06	0.41130706139764595	0.41131108519531334	0.41131411566305776	1.4180730897688649e-06
114.0	1190.4703080389538	1.6e-06	0.4113044254726379	0.41130913204125935	0.4113125261040569	1.7063608112596983e-06
114.0	1190.4703080389538	2e-06	0.41130149446829734	0.4113071300565817	0.41131109295095847	2.1183917761037905e-06
114.0	1190.4703080389538	2.4000000000000003e-06	0.4112982007084831	0.4113049102164791	0.411309479432064	2.6084512933101215e-06
114.0	1190.4703080389538	2.8000000000000003e-06	0.4112944599280457	0.41130246226403333	0.411307783917894	3.239540402052614e-06
114.0	1190.4703080389538	3.2e-06	0.4112901674953857	0.4112993499677676	0.41130545902474225	3.917933356757248e-06
114.0	1190.4703080389538	3.6e-06	0.4112852349925671	0.4112956846424218	0.4113033490191986	4.839671983901422e-06
114.0	1190.4703080389538	4e-06	0.41127962736461665	0.4112906387659944	0.41129982122074615	5.835520157337542e-06
114.0	1190.4703080389538	4.4e-06	0.41127341042082044	0.41128348967041317	0.41129446446717743	6.8608544753021315e-06
114.0	1190.4703080389538	4.800000000000001e-06	0.4112664187085553	0.4112671353683024	0.4112677982262696	3.4025860972516093e-07
114.0	1190.4703080389538	5.2e-06	0.41124080249528383	0.4112508047691403	0.4112603921772946	6.91604275201221e-06
114.0	1190.4703080389538	5.600000000000001e-06	0.41123563202737756	0.41124382566169176	0.41125421075992996	5.852530514222793e-06
114.0	1190.4703080389538	6e-06	0.41123230786831133	0.4112389861507564	0.41124873703301645	4.83050933621174e-06
114.0	1190.4703080389538	6.4e-06	0.4112303575972769	0.4112355481503686	0.41124396892059156	3.892940206065321e-06
114.0	1190.4703080389538	6.8e-06	0.41122831450298136	0.41123268767974647	0.4112398547611358	3.1923122168851598e-06
114.0	1190.4703080389538	7.2e-06	0.4112268354600692	0.4112305122954132	0.4112362967466403	2.529628182407013e-06
114.0	1190.4703080389538	7.6e-06	0.41122551447100975	0.4112285885456223	0.4112331753234333	1.9981337223460575e-06
114.0	1190.4703080389538	8e-06	0.4112244495278361	0.41122691474275413	0.4112303915592834	1.5099663177382875e-06
114.0	1190.4703080389538	8.4e-06	0.4112232583389597	0.4112253194411468	0.41122786029081215	1.1159935748888185e-06
114.0	1190.4703080389538	8.8e-06	0.4112226892486799	0.41122384047083516	0.41122550933600444	7.308725535333686e-07
114.0	1190.4703080389538	9.2e-06	0.4112216551644279	0.41122236554213865	0.4112232767055888	4.1725964864265736e-07
114.0	1190.4703080389538	9.600000000000001e-06	0.41122051898174394	0.4112209024562092	0.41122115182280705	1.4080999515369888e-07
114.0	1190.4703080389538	9.999999999999999e-06	0.4112189118859879	0.41121945448951724	0.41121975586437287	1.8490096508979772e-07
114.0	1190.4703080389538	1.04e-05	0.4112167162559732	0.411218025057773	0.41121918149340875	5.120246808260666e-07
114.0	1190.4703080389538	1.08e-05	0.41121442808952047	0.41121653733282615	0.41121808464821097	8.466879444613725e-07
114.0	1190.4703080389538	1.1200000000000001e-05	0.4112119879432665	0.4112150130976514	0.4112170793169154	1.2476432328261305e-06
114.0	1190.4703080389538	1.16e-05	0.4112093284856311	0.41121333537589305	0.4112159719409352	1.6830187821619948e-06
114.0	1190.4703080389538	1.2e-05	0.4112063739023517	0.4112114918425474	0.4112147243862889	2.214327976324816e-06
114.0	1190.4703080389538	1.24e-05	0.41120304241817696	0.41120915878702585	0.4112130396275573	2.7663269574099122e-06
114.0	1190.4703080389538	1.28e-05	0.41119924815151254	0.41120640853018836	0.4112114779326692	3.490995883669119e-06
114.0	1190.4703080389538	1.32e-05	0.41119496604093086	0.4112026307521857	0.4112088702631853	4.2658789364998535e-06
114.0	1190.4703080389538	1.36e-05	0.41119024255972114	0.41119728198848465	0.41120490461022463	5.060403712936635e-06
114.0	1190.4703080389538	1.4e-05	0.4111848365603281	0.41118506645719805	0.41118530404131004	1.141455563680912e-07
114.0	1190.4703080389538	1.44e-05	0.4111650959298636	0.41117282736402394	0.41118035560792787	5.213551039864267e-06
114.0	1190.4703080389538	1.48e-05	0.4111612694048308	0.411167614844413	0.41117574124077017	4.417627339882381e-06
114.0	1190.4703080389538	1.52e-05	0.41115882290940675	0.4111640106799116	0.4111716301126451	3.652487922849274e-06
114.0	1190.4703080389538	1.56e-05	0.4111573944309024	0.41116146031445505	0.4111680590428026	2.9522795891128973e-06
114.0	1190.4703080389538	1.6e-05	0.4111558998758218	0.41115934480842964	0.41116499099195014	2.430149999273109e-06
114.0	1190.4703080389538	1.6400000000000002e-05	0.41115482917637003	0.4111577456263367	0.411162344987301	1.9389162144596237e-06
114.0	1190.4703080389538	1.68e-05	0.4111539035545402	0.41115633868629065	0.41116003417411306	1.5453437150798402e-06
114.0	1190.4703080389538	1.7199999999999998e-05	0.41115309666134614	0.41115512364990264	0.4111579841195345	1.1851101659746273e-06
114.0	1190.4703080389538	1.76e-05	0.41115224738771605	0.41115397059502323	0.41115613108604787	8.959506747456858e-07
114.0	1190.4703080389538	1.8e-05	0.41115184872203603	0.4111529089495722	0.41115442142226666	6.149639716505582e-07
114.0	1190.4703080389538	1.84e-05	0.41115114890198967	0.41115185342923893	0.41115280948165633	3.8907683664756055e-07
114.0	1190.4703080389538	1.88e-05	0.41115037478410343	0.4111508102137081	0.4111512551694201	1.9013244317027185e-07
114.0	1190.4703080389538	1.9200000000000003e-05	0.41114958895053544	0.41114978163366284	0.41114997610245485	7.577043015397187e-08
114.0	1190.4703080389538	1.9600000000000002e-05	0.4111481440896956	0.4111487694986912	0.41114942002494637	2.723513578666409e-07
114.0	1190.4703080389538	1.9999999999999998e-05	0.411146544162893	0.41114772426388807	0.41114862378298866	5.005253398773632e-07
114.0	1190.4703080389538	2.04e-05	0.41114485135293766	0.4111466589957713	0.41114791610352786	7.73726163372978e-07
114.0	1190.4703080389538	2.08e-05	0.41114302009708226	0.41114549799100886	0.41114712023061895	1.0699610333792238e-06
114.0	1190.4703080389538	2.12e-05	0.4111409995616162	0.4111442314652498	0.4111462579498788	1.4305913615134847e-06
114.0	1190.4703080389538	2.16e-05	0.4111387360794678	0.4111426437765362	0.4111451080389994	1.8027828502672255e-06
114.0	1190.4703080389538	2.2e-05	0.4111361741100472	0.41114078157172246	0.4111440462774034	2.289031691568773e-06
114.0	1190.4703080389538	2.2400000000000002e-05	0.41113329347136673	0.41113824073974947	0.4111422861271956	2.80650723588672e-06
114.0	1190.4703080389538	2.28e-05	0.41113012939912785	0.4111346616796884	0.4111396286205098	3.3359003897739668e-06
114.0	1190.4703080389538	2.32e-05	0.4111262901135513	0.4111265433370394	0.41112683169752273	1.2617759009922464e-07
114.0	1190.4703080389538	2.36e-05	0.4111131892066133	0.4111183981355108	0.4111235426061217	3.496783072271413e-06
114.0	1190.4703080389538	2.4e-05	0.41111067106545995	0.4111149534372402	0.4111204878544257	2.9673085976005643e-06
114.0	1190.4703080389538	2.44e-05	0.411109073477097	0.4111125848484262	0.4111177785622129	2.4599833543254374e-06
114.0	1190.4703080389538	2.48e-05	0.4111081477710137	0.4111109216610092	0.41111543766351577	1.9982723750694455e-06
114.0	1190.4703080389538	2.5200000000000003e-05	0.41110718625530307	0.41110955062095583	0.41111344044433284	1.655913153441347e-06
114.0	1190.4703080389538	2.56e-05	0.4111065060622803	0.411108527390642	0.4111117299477627	1.336124507609747e-06
114.0	1190.4703080389538	2.6e-05	0.4111059187107786	0.4111076365498973	0.4111102495074084	1.0813839530368636e-06
114.0	1190.4703080389538	2.64e-05	0.4111054157089846	0.411106879634492	0.4111089498233529	8.491501653494878e-07
114.0	1190.4703080389538	2.68e-05	0.41110489363457514	0.41110616813411377	0.4111077890880033	6.651732953891633e-07
114.0	1190.4703080389538	2.72e-05	0.4111046558502389	0.41110552296048514	0.4111067325777418	4.884089484218101e-07
114.0	1190.4703080389538	2.76e-05	0.41110423180682965	0.41110488594625266	0.41110575130540195	3.5046503144145776e-07
114.0	1190.4703080389538	2.8e-05	0.41110376798833936	0.4111042616529183	0.4111048204640664	2.3160574126771525e-07
114.0	1190.4703080389538	2.8400000000000003e-05	0.41110330592488253	0.4111036514708636	0.41110391792610645	1.225026636896593e-07
114.0	1190.4703080389538	2.88e-05	0.4111028558270684	0.4111030556155634	0.4111032879264833	7.400952201013575e-08
114.0	1190.4703080389538	2.92e-05	0.411102020276509	0.41110245160739445	0.4111028306539728	1.7105480952276485e-07
114.0	1190.4703080389538	2.96e-05	0.41110114589494984	0.4111018439486155	0.41110241947100246	3.1189861274808926e-07
114.0	1190.4703080389538	2.9999999999999997e-05	0.4111001542141208	0.411101198145611	0.41110196783231956	4.679243490529537e-07
114.0	1190.4703080389538	3.04e-05	0.4110990700091408	0.4111005065909691	0.4111014869596783	6.569467429587519e-07
114.0	1190.4703080389538	3.0799999999999996e-05	0.41109787524979335	0.41109966181968205	0.41110083728254754	8.49331008596354e-07
114.0	1190.4703080389538	3.12e-05	0.41109654686032115	0.41109868475016415	0.41110027155674445	1.0973477540018394e-06
114.0	1190.4703080389538	3.16e-05	0.4110950703320526	0.41109737649144773	0.4110993495478077	1.3575046044602842e-06
114.0	1190.4703080389538	3.2e-05	0.41109340969944164	0.41109556072335224	0.41109798780985685	1.6214301409992366e-06
114.0	1190.4703080389538	3.2399999999999995e-05	0.4110912762718524	0.4110915249866064	0.411091809886563	1.2692063191279017e-07
114.0	1190.4703080389538	3.2800000000000004e-05	0.41108479947515963	0.4110874615811678	0.41109018050385693	1.783230023659693e-06
114.0	1190.4703080389538	3.32e-05	0.41108358029366254	0.4110857793206541	0.41108868548329625	1.519049005430859e-06
114.0	1190.4703080389538	3.36e-05	0.4110828252992551	0.4110846423745719	0.4110873778837911	1.2687550899703136e-06
114.0	1190.4703080389538	3.4e-05	0.4110823983918177	0.4110838633499733	0.4110862701919835	1.044824408276228e-06
114.0	1190.4703080389538	3.4399999999999996e-05	0.411081966170495	0.41108323416084486	0.41108534242441674	8.817153250918113e-07
114.0	1190.4703080389538	3.4800000000000006e-05	0.4110816729452029	0.4110827847171545	0.41108456669115157	7.326647014388366e-07
114.0	1190.4703080389538	3.52e-05	0.4110814224784871	0.4110824078722752	0.4110839155253778	6.162515316966725e-07
114.0	1190.4703080389538	3.56e-05	0.4110812211002761	0.41108210700020803	0.41108336471399465	5.114368236611995e-07
114.0	1190.4703080389538	3.6e-05	0.41108102336055286	0.41108183493334627	0.4110828943125018	4.319996050985305e-07
114.0	1190.4703080389538	3.64e-05	0.4110809453845983	0.411081604017251	0.4110824884315294	3.584493429332196e-07
114.0	1190.4703080389538	3.68e-05	0.41108079538292763	0.41108138319828247	0.41108213461349763	3.067326661818996e-07
114.0	1190.4703080389538	3.72e-05	0.41108064077746764	0.41108117539864264	0.4110818231581925	2.66726520663066e-07
114.0	1190.4703080389538	3.76e-05	0.4110804969435291	0.4110809810601666	0.4110815465254092	2.3323352004343017e-07
114.0	1190.4703080389538	3.7999999999999995e-05	0.41108037418608045	0.4110807988209591	0.41108129884322153	2.0473948000003416e-07
114.0	1190.4703080389538	3.8400000000000005e-05	0.41108027543638404	0.4110806328800462	0.411081075514395	1.8034805758777592e-07
114.0	1190.4703080389538	3.88e-05	0.41108017326017254	0.4110804792863195	0.41108087290424233	1.5799345177195338e-07
114.0	1190.4703080389538	3.9200000000000004e-05	0.41108010051288435	0.4110803440850712	0.41108068809248266	1.3600066263271785e-07
114.0	1190.4703080389538	3.96e-05	0.4110800097900711	0.4110802217386494	0.41108051867088946	1.1467259446154453e-07
114.0	1190.4703080389538	3.9999999999999996e-05	0.4110799214726164	0.41108011110249804	0.41108036256430047	9.739497768014635e-08
114.0	1190.4703080389538	4.0400000000000006e-05	0.4110798441105521	0.4110800073061435	0.4110802178534456	8.165041482156673e-08
114.0	1190.4703080389538	4.08e-05	0.41107977856450706	0.41107991180323644	0.41108008265703155	6.905596100622936e-08
114.0	1190.4703080389538	4.12e-05	0.41107971833295753	0.41107982444293434	0.4110799557316813	5.873392138313444e-08
114.0	1190.4703080389538	4.16e-05	0.4110796474819338	0.4110797466703038	0.41107984605353476	5.2549321059080584e-08
114.0	1190.4703080389538	4.2e-05	0.4110796046078029	0.4110797021613457	0.41107979100124314	4.827329953612528e-08
115.0	1201.569579926718	0.0	0.41739908454291896	0.41740218713795163	0.4174037385074536	1.0240457513601003e-06
115.0	1201.569579926718	4e-07	0.41739710447363354	0.41740028967751763	0.4174019276180898	1.0613822813433803e-06
115.0	1201.569579926718	8e-07	0.4173949256186056	0.4173984122366828	0.41740042989998205	1.1826577144770477e-06
115.0	1201.569579926718	1.2000000000000002e-06	0.41739253463925685	0.4173965587688088	0.41739959004877836	1.4182086424980025e-06
115.0	1201.569579926718	1.6e-06	0.4173898987157223	0.41739460562039116	0.4173980004817466	1.7064812636984962e-06
115.0	1201.569579926718	2e-06	0.4173869677136208	0.41739260365366637	0.41739656730640107	2.1185081275627976e-06
115.0	1201.569579926718	2.4000000000000003e-06	0.4173836739571506	0.4173903838434549	0.41739495379321667	2.608581083172389e-06
115.0	1201.569579926718	2.8000000000000003e-06	0.4173799331817287	0.41738793590936274	0.41739325827713447	3.2396700281796614e-06
115.0	1201.569579926718	3.2e-06	0.4173756407315654	0.41738482362118023	0.41739093338231914	3.91805483815023e-06
115.0	1201.569579926718	3.6e-06	0.4173707082418687	0.4173811583110739	0.4173888233833143	4.83979414434948e-06
115.0	1201.569579926718	4e-06	0.417365100633873	0.4173761124562085	0.4173852955981614	5.835652558293221e-06
115.0	1201.569579926718	4.4e-06	0.4173588837190918	0.4173689633938098	0.41737993885970504	6.861023037815739e-06
115.0	1201.569579926718	4.800000000000001e-06	0.4173518920534729	0.417352609085874	0.41735327228676056	3.4049115478135497e-07
115.0	1201.569579926718	5.2e-06	0.4173262768551629	0.4173362786959997	0.41734586627155057	6.915810897048257e-06
115.0	1201.569579926718	5.600000000000001e-06	0.4173211066875009	0.4173292996305738	0.4173396842058468	5.8523537173932475e-06
115.0	1201.569579926718	6e-06	0.41731778253119867	0.41732446014296215	0.4173342105232578	4.830363420971309e-06
115.0	1201.569579926718	6.4e-06	0.417315832261151	0.41732102215337336	0.4173294424501126	3.892815235153085e-06
115.0	1201.569579926718	6.8e-06	0.41731378916838757	0.41731816169203395	0.41732532831212943	3.1921969123870825e-06
115.0	1201.569579926718	7.2e-06	0.41731231012938697	0.4173159862989316	0.4173217703252492	2.529531824640596e-06
115.0	1201.569579926718	7.6e-06	0.4173109889079569	0.4173140625266566	0.41731864892383896	1.9980682934228673e-06
115.0	1201.569579926718	8e-06	0.41730992420173685	0.4173123887100937	0.41731586517658137	1.5099154530342256e-06
115.0	1201.569579926718	8.4e-06	0.41730873279277336	0.41731079340564003	0.41731333392093717	1.1159445352397311e-06
115.0	1201.569579926718	8.8e-06	0.4173081632595661	0.41730931443067815	0.4173109829755557	7.308347054219481e-07
115.0	1201.569579926718	9.2e-06	0.4173071291691164	0.4173078394996842	0.4173087503516424	4.172303904107567e-07
115.0	1201.569579926718	9.600000000000001e-06	0.41730599290827186	0.4173063764151762	0.4173066260459759	1.4080396604904276e-07
115.0	1201.569579926718	9.999999999999999e-06	0.41730438554772764	0.4173049284536354	0.4173052299309328	1.849637121435356e-07
115.0	1201.569579926718	1.04e-05	0.4173021899166871	0.41730349902938363	0.4173046561717424	5.120876328139229e-07
115.0	1201.569579926718	1.08e-05	0.4172999017463104	0.4173020113102778	0.4173035593198522	8.467478666224798e-07
115.0	1201.569579926718	1.1200000000000001e-05	0.41729746159276715	0.4173004870919135	0.4173025539700399	1.2477153216409019e-06
115.0	1201.569579926718	1.16e-05	0.4172948021238527	0.41729880939617714	0.41730144660858315	1.6831199117880313e-06
115.0	1201.569579926718	1.2e-05	0.4172918475245968	0.4172969658755198	0.4173001990491434	2.2144455394454157e-06
115.0	1201.569579926718	1.24e-05	0.4172885160091253	0.41729463281570245	0.41729851428832276	2.766451957682994e-06
115.0	1201.569579926718	1.28e-05	0.41728472171656694	0.4172918825541523	0.41729695259225696	3.491139632106748e-06
115.0	1201.569579926718	1.32e-05	0.41728043957583516	0.41728810476149986	0.4172943449192523	4.266052032668204e-06
115.0	1201.569579926718	1.36e-05	0.41727571606243963	0.4172827559682028	0.4172903792459053	5.060632216490559e-06
115.0	1201.569579926718	1.4e-05	0.41727031041559925	0.41727054025328075	0.417270777520212	1.1404616115982993e-07
115.0	1201.569579926718	1.44e-05	0.4172505702795437	0.41725830118347285	0.4172658290581399	5.2133916026607574e-06
115.0	1201.569579926718	1.48e-05	0.4172467437185521	0.41725308862363625	0.4172612146668335	4.4175133114386785e-06
115.0	1201.569579926718	1.52e-05	0.417244297190285	0.4172494844247597	0.4172571035182777	3.652393806358736e-06
115.0	1201.569579926718	1.56e-05	0.41724286869182325	0.41724693402883817	0.417253532430081	2.9521953352288175e-06
115.0	1201.569579926718	1.6e-05	0.4172413741159984	0.41724481849757367	0.4172504643580197	2.4300669654793933e-06
115.0	1201.569579926718	1.6400000000000002e-05	0.41724030340603413	0.417243219280263	0.4172478183362074	1.9388435026630765e-06
115.0	1201.569579926718	1.68e-05	0.4172393777544823	0.41724181229436164	0.4172455075052861	1.5452942221030113e-06
115.0	1201.569579926718	1.7199999999999998e-05	0.41723857086722926	0.4172405972240348	0.4172434574322672	1.1850673151682604e-06
115.0	1201.569579926718	1.76e-05	0.4172377215883811	0.4172394441470471	0.4172416043795355	8.959020437412785e-07
115.0	1201.569579926718	1.8e-05	0.4172373228152235	0.41723838247911826	0.4172398946955562	6.149154040072338e-07
115.0	1201.569579926718	1.84e-05	0.41723662295918285	0.41723732693871485	0.4172382827335497	3.89020560314168e-07
115.0	1201.569579926718	1.88e-05	0.4172358488116963	0.4172362837070554	0.4172367283983629	1.900500577135027e-07
115.0	1201.569579926718	1.9200000000000003e-05	0.417235062645295	0.41723525511488785	0.41723544940754387	7.566666916251909e-08
115.0	1201.569579926718	1.9600000000000002e-05	0.4172336172716502	0.4172342429703713	0.41723489369291933	2.7237626943030224e-07
115.0	1201.569579926718	1.9999999999999998e-05	0.41723201731393367	0.4172331977237143	0.4172340973944939	5.005692745908367e-07
115.0	1201.569579926718	2.04e-05	0.4172303244682274	0.4172321324543525	0.4172333900000531	7.737948892339949e-07
115.0	1201.569579926718	2.08e-05	0.41722849317037447	0.41723097145596116	0.41723259433453297	1.0700680157843363e-06
115.0	1201.569579926718	2.12e-05	0.4172264725850843	0.4172297049213479	0.41723173203181396	1.4307235216363458e-06
115.0	1201.569579926718	2.16e-05	0.41722420904378765	0.4172281172010452	0.4172305820980693	1.802929949433044e-06
115.0	1201.569579926718	2.2e-05	0.41722164699840114	0.41722625495953325	0.41722952031646976	2.289206999332905e-06
115.0	1201.569579926718	2.2400000000000002e-05	0.4172187662809712	0.41722371406937475	0.41722776013070817	2.806721527162249e-06
115.0	1201.569579926718	2.28e-05	0.41721560212318654	0.41722013491855475	0.4172251025572953	3.3361799626614665e-06
115.0	1201.569579926718	2.32e-05	0.41721176359292134	0.41721201625461274	0.41721230434059287	1.2603507988192438e-07
115.0	1201.569579926718	2.36e-05	0.41719866240364567	0.4172038709385184	0.41720901516560893	3.4966851630300514e-06
115.0	1201.569579926718	2.4e-05	0.4171961441838219	0.4172004261419249	0.4172059603388423	2.967247337833943e-06
115.0	1201.569579926718	2.44e-05	0.4171945465368374	0.4171980574788353	0.41720325098109345	2.4599334726637717e-06
115.0	1201.569579926718	2.48e-05	0.41719362079537614	0.4171963942330727	0.4172009100251408	1.998224488034464e-06
115.0	1201.569579926718	2.5200000000000003e-05	0.41719265924369964	0.4171950231448654	0.4171989127515383	1.655860660788499e-06
115.0	1201.569579926718	2.56e-05	0.4171919790309637	0.41719399986229805	0.417197202209441	1.336076954807926e-06
115.0	1201.569579926718	2.6e-05	0.417191391638859	0.41719310896098494	0.41719572172705455	1.0813550104043822e-06
115.0	1201.569579926718	2.64e-05	0.41719088863432763	0.41719235199950866	0.4171944220035453	8.491235753250082e-07
115.0	1201.569579926718	2.68e-05	0.417190366548712	0.41719164046577306	0.4171932612305733	6.651376361710708e-07
115.0	1201.569579926718	2.72e-05	0.41719012865348226	0.41719099525962705	0.4171922046838441	4.883700674143335e-07
115.0	1201.569579926718	2.76e-05	0.41718970456642346	0.41719035821548284	0.41719122337551084	3.5041778453694297e-07
115.0	1201.569579926718	2.8e-05	0.4171892407066551	0.4171897338965758	0.4171902924979367	2.31541148489996e-07
115.0	1201.569579926718	2.8400000000000003e-05	0.4171887786233226	0.41718912369338446	0.4171893899226795	1.2239970916128766e-07
115.0	1201.569579926718	2.88e-05	0.4171883281843751	0.41718852781981774	0.4171887603636071	7.392064959735891e-08
115.0	1201.569579926718	2.92e-05	0.4171874925939525	0.41718792379115033	0.4171883030306853	1.7105925743999878e-07
115.0	1201.569579926718	2.96e-05	0.4171866181680324	0.41718731612263965	0.417187891807111	3.1194890023784544e-07
115.0	1201.569579926718	2.9999999999999997e-05	0.4171856260369964	0.4171866703175601	0.4171874402235556	4.680218085515639e-07
115.0	1201.569579926718	3.04e-05	0.4171845417708937	0.41718597874522123	0.41718695928971883	6.57074770280703e-07
115.0	1201.569579926718	3.0799999999999996e-05	0.41718334694035963	0.41718513393180834	0.41718630960209335	8.494772670543299e-07
115.0	1201.569579926718	3.12e-05	0.4171820184684414	0.4171841568137744	0.417185743837555	1.0975262156938426e-06
115.0	1201.569579926718	3.16e-05	0.4171805418370127	0.4171828484817469	0.4171848217841738	1.3577257976444983e-06
115.0	1201.569579926718	3.2e-05	0.4171788814661346	0.4171810326025756	0.4171834599874584	1.6217209083114486e-06
115.0	1201.569579926718	3.2399999999999995e-05	0.41717674825930207	0.41717699650129597	0.4171772811956709	1.2680116508685573e-07
115.0	1201.569579926718	3.2800000000000004e-05	0.41717027110097593	0.41717293293623625	0.4171756517119727	1.783156144903191e-06
115.0	1201.569579926718	3.32e-05	0.4171690518217144	0.4171712505555008	0.4171741565990823	1.5190095376711327e-06
115.0	1201.569579926718	3.36e-05	0.41716829675714084	0.41717011351824435	0.4171728489174189	1.268724882555048e-06
115.0	1201.569579926718	3.4e-05	0.417167869806625	0.4171693344219892	0.4171717411434095	1.0447940189880614e-06
115.0	1201.569579926718	3.4399999999999996e-05	0.4171674375397645	0.41716870517249394	0.41717081331109096	8.816791604366911e-07
115.0	1201.569579926718	3.4800000000000006e-05	0.41716714429096946	0.4171682556660552	0.4171700375189449	7.326325599516936e-07
115.0	1201.569579926718	3.52e-05	0.41716689377215577	0.4171678787509059	0.4171693862989745	6.162366377316173e-07
115.0	1201.569579926718	3.56e-05	0.4171666923834838	0.41716757782389224	0.41716883543721917	5.114238504756017e-07
115.0	1201.569579926718	3.6e-05	0.41716649462857713	0.41716730571490185	0.4171683649885374	4.319785238881782e-07
115.0	1201.569579926718	3.64e-05	0.4171664165388487	0.4171670747582411	0.41716795906306636	3.5842654392090456e-07
115.0	1201.569579926718	3.68e-05	0.41716626648498956	0.4171668539013152	0.4171676052028195	3.0670682576630705e-07
115.0	1201.569579926718	3.72e-05	0.41716611182325813	0.41716664606837767	0.4171672937072515	2.666946613406092e-07
115.0	1201.569579926718	3.76e-05	0.417165967960881	0.4171664517015568	0.4171670170358812	2.3319198232494998e-07
115.0	1201.569579926718	3.7999999999999995e-05	0.41716584518226973	0.4171662694374038	0.41716676931654906	2.0468703850275221e-07
115.0	1201.569579926718	3.8400000000000005e-05	0.41716574644899307	0.4171661034704523	0.41716654595184455	1.8029105277291917e-07
115.0	1201.569579926718	3.88e-05	0.41716564421388824	0.41716594986271766	0.4171663433069597	1.579227087712436e-07
115.0	1201.569579926718	3.9200000000000004e-05	0.4171655713890834	0.4171658146584086	0.4171661584615656	1.359045014284654e-07
115.0	1201.569579926718	3.96e-05	0.41716548076744964	0.4171656922974995	0.41716598900750146	1.1456009760457584e-07
115.0	1201.569579926718	3.9999999999999996e-05	0.41716539241553274	0.4171655816324826	0.4171658328698271	9.727489143451504e-08
115.0	1201.569579926718	4.0400000000000006e-05	0.41716531502003207	0.4171654778123977	0.4171656881297814	8.152165228358471e-08
115.0	1201.569579926718	4.08e-05	0.417165249348435	0.4171653822888211	0.41716555290737567	6.8918170830579e-08
115.0	1201.569579926718	4.12e-05	0.41716518921803036	0.4171652949203769	0.4171654259637405	5.859383748593198e-08
115.0	1201.569579926718	4.16e-05	0.4171651183181204	0.4171652171576953	0.41716531632078535	5.241073002028624e-08
115.0	1201.569579926718	4.2e-05	0.4171650754978993	0.41716517277675824	0.41716526137119203	4.8119355459202454e-08
116.0	1212.6688518144822	0.0	0.4235423769967541	0.42354547988277025	0.4235470315940386	1.0241858802898493e-06
116.0	1212.6688518144822	4e-07	0.4235403969273692	0.4235435824231257	0.4235452210105075	1.061519545389795e-06
116.0	1212.6688518144822	8e-07	0.42353821807198067	0.4235417049862097	0.4235437233149604	1.182788581270477e-06
116.0	1212.6688518144822	1.2000000000000002e-06	0.42353582709203064	0.42353985152433044	0.4235428835659789	1.4183334613087397e-06
116.0	1212.6688518144822	1.6e-06	0.4235331911676834	0.42353789838018396	0.42354129398748697	1.706593676002991e-06
116.0	1212.6688518144822	2e-06	0.4235302601646076	0.4235358964292804	0.4235398607873604	2.1186191401453114e-06
116.0	1212.6688518144822	2.4000000000000003e-06	0.4235269664071266	0.4235336766453443	0.4235382472803906	2.608707107366481e-06
116.0	1212.6688518144822	2.8000000000000003e-06	0.4235232256309409	0.42353122872564514	0.4235365517567402	3.239798508360992e-06
116.0	1212.6688518144822	3.2e-06	0.42351893315752864	0.4235281164398594	0.42353422685590925	3.9181776618882786e-06
116.0	1212.6688518144822	3.6e-06	0.42351400067107914	0.42352445113745896	0.42353211685669123	4.839920551104335e-06
116.0	1212.6688518144822	4e-06	0.42350839307068	0.42351940529284215	0.42352858907548985	5.835792194020975e-06
116.0	1212.6688518144822	4.4e-06	0.42350217617001285	0.423512256246447	0.423523232337927	6.861201657483615e-06
116.0	1212.6688518144822	4.800000000000001e-06	0.423495184543782	0.4234959018917815	0.42349656536913116	3.4068474173665894e-07
116.0	1212.6688518144822	5.2e-06	0.4234695702115827	0.4234795716611067	0.4234891593670236	6.915604054916295e-06
116.0	1212.6688518144822	5.600000000000001e-06	0.4234644002662442	0.4234725926164009	0.42348297675126734	5.852198576507848e-06
116.0	1212.6688518144822	6e-06	0.4234610761040827	0.42346775313707696	0.4234775030963922	4.830235884018504e-06
116.0	1212.6688518144822	6.4e-06	0.42345912583156586	0.42346431514745797	0.42347273504732286	3.892705478156218e-06
116.0	1212.6688518144822	6.8e-06	0.4234570827339619	0.42346145468605745	0.4234686209172285	3.1920945369794835e-06
116.0	1212.6688518144822	7.2e-06	0.4234556036974837	0.4234592792770106	0.4234650629455192	2.5294461256875635e-06
116.0	1212.6688518144822	7.6e-06	0.42345428226764437	0.4234573554762514	0.42346194155456374	1.998010769118347e-06
116.0	1212.6688518144822	8e-06	0.4234532177640604	0.4234556816400116	0.4234591578137126	1.5098707275510849e-06
116.0	1212.6688518144822	8.4e-06	0.4234520261776611	0.42345408632650405	0.4234566265610429	1.1159002674585347e-06
116.0	1212.6688518144822	8.8e-06	0.42345145626107517	0.42345260734099444	0.42345427561566407	7.307997200811409e-07
116.0	1212.6688518144822	9.2e-06	0.4234504221605908	0.4234511324016157	0.42345204298905426	4.1720156326796497e-07
116.0	1212.6688518144822	9.600000000000001e-06	0.4234492858219152	0.42344966931218647	0.42344991914629926	1.4079145903686944e-07
116.0	1212.6688518144822	9.999999999999999e-06	0.4234476781815033	0.42344822134921556	0.42344852290217183	1.850192609039286e-07
116.0	1212.6688518144822	1.04e-05	0.42344548253956127	0.4234467919257545	0.4234479497187227	5.121488975443233e-07
116.0	1212.6688518144822	1.08e-05	0.4234431943546788	0.42344530420536125	0.4234468528518196	8.468087892119903e-07
116.0	1212.6688518144822	1.1200000000000001e-05	0.4234407541822254	0.42344377999598076	0.42344584747694647	1.24779087258565e-06
116.0	1212.6688518144822	1.16e-05	0.4234380946889633	0.42344210231676965	0.42344474012710887	1.683226030039975e-06
116.0	1212.6688518144822	1.2e-05	0.4234351400587322	0.4234402587987454	0.423443492552364	2.2145710832531444e-06
116.0	1212.6688518144822	1.24e-05	0.423431808495347	0.42343792572181693	0.4234418077796631	2.7665880039872577e-06
116.0	1212.6688518144822	1.28e-05	0.4234280141562472	0.42343517544005627	0.4234402460706752	3.491298334918849e-06
116.0	1212.6688518144822	1.32e-05	0.4234237319612548	0.42343139761126314	0.42343763837728066	4.266244345565247e-06
116.0	1212.6688518144822	1.36e-05	0.42341900838816304	0.42342604875757295	0.4234336726590495	5.060884264170454e-06
116.0	1212.6688518144822	1.4e-05	0.42341360300844944	0.42341383278895034	0.4234140697920781	1.1395484767903618e-07
116.0	1212.6688518144822	1.44e-05	0.42339386316165495	0.4234015936625438	0.42340912127076713	5.2132718718379975e-06
116.0	1212.6688518144822	1.48e-05	0.4233900365412877	0.4233963810285781	0.4234045068259249	4.4174336497816215e-06
116.0	1212.6688518144822	1.52e-05	0.423387589966028	0.4233927767716516	0.4234003956299617	3.6523289576012965e-06
116.0	1212.6688518144822	1.56e-05	0.4233861614410701	0.42339022632839945	0.4233968244992896	2.9521356124999354e-06
116.0	1212.6688518144822	1.6e-05	0.42338466683468656	0.42338811075758653	0.42339375638447496	2.4300050303036014e-06
116.0	1212.6688518144822	1.6400000000000002e-05	0.4233835961106358	0.42338651149418616	0.42339111032662746	1.938788695613303e-06
116.0	1212.6688518144822	1.68e-05	0.4233826704194863	0.4233851044532417	0.42338879946109476	1.5452591993875283e-06
116.0	1212.6688518144822	1.7199999999999998e-05	0.4233818635336499	0.42338388934028215	0.42338674935432596	1.1850367966820239e-06
116.0	1212.6688518144822	1.76e-05	0.4233810142461003	0.4233827362324347	0.4233848962682263	8.958643564876814e-07
116.0	1212.6688518144822	1.8e-05	0.4233806153658639	0.4233816745338403	0.423383186550776	6.148765716847853e-07
116.0	1212.6688518144822	1.84e-05	0.4233799154697362	0.4233806189650247	0.42338157455465364	3.889737502554126e-07
116.0	1212.6688518144822	1.88e-05	0.42337914128377285	0.42337957570869045	0.42338002018405607	1.8997966219512733e-07
116.0	1212.6688518144822	1.9200000000000003e-05	0.4233783547749743	0.4233785470956737	0.42337874124591224	7.55834829738822e-08
116.0	1212.6688518144822	1.9600000000000002e-05	0.42337690898431646	0.4233775349328276	0.4233781859000052	2.7240713603324215e-07
116.0	1212.6688518144822	1.9999999999999998e-05	0.4233753089820853	0.42337648966511227	0.423377389541689	5.006186473043885e-07
116.0	1212.6688518144822	2.04e-05	0.4233736160859509	0.423375424384617	0.4233766823445215	7.738704129782985e-07
116.0	1212.6688518144822	2.08e-05	0.4233717847298726	0.4233742633809566	0.42337588684916483	1.070182967247659e-06
116.0	1212.6688518144822	2.12e-05	0.42336976407642535	0.4233729968252282	0.4233750245122314	1.430866680043753e-06
116.0	1212.6688518144822	2.16e-05	0.42336750045493154	0.4233714090579466	0.423373874543981	1.8030913220751524e-06
116.0	1212.6688518144822	2.2e-05	0.42336493830979105	0.4233695467613487	0.4233728127287808	2.2894008824285716e-06
116.0	1212.6688518144822	2.2400000000000002e-05	0.42336205748530276	0.4233670057878125	0.4233710524879273	2.8069591655975453e-06
116.0	1212.6688518144822	2.28e-05	0.42335889321000675	0.423363426510468	0.423368394819553	3.3364877996144953e-06
116.0	1212.6688518144822	2.32e-05	0.4233550552632561	0.4233553074444528	0.42335559531189926	1.2591590327761353e-07
116.0	1212.6688518144822	2.36e-05	0.4233419536458385	0.42334716192257665	0.4233523060184057	3.496632694680106e-06
116.0	1212.6688518144822	2.4e-05	0.42333943532079044	0.42334371698930146	0.4233492510832706	2.9672255440985295e-06
116.0	1212.6688518144822	2.44e-05	0.4233378375992718	0.42334134822541336	0.4233465416297033	2.4599173596415406e-06
116.0	1212.6688518144822	2.48e-05	0.42333691181513977	0.4233396849026668	0.4233442005897041	1.9982051286615727e-06
116.0	1212.6688518144822	2.5200000000000003e-05	0.42333595021673087	0.4233383137506814	0.4233422032381604	1.6558329292319134e-06
116.0	1212.6688518144822	2.56e-05	0.4233352699804227	0.4233372904042265	0.4233404926301034	1.336050735405424e-06
116.0	1212.6688518144822	2.6e-05	0.4233346825371642	0.42333639943267587	0.4233390120876681	1.081343811270938e-06
116.0	1212.6688518144822	2.64e-05	0.4233341795253214	0.42333564241620836	0.4233377123086237	8.491125581893624e-07
116.0	1212.6688518144822	2.68e-05	0.4233336574250641	0.42333493084026097	0.4233365514834526	6.651162223486964e-07
116.0	1212.6688518144822	2.72e-05	0.42333341941947555	0.423334285593485	0.42333549488681754	4.883443652550584e-07
116.0	1212.6688518144822	2.76e-05	0.42333299528476953	0.4233336485112361	0.42333451352987783	3.50383491791839e-07
116.0	1212.6688518144822	2.8e-05	0.42333253137493276	0.4233330241584424	0.4233335826039841	2.3149073977833534e-07
116.0	1212.6688518144822	2.8400000000000003e-05	0.4233320692649185	0.4233324139257025	0.4233326799795991	1.2231668218813145e-07
116.0	1212.6688518144822	2.88e-05	0.42333161847744627	0.42333181802547526	0.423332050847522	7.385817095744954e-08
116.0	1212.6688518144822	2.92e-05	0.42333078283455716	0.42333121396771156	0.42333159345110083	1.7107515313747823e-07
116.0	1212.6688518144822	2.96e-05	0.4233299083506319	0.4233306062803421	0.4233311821817374	3.120073102284236e-07
116.0	1212.6688518144822	2.9999999999999997e-05	0.4233289158680851	0.42332996046265775	0.4233307306430465	4.6812647836041075e-07
116.0	1212.6688518144822	3.04e-05	0.4233278315253237	0.4233292688618602	0.4233302496442688	6.572116388320356e-07
116.0	1212.6688518144822	3.0799999999999996e-05	0.4233266366060615	0.42332842399325843	0.4233295999367188	8.496345210408962e-07
116.0	1212.6688518144822	3.12e-05	0.42332530803167057	0.42332744681133866	0.4233290341258389	1.0977186675305983e-06
116.0	1212.6688518144822	3.16e-05	0.4233238312752192	0.4233261383854579	0.42332811201509113	1.3579644621656835e-06
116.0	1212.6688518144822	3.2e-05	0.42332217101515646	0.42332432236655104	0.4233267501384148	1.6220327985239647e-06
116.0	1212.6688518144822	3.2399999999999995e-05	0.42332003798595785	0.4233202858375488	0.4233205703840195	1.2670752179721612e-07
116.0	1212.6688518144822	3.2800000000000004e-05	0.4233135603489435	0.42331622203844954	0.42331894077165	1.7831222111724198e-06
116.0	1212.6688518144822	3.32e-05	0.4233123409515871	0.4233145395071571	0.4233174455403139	1.5190053357013653e-06
116.0	1212.6688518144822	3.36e-05	0.42331158580542905	0.42331340235830967	0.4233161377530754	1.268725541272532e-06
116.0	1212.6688518144822	3.4e-05	0.4233111588075893	0.42331262317666113	0.42331502987729763	1.0447905447472187e-06
116.0	1212.6688518144822	3.4399999999999996e-05	0.4233107264877676	0.4233119938556354	0.4233141019629798	8.816671950476479e-07
116.0	1212.6688518144822	3.4800000000000006e-05	0.4233104332144535	0.4233115442788015	0.4233133260973627	7.32622260916022e-07
116.0	1212.6688518144822	3.52e-05	0.42331018263548437	0.42331116728767043	0.423312674810858	6.162409427910149e-07
116.0	1212.6688518144822	3.56e-05	0.4233099812345076	0.4233108663007598	0.42331212388827666	5.114288123800704e-07
116.0	1212.6688518144822	3.6e-05	0.42330978346406045	0.4233105941448666	0.42331165338352506	4.3197479759574893e-07
116.0	1212.6688518144822	3.64e-05	0.4233097052629331	0.4233103631437337	0.42331124740599346	3.5842061413274643e-07
116.0	1212.6688518144822	3.68e-05	0.4233095551558499	0.4233101422450428	0.42331089349709394	3.0669771185629533e-07
116.0	1212.6688518144822	3.72e-05	0.42330940043272225	0.42330993437506476	0.4233105819557874	2.666797295422407e-07
116.0	1212.6688518144822	3.76e-05	0.4233092565389187	0.42330973997623317	0.42331030524118596	2.331679275360755e-07
116.0	1212.6688518144822	3.7999999999999995e-05	0.4233091337358559	0.42330955768361617	0.42331005748079775	2.0465286694439628e-07
116.0	1212.6688518144822	3.8400000000000005e-05	0.42330903501483697	0.4233093916875579	0.42330983407694234	1.8025311702259335e-07
116.0	1212.6688518144822	3.88e-05	0.4233089327207562	0.4233092380626673	0.4233096313946154	1.5787232918191645e-07
116.0	1212.6688518144822	3.9200000000000004e-05	0.4233088598178645	0.4233091028519599	0.4233094465133753	1.3583141629311432e-07
116.0	1212.6688518144822	3.96e-05	0.4233087692126798	0.42330898047418053	0.42330927702506216	1.1447369881689786e-07
116.0	1212.6688518144822	3.9999999999999996e-05	0.42330868090155693	0.4233088697785704	0.42330912085490624	9.718440563277696e-08
116.0	1212.6688518144822	4.0400000000000006e-05	0.42330860347008326	0.4233087659331064	0.4233089760845985	8.142685304244992e-08
116.0	1212.6688518144822	4.08e-05	0.423308537674532	0.4233086703877333	0.42330884083535647	6.881910059014298e-08
116.0	1212.6688518144822	4.12e-05	0.4233084776385674	0.4233085830103215	0.4233087138725926	5.8497197640978575e-08
116.0	1212.6688518144822	4.16e-05	0.423308406688232	0.423308505257473	0.42330860426203376	5.231786728402131e-08
116.0	1212.6688518144822	4.2e-05	0.42330836391654003	0.42330846101255126	0.42330854941096696	4.800921541011709e-08
117.0	1223.7681237022464	0.0	0.4297420331527384	0.4297451362878427	0.429746688292326	1.0243054688844322e-06
117.0	1223.7681237022464	4e-07	0.4297400530832354	0.4297432388288734	0.4297448780059083	1.0616368552757468e-06
117.0	1223.7681237022464	8e-07	0.4297378742274125	0.4297413613955022	0.42974338033086745	1.1829011198027163e-06
117.0	1223.7681237022464	1.2000000000000002e-06	0.42973548324671285	0.42973950793909	0.42974254067996576	1.4184423530194644e-06
117.0	1223.7681237022464	1.6e-06	0.42973284732128647	0.4297375547986409	0.4297409510865897	1.706692407849276e-06
117.0	1223.7681237022464	2e-06	0.4297299163167967	0.42973555286248855	0.42973951785952735	2.1187185358168e-06
117.0	1223.7681237022464	2.4000000000000003e-06	0.4297266225576024	0.42973333310287853	0.42973790436146153	2.608822230629718e-06
117.0	1223.7681237022464	2.8000000000000003e-06	0.42972288177958795	0.4297308851960247	0.4297362088254477	3.2399177490675937e-06
117.0	1223.7681237022464	3.2e-06	0.42971858928287254	0.42972777291083203	0.4297338839171667	3.918292607995535e-06
117.0	1223.7681237022464	3.6e-06	0.4297136567972819	0.42972410761370067	0.4297317739131916	4.840040376017858e-06
117.0	1223.7681237022464	4e-06	0.429708049201194	0.4297190617760008	0.4297282461316927	5.835926463386507e-06
117.0	1223.7681237022464	4.4e-06	0.42970183231034476	0.4297119127407039	0.42972288938983283	6.861375905292007e-06
117.0	1223.7681237022464	4.800000000000001e-06	0.4296948407248058	0.429695558328867	0.42969622201415625	3.408372374086567e-07
117.0	1223.7681237022464	5.2e-06	0.4296692271518445	0.4296792282360535	0.42968881601818865	6.9154115347622725e-06
117.0	1223.7681237022464	5.600000000000001e-06	0.4296640573590187	0.42967224920410113	0.42968263296875087	5.8520563463631096e-06
117.0	1223.7681237022464	6e-06	0.4296607331896656	0.4296674097279677	0.4296771593360953	4.830119852581098e-06
117.0	1223.7681237022464	6.4e-06	0.4296587829162908	0.4296639717352627	0.4296723913061262	3.892605817988221e-06
117.0	1223.7681237022464	6.8e-06	0.42965673981249086	0.4296611112713832	0.42966827717968226	3.1920013563640958e-06
117.0	1223.7681237022464	7.2e-06	0.42965526078186755	0.4296589358451633	0.4296647192194243	2.5293687553727023e-06
117.0	1223.7681237022464	7.6e-06	0.42965393917356387	0.42965701201571616	0.42966159783582114	1.9979598752888852e-06
117.0	1223.7681237022464	8e-06	0.42965287483953407	0.4296553381593696	0.4296588140988389	1.5098319637104478e-06
117.0	1223.7681237022464	8.4e-06	0.4296516831244235	0.4296537428361693	0.42965628284711865	1.1158615642190934e-06
117.0	1223.7681237022464	8.8e-06	0.4296511128894398	0.4296522638397846	0.42965393190018997	7.307694027347438e-07
117.0	1223.7681237022464	9.2e-06	0.4296500787792308	0.42965078889166075	0.42965169926977165	4.171759065499665e-07
117.0	1223.7681237022464	9.600000000000001e-06	0.4296489423678702	0.42964932579683557	0.4296495757771144	1.407756742922322e-07
117.0	1223.7681237022464	9.999999999999999e-06	0.42964733445694403	0.42964787783184405	0.42964817942756817	1.8506260034265177e-07
117.0	1223.7681237022464	1.04e-05	0.42964513880405963	0.42964644840854904	0.42964760678075997	5.12201592391753e-07
117.0	1223.7681237022464	1.08e-05	0.4296428506049832	0.42964496068647295	0.4296465098952771	8.468621133811199e-07
117.0	1223.7681237022464	1.1200000000000001e-05	0.4296404104142644	0.4296434364854042	0.4296455044934735	1.2478590892530677e-06
117.0	1223.7681237022464	1.16e-05	0.42963775089761747	0.4296417588216141	0.4296443971588557	1.683323812114826e-06
117.0	1223.7681237022464	1.2e-05	0.4296347962376803	0.4296399153059228	0.4296431495644626	2.2146882413035535e-06
117.0	1223.7681237022464	1.24e-05	0.4296314646287769	0.42963758221220105	0.42964146477975174	2.766715449995484e-06
117.0	1223.7681237022464	1.28e-05	0.4296276702448223	0.42963483191068935	0.4296399030547393	3.491447896681031e-06
117.0	1223.7681237022464	1.32e-05	0.42962338799730393	0.4296310540470826	0.42963729533957196	4.266426947407811e-06
117.0	1223.7681237022464	1.36e-05	0.4296186643661253	0.42962570513541304	0.4296333295765562	5.061125926427672e-06
117.0	1223.7681237022464	1.4e-05	0.42961325919559457	0.4296134889213229	0.42961372571708445	1.1387245436174541e-07
117.0	1223.7681237022464	1.44e-05	0.42959351955709923	0.42960124973551284	0.42960877713756496	5.21316039239395e-06
117.0	1223.7681237022464	1.48e-05	0.42958969287922333	0.429596037027481	0.4296041626397695	4.417361900767648e-06
117.0	1223.7681237022464	1.52e-05	0.42958724625973854	0.42959243271299463	0.4296000513966476	3.652271768799784e-06
117.0	1223.7681237022464	1.56e-05	0.4295858177122138	0.4295898822233217	0.42959648022357033	2.952083315728596e-06
117.0	1223.7681237022464	1.6e-05	0.42958432307652483	0.42958776661384357	0.4295934120659126	2.429950500820037e-06
117.0	1223.7681237022464	1.6400000000000002e-05	0.42958325234342976	0.4295861673056245	0.4295907659721161	1.9387413878133347e-06
117.0	1223.7681237022464	1.68e-05	0.4295823266100909	0.429584760211616	0.4295884550722029	1.5452308532999207e-06
117.0	1223.7681237022464	1.7199999999999998e-05	0.42958151972821135	0.42958354505749063	0.4295864049321043	1.1850132776202452e-06
117.0	1223.7681237022464	1.76e-05	0.42958067043622084	0.4295823919199486	0.4295845518132815	8.958343248376956e-07
117.0	1223.7681237022464	1.8e-05	0.429580271453335	0.4295813301920161	0.42958284206326347	6.148462507831313e-07
117.0	1223.7681237022464	1.84e-05	0.4295795715196524	0.4295802745960697	0.42958123003420656	3.8893696301430584e-07
117.0	1223.7681237022464	1.88e-05	0.42957879729377435	0.4295792313162056	0.429579675629685	1.899234350398969e-07
117.0	1223.7681237022464	1.9200000000000003e-05	0.42957801045393307	0.429578202683342	0.4295783967223903	7.551932005238948e-08
117.0	1223.7681237022464	1.9600000000000002e-05	0.429576564360322	0.42957719050309967	0.4295778417511462	2.724376567254819e-07
117.0	1223.7681237022464	1.9999999999999998e-05	0.42957496431602316	0.42957614521551074	0.42957704533758	5.006646763438024e-07
117.0	1223.7681237022464	2.04e-05	0.4295732713723197	0.4295750799247989	0.4295763382564637	7.739409724098068e-07
117.0	1223.7681237022464	2.08e-05	0.42957143996131997	0.42957391891644797	0.4295755429020218	1.0702908471141054e-06
117.0	1223.7681237022464	2.12e-05	0.4295694192435029	0.4295726523410573	0.42957468052798475	1.4310017806333552e-06
117.0	1223.7681237022464	2.16e-05	0.42956715554610714	0.4295710645291991	0.42957353052669056	1.803243678955299e-06
117.0	1223.7681237022464	2.2e-05	0.42956459330683305	0.4295692021803408	0.42957246867636645	2.289584384049078e-06
117.0	1223.7681237022464	2.2400000000000002e-05	0.42956171238041474	0.42956666112783015	0.42957070838134026	2.807185061379269e-06
117.0	1223.7681237022464	2.28e-05	0.4295585479928823	0.4295630817305551	0.42956805062131576	3.3367824446100774e-06
117.0	1223.7681237022464	2.32e-05	0.4295547104992128	0.42955496227988127	0.4295552499838431	1.2581967996182322e-07
117.0	1223.7681237022464	2.36e-05	0.4295416084680683	0.4295468165590403	0.4295519605765632	3.496584553098182e-06
117.0	1223.7681237022464	2.4e-05	0.4295390900427405	0.4295433714931697	0.42954890553702985	2.9672083399911654e-06
117.0	1223.7681237022464	2.44e-05	0.4295374922512787	0.42954100263168116	0.429546195990854	2.459906196505026e-06
117.0	1223.7681237022464	2.48e-05	0.4295365664292534	0.42953933923468557	0.4295438548693795	1.998191083042724e-06
117.0	1223.7681237022464	2.5200000000000003e-05	0.4295356047865324	0.42953796802127026	0.4295418574420893	1.6558109265132282e-06
117.0	1223.7681237022464	2.56e-05	0.42953492453213027	0.42953694461322245	0.4295401467698854	1.3360307528517236e-06
117.0	1223.7681237022464	2.6e-05	0.42953433703611754	0.42953605357422	0.42953866616905234	1.0813384355170549e-06
117.0	1223.7681237022464	2.64e-05	0.42953383401983913	0.4295352965048676	0.42953736633605644	8.491080592673809e-07
117.0	1223.7681237022464	2.68e-05	0.429533311909446	0.42953458488844626	0.4295362054602867	6.651022932280931e-07
117.0	1223.7681237022464	2.72e-05	0.42953307379807537	0.4295339396028299	0.4295351488154182	4.88327322329773e-07
117.0	1223.7681237022464	2.76e-05	0.4295326496185803	0.4295333024841885	0.4295341674116697	3.5035941740444714e-07
117.0	1223.7681237022464	2.8e-05	0.4295321856577523	0.4295326780990502	0.429533236439414	2.3145329908321035e-07
117.0	1223.7681237022464	2.8400000000000003e-05	0.4295317235221736	0.42953206783812553	0.42953233376805233	1.222534765156497e-07
117.0	1223.7681237022464	2.88e-05	0.42953127239512323	0.42953147191249313	0.4295317050491514	7.381935497253256e-08
117.0	1223.7681237022464	2.92e-05	0.42953043670109725	0.42953086782706024	0.4295312475941282	1.7109718815696816e-07
117.0	1223.7681237022464	2.96e-05	0.429529562160444	0.42953026012193557	0.42953083628121647	3.1206615787307296e-07
117.0	1223.7681237022464	2.9999999999999997e-05	0.4295285694403388	0.4295296142923043	0.42953038478492633	4.682281212498697e-07
117.0	1223.7681237022464	3.04e-05	0.4295274850242068	0.4295289226644197	0.4295299037261717	6.573438593234934e-07
117.0	1223.7681237022464	3.0799999999999996e-05	0.42952629001978604	0.4295280777427032	0.4295292540007267	8.497859256266047e-07
117.0	1223.7681237022464	3.12e-05	0.42952496134672824	0.42952710049919013	0.4295286881463456	1.0979038192225809e-06
117.0	1223.7681237022464	3.16e-05	0.42952348447056643	0.4295257919828413	0.42952776598195364	1.35819450539385e-06
117.0	1223.7681237022464	3.2e-05	0.4295218242053638	0.42952397582906904	0.4295264040288842	1.6223346932498924e-06
117.0	1223.7681237022464	3.2399999999999995e-05	0.42951969134832435	0.42951993888521817	0.42952022333559103	1.2663716913557792e-07
117.0	1223.7681237022464	3.2800000000000004e-05	0.4295132132413064	0.42951587485488457	0.42951859359757094	1.7830946232645436e-06
117.0	1223.7681237022464	3.32e-05	0.42951199372978	0.42951419217545217	0.4295170982501615	1.5190075366328503e-06
117.0	1223.7681237022464	3.36e-05	0.4295112385058282	0.42951305491705505	0.4295157903591402	1.2687328193317887e-06
117.0	1223.7681237022464	3.4e-05	0.4295108114646755	0.4295122756519173	0.42951468238399215	1.044793983049302e-06
117.0	1223.7681237022464	3.4399999999999996e-05	0.42951037909409084	0.4295116462610403	0.42951375438879147	8.81662506686196e-07
117.0	1223.7681237022464	3.4800000000000006e-05	0.4295100858009384	0.42951119661564047	0.4295129784506937	7.326196692519787e-07
117.0	1223.7681237022464	3.52e-05	0.4295098351607276	0.4295108195508754	0.42951232709861564	6.162525974446728e-07
117.0	1223.7681237022464	3.56e-05	0.42950963374994	0.429510518505878	0.4295117761162013	5.114417695868921e-07
117.0	1223.7681237022464	3.6e-05	0.4295094359679199	0.42951024630458245	0.42951130555646255	4.319799031046343e-07
117.0	1223.7681237022464	3.64e-05	0.4295093576598754	0.42951001526058363	0.42951089952807653	3.5842434201953325e-07
117.0	1223.7681237022464	3.68e-05	0.4295092075023783	0.4295097943216788	0.4295105455718833	3.0669900495733315e-07
117.0	1223.7681237022464	3.72e-05	0.4295090527173455	0.4295095864160772	0.4295102339863641	2.666760404005127e-07
117.0	1223.7681237022464	3.76e-05	0.42950890879346026	0.42950939198650556	0.4295099572302359	2.3315615540763485e-07
117.0	1223.7681237022464	3.7999999999999995e-05	0.42950878596672215	0.429509209666601	0.4295097094306719	2.0463218862941353e-07
117.0	1223.7681237022464	3.8400000000000005e-05	0.4295086872573446	0.42950904364278725	0.4295094859897146	1.8022978034725144e-07
117.0	1223.7681237022464	3.88e-05	0.42950858490720023	0.42950889000177456	0.42950928327214477	1.5783812477586986e-07
117.0	1223.7681237022464	3.9200000000000004e-05	0.42950851192824047	0.4295087547852479	0.42950909835738926	1.3577736455074292e-07
117.0	1223.7681237022464	3.96e-05	0.42950842125586775	0.4295086323917286	0.42950892883726866	1.1440952481989823e-07
117.0	1223.7681237022464	3.9999999999999996e-05	0.42950833306572545	0.4295085216670673	0.4295087726371518	9.711967096766348e-08
117.0	1223.7681237022464	4.0400000000000006e-05	0.42950825559861006	0.42950841779764576	0.4295086278391489	8.136214625231272e-08
117.0	1223.7681237022464	4.08e-05	0.4295081896820836	0.42950832223211605	0.4295084925656347	6.875480582188973e-08
117.0	1223.7681237022464	4.12e-05	0.42950812973669894	0.4295082348473428	0.4295083655861127	5.8439960160945584e-08
117.0	1223.7681237022464	4.16e-05	0.42950805873653053	0.42950815710617124	0.42950825600821396	5.2266695519023005e-08
117.0	1223.7681237022464	4.2e-05	0.4295080160096578	0.42950811300647546	0.42950820125359446	4.793911299447875e-08
118.0	1234.8673955900106	0.0	0.4359979120892188	0.4360010154391063	0.43600256769374823	1.0244073148506235e-06
118.0	1234.8673955900106	4e-07	0.43599593201944664	0.4359991179806537	0.43600075769700375	1.061737060882146e-06
118.0	1234.8673955900106	8e-07	0.43599375316262456	0.4359972405503171	0.4359992600404903	1.1829983348279421e-06
118.0	1234.8673955900106	1.2000000000000002e-06	0.4359913621801619	0.4359953870986143	0.4359984204836609	1.4185385782831375e-06
118.0	1234.8673955900106	1.6e-06	0.43598872625211627	0.4359934339608056	0.4359968308720781	1.7067809980343211e-06
118.0	1234.8673955900106	2e-06	0.4359857952440187	0.4359914320376795	0.4359953976159474	2.1188102459018594e-06
118.0	1234.8673955900106	2.4000000000000003e-06	0.435982501480102	0.4359892122994206	0.4359937841280219	2.608930929705702e-06
118.0	1234.8673955900106	2.8000000000000003e-06	0.43597876069620956	0.4359867644023576	0.4359920885744959	3.2400328167956823e-06
118.0	1234.8673955900106	3.2e-06	0.43597446817301666	0.435983652113527	0.435989763655523	3.9184054488895564e-06
118.0	1234.8673955900106	3.6e-06	0.4359695356811395	0.43597998681603883	0.4359876536411065	4.8401604044457e-06
118.0	1234.8673955900106	4e-06	0.43596392808031137	0.43597494097690714	0.4359841258519408	5.836063251912458e-06
118.0	1234.8673955900106	4.4e-06	0.43595771118824356	0.43596779194006313	0.4359787690950494	6.861554763670588e-06
118.0	1234.8673955900106	4.800000000000001e-06	0.4359507196388481	0.43595143744147824	0.43595210126899087	3.4095058766631265e-07
118.0	1234.8673955900106	5.2e-06	0.43592510669253937	0.43593510744728764	0.4359446952637729	6.9152400738516275e-06
118.0	1234.8673955900106	5.600000000000001e-06	0.435919936979662	0.43592812841187606	0.43593851188341937	5.85193246906212e-06
118.0	1234.8673955900106	6e-06	0.43591661279725713	0.4359232889276787	0.43593303826048135	4.83001956533025e-06
118.0	1234.8673955900106	6.4e-06	0.43591466252124	0.4359198509239972	0.435928270238195	3.892519389910632e-06
118.0	1234.8673955900106	6.8e-06	0.43591261940682724	0.4359169904509109	0.4359241561055178	3.1919196309970236e-06
118.0	1234.8673955900106	7.2e-06	0.43591114038216894	0.43591481500258605	0.4359205981474874	2.5293010719816555e-06
118.0	1234.8673955900106	7.6e-06	0.4359098186202299	0.43591289114060877	0.43591747676293213	1.9979163222247463e-06
118.0	1234.8673955900106	8e-06	0.4359087544085387	0.43591121726024973	0.4359146930222675	1.5097991705737535e-06
118.0	1234.8673955900106	8.4e-06	0.4359075626226794	0.43590962192322574	0.43591216176453607	1.1158278221655927e-06
118.0	1234.8673955900106	8.8e-06	0.4359069921297918	0.43590814291213575	0.4359098108095347	7.307425115558019e-07
118.0	1234.8673955900106	9.2e-06	0.435905958007333	0.43590666795130095	0.43590757816908443	4.1715160791914134e-07
118.0	1234.8673955900106	9.600000000000001e-06	0.4359048215252841	0.4359052048469148	0.43590545491568644	1.407545865448404e-07
118.0	1234.8673955900106	9.999999999999999e-06	0.4359032133380154	0.4359037568755488	0.4359040584859635	1.8509709014151783e-07
118.0	1234.8673955900106	1.04e-05	0.43590101766793143	0.43590232744797325	0.43590348633924236	5.122501969817575e-07
118.0	1234.8673955900106	1.08e-05	0.4358987294480814	0.4359008397195747	0.43590238942883097	8.469133879340454e-07
118.0	1234.8673955900106	1.1200000000000001e-05	0.43589628923198376	0.4358993155216297	0.43590138399554057	1.2479268851678692e-06
118.0	1234.8673955900106	1.16e-05	0.43589362968404366	0.4358976378668688	0.43590027667538234	1.6834217734359058e-06
118.0	1234.8673955900106	1.2e-05	0.4358906749853837	0.43589579434704057	0.43589902905339617	2.2148074161780656e-06
118.0	1234.8673955900106	1.24e-05	0.4358873433214532	0.4358934612285444	0.43589734425043947	2.766846753414881e-06
118.0	1234.8673955900106	1.28e-05	0.4358835488802253	0.43589071089766246	0.4358957825011114	3.4916035668870796e-06
118.0	1234.8673955900106	1.32e-05	0.4358792665656068	0.43588693298614667	0.4358931747530912	4.2666180934899165e-06
118.0	1234.8673955900106	1.36e-05	0.4358745428595938	0.4358815839979219	0.43588920892993066	5.061378518270964e-06
118.0	1234.8673955900106	1.4e-05	0.4358691378236772	0.4358693674972938	0.43586960413893117	1.1379815118459815e-07
118.0	1234.8673955900106	1.44e-05	0.43584939823807645	0.4358571282009055	0.43586465548237285	5.213076903928403e-06
118.0	1234.8673955900106	1.48e-05	0.4358455714887137	0.43585191539764956	0.43586004091337394	4.417314571995966e-06
118.0	1234.8673955900106	1.52e-05	0.4358431248171195	0.4358483110109906	0.43585592960624897	3.6522356663812486e-06
118.0	1234.8673955900106	1.56e-05	0.4358416962441396	0.43584576046468415	0.43585235837566305	2.952049032656393e-06
118.0	1234.8673955900106	1.6e-05	0.4358402015734706	0.4358436448079176	0.4358492901616593	2.429911810900954e-06
118.0	1234.8673955900106	1.6400000000000002e-05	0.4358391308306713	0.43584204544855504	0.43584664402011164	1.9387079171362867e-06
118.0	1234.8673955900106	1.68e-05	0.43583820504823656	0.4358406382964538	0.4358443330753179	1.5452138822476936e-06
118.0	1234.8673955900106	1.7199999999999998e-05	0.435837398168168	0.43583942309626084	0.435842282892442	1.1849998803791418e-06
118.0	1234.8673955900106	1.76e-05	0.4358365488709053	0.43583826992396657	0.43584042973227266	8.958137632974958e-07
118.0	1234.8673955900106	1.8e-05	0.4358361497872645	0.43583720816204324	0.4358387199416853	6.148249141884922e-07
118.0	1234.8673955900106	1.84e-05	0.43583544981428535	0.43583615253419394	0.4358371078721346	3.889094927073239e-07
118.0	1234.8673955900106	1.88e-05	0.4358346755424378	0.4358351092258517	0.43583555342640157	1.89879488162505e-07
118.0	1234.8673955900106	1.9200000000000003e-05	0.43583388837022863	0.435834080568028	0.435834274527676	7.547436886877527e-08
118.0	1234.8673955900106	1.9600000000000002e-05	0.4358324420722779	0.43583306836520963	0.4358337199362312	2.72471673456183e-07
118.0	1234.8673955900106	1.9999999999999998e-05	0.43583084197824373	0.4358320230523867	0.43583292346689717	5.007128838352914e-07
118.0	1234.8673955900106	2.04e-05	0.43582914897877156	0.4358309577455598	0.43583221641902536	7.740139924828214e-07
118.0	1234.8673955900106	2.08e-05	0.4358273175038372	0.43582979672539734	0.4358314211726224	1.0704011659350158e-06
118.0	1234.8673955900106	2.12e-05	0.43582529671149395	0.4358285301231405	0.4358305587529854	1.4311408411266877e-06
118.0	1234.8673955900106	2.16e-05	0.43582303292652025	0.43582694225789154	0.4358294087118715	1.8034016971260333e-06
118.0	1234.8673955900106	2.2e-05	0.435820470580186	0.43582507984623176	0.4358283468175346	2.2897757362137265e-06
118.0	1234.8673955900106	2.2400000000000002e-05	0.4358175895359224	0.4358225387004992	0.4358265864564679	2.8074212665899647e-06
118.0	1234.8673955900106	2.28e-05	0.4358144250180098	0.43581895916319907	0.43582392858833785	3.3370898601466484e-06
118.0	1234.8673955900106	2.32e-05	0.4358105878253884	0.43581083928359987	0.4358111268780531	1.2574585206563366e-07
118.0	1234.8673955900106	2.36e-05	0.4357974852950619	0.4358026933091759	0.4358078373368066	3.49656650338023e-06
118.0	1234.8673955900106	2.4e-05	0.43579496675463325	0.43579924808826814	0.4358047821734532	2.967217480035645e-06
118.0	1234.8673955900106	2.44e-05	0.4357933688849016	0.43579687911379966	0.4358020725168723	2.4599178949325365e-06
118.0	1234.8673955900106	2.48e-05	0.43579244302197395	0.4357952156319233	0.4357997312980926	1.9981967266734932e-06
118.0	1234.8673955900106	2.5200000000000003e-05	0.4357914813290682	0.43579384434818697	0.4357977337811336	1.6558063905870014e-06
118.0	1234.8673955900106	2.56e-05	0.4357908010559157	0.4357928208721399	0.43579602303266096	1.3360262366124329e-06
118.0	1234.8673955900106	2.6e-05	0.4357902135001419	0.4357919297606778	0.4357945423627658	1.0813461041178958e-06
118.0	1234.8673955900106	2.64e-05	0.4357897104774153	0.43579117263365263	0.43579324246633977	8.491154592749203e-07
118.0	1234.8673955900106	2.68e-05	0.4357891883561811	0.43579046097186336	0.43579208153143245	6.650997569126086e-07
118.0	1234.8673955900106	2.72e-05	0.43578895014108276	0.4357898156429887	0.43579102483053234	4.883213821272075e-07
118.0	1234.8673955900106	2.76e-05	0.4357885259152674	0.4357891784834522	0.43579004337272664	3.5034681984316885e-07
118.0	1234.8673955900106	2.8e-05	0.43578806189768304	0.43578855406132694	0.4357891123472504	2.3142901840581358e-07
118.0	1234.8673955900106	2.8400000000000003e-05	0.4357875997326728	0.4357879437674462	0.43578820962227294	1.2220931047285674e-07
118.0	1234.8673955900106	2.88e-05	0.43578714826540477	0.43578734781160333	0.43578758130265527	7.380478142467984e-08
118.0	1234.8673955900106	2.92e-05	0.43578631251289845	0.43578674369362363	0.43578712378877604	1.7112827015627755e-07
118.0	1234.8673955900106	2.96e-05	0.4357854379075192	0.43578613596540355	0.43578671242988953	3.1213006028302064e-07
118.0	1234.8673955900106	2.9999999999999997e-05	0.43578444504922764	0.4357854901174416	0.4357862609686105	4.683330326668999e-07
118.0	1234.8673955900106	3.04e-05	0.43578336055118516	0.43578479845620344	0.43578577984923506	6.574797758876597e-07
118.0	1234.8673955900106	3.0799999999999996e-05	0.43578216545191495	0.4357839534739456	0.4357851301006237	8.499419392225334e-07
118.0	1234.8673955900106	3.12e-05	0.4357808366690481	0.435782976160057	0.4357845641989737	1.0980949058067288e-06
118.0	1234.8673955900106	3.16e-05	0.43577935966136216	0.43578166754163644	0.43578364197410924	1.358432131237807e-06
118.0	1234.8673955900106	3.2e-05	0.43577769925923526	0.43577985123688506	0.4357822799326838	1.6226458414290884e-06
118.0	1234.8673955900106	3.2399999999999995e-05	0.43577556654501404	0.43577581384367065	0.435776098251206	1.2659066312453345e-07
118.0	1234.8673955900106	3.2800000000000004e-05	0.4357690878989846	0.4357717495368595	0.4357744683713918	1.7830942422228984e-06
118.0	1234.8673955900106	3.32e-05	0.435767868262098	0.43577006669142254	0.4357729728925248	1.519033932266883e-06
118.0	1234.8673955900106	3.36e-05	0.43576711295461923	0.4357689293116261	0.4357716648838288	1.2687615704403497e-06
118.0	1234.8673955900106	3.4e-05	0.43576668586887823	0.43576814995523905	0.43577055679800836	1.0448165006234193e-06
118.0	1234.8673955900106	3.4399999999999996e-05	0.435766253443683	0.43576752048826367	0.4357696287116477	8.816753129710049e-07
118.0	1234.8673955900106	3.4800000000000006e-05	0.4357659601315902	0.4357670707702998	0.4357688526924077	7.326332084888598e-07
118.0	1234.8673955900106	3.52e-05	0.4357657094248646	0.43576669362929354	0.43576820126748306	6.162785582586552e-07
118.0	1234.8673955900106	3.56e-05	0.4357655080039109	0.4357663925238653	0.43576765021914987	5.114684279520517e-07
118.0	1234.8673955900106	3.6e-05	0.4357653102113801	0.4357661202748004	0.4357671795993383	4.3199861793970043e-07
118.0	1234.8673955900106	3.64e-05	0.43576523179962123	0.4357658891861337	0.43576677351586834	3.584416267095475e-07
118.0	1234.8673955900106	3.68e-05	0.43576508159206107	0.435765668205245	0.4357664195088926	3.0671399955242554e-07
118.0	1234.8673955900106	3.72e-05	0.43576492674187683	0.4357654602622308	0.4357661078763231	2.666864488630938e-07
118.0	1234.8673955900106	3.76e-05	0.4357647827865003	0.4357652658001133	0.4357658310763979	2.3315917445153788e-07
118.0	1234.8673955900106	3.7999999999999995e-05	0.43576465993428126	0.43576508345116144	0.43576558323589065	2.046271978301772e-07
118.0	1234.8673955900106	3.8400000000000005e-05	0.43576456123363005	0.4357649173981608	0.4357653597565081	1.802229858436106e-07
118.0	1234.8673955900106	3.88e-05	0.43576445882841597	0.4357647637394032	0.4357651570027645	1.5782179924253503e-07
118.0	1234.8673955900106	3.9200000000000004e-05	0.4357643857738891	0.43576462851512426	0.4357649720539065	1.3574386653177376e-07
118.0	1234.8673955900106	3.96e-05	0.4357642950353764	0.43576450610472817	0.4357648025016845	1.1436884784188809e-07
118.0	1234.8673955900106	3.9999999999999996e-05	0.43576420695777696	0.4357643953504426	0.4357646462715694	9.708175467098231e-08
118.0	1234.8673955900106	4.0400000000000006e-05	0.4357641294535828	0.43576429145648055	0.4357645014460392	8.132837320252534e-08
118.0	1234.8673955900106	4.08e-05	0.435764063418584	0.43576419587059345	0.43576436614853975	6.872591395431983e-08
118.0	1234.8673955900106	4.12e-05	0.4357640035579289	0.4357641084783968	0.43576423915245144	5.842250878817709e-08
118.0	1234.8673955900106	4.16e-05	0.43576393250730483	0.43576403074929726	0.43576412960545596	5.22574089658658e-08
118.0	1234.8673955900106	4.2e-05	0.43576388982056624	0.4357639868020059	0.4357640749434841	4.790930890809941e-08
119.0	1245.9666674777748	0.0	0.4423094287609972	0.4423125322906279	0.4423140847521898	1.024491204030249e-06
119.0	1245.9666674777748	4e-07	0.4423074486908227	0.44231063483254335	0.4423122750371338	1.0618199332371927e-06
119.0	1245.9666674777748	8e-07	0.44230526983251206	0.4423087574047591	0.4423107773972186	1.1830799528637208e-06
119.0	1245.9666674777748	1.2000000000000002e-06	0.4423028788474044	0.44230690395704947	0.44230993793041673	1.4186217868152333e-06
119.0	1245.9666674777748	1.6e-06	0.4423002429153895	0.4423049508209043	0.44230834829736665	1.7068590251297282e-06
119.0	1245.9666674777748	2e-06	0.44229731190175947	0.44230294890918337	0.4423069150101613	2.118893753196413e-06
119.0	1245.9666674777748	2.4000000000000003e-06	0.442294018130462	0.44230072918946745	0.4423053015338354	2.6090325770256162e-06
119.0	1245.9666674777748	2.8000000000000003e-06	0.44229027733710424	0.44229828129938475	0.4423036059578269	3.2401429597300723e-06
119.0	1245.9666674777748	3.2e-06	0.4422859847848626	0.44229516900308447	0.442301281025288	3.918515304123957e-06
119.0	1245.9666674777748	3.6e-06	0.4422810522802907	0.4422915037001393	0.442299170995069	4.840279575068236e-06
119.0	1245.9666674777748	4e-06	0.44227544466656354	0.44228645785204723	0.4422956431914704	5.836201299393893e-06
119.0	1245.9666674777748	4.4e-06	0.4422692277632807	0.442279308802263	0.4422902864098557	6.861736749475115e-06
119.0	1245.9666674777748	4.800000000000001e-06	0.44226223624616257	0.4422629541904931	0.44226361809576265	3.4102530990428153e-07
119.0	1245.9666674777748	5.2e-06	0.4422366237991122	0.44224662425868216	0.4422562120673845	6.915088591861132e-06
119.0	1245.9666674777748	5.600000000000001e-06	0.4422314540963015	0.4422396452050039	0.44225002845826467	5.851826019832162e-06
119.0	1245.9666674777748	6e-06	0.44222812989571203	0.44223480570252693	0.44224455483363556	4.829934270904898e-06
119.0	1245.9666674777748	6.4e-06	0.44222617961569277	0.44223136768078164	0.44223978680862785	3.892445613557292e-06
119.0	1245.9666674777748	6.8e-06	0.4422241364867414	0.4422285071924741	0.4422356726608738	3.191848915373053e-06
119.0	1245.9666674777748	7.2e-06	0.4422226574684984	0.4422263317177238	0.4422321146967061	2.529242756338243e-06
119.0	1245.9666674777748	7.6e-06	0.4422213355775604	0.4422244078199603	0.4422289933037131	1.9978798947127656e-06
119.0	1245.9666674777748	8e-06	0.4422202713077823	0.44222273391224276	0.44222620955259284	1.5097722320754478e-06
119.0	1245.9666674777748	8.4e-06	0.44221907964247364	0.44222113855781875	0.44222367828264897	1.11579902016003e-06
119.0	1245.9666674777748	8.8e-06	0.4422185089514752	0.4422196595287403	0.4422213273138169	7.307191283402439e-07
119.0	1245.9666674777748	9.2e-06	0.4422174748145524	0.44221818455178685	0.4422190946578928	4.1712886614295967e-07
119.0	1245.9666674777748	9.600000000000001e-06	0.4422163382641795	0.4422167214342459	0.4422169715357409	1.4072857604251694e-07
119.0	1245.9666674777748	9.999999999999999e-06	0.44221472979724474	0.44221527345273326	0.44221557505006803	1.8512251217543343e-07
119.0	1245.9666674777748	1.04e-05	0.44221253410463746	0.44221384401701747	0.4422150033670569	5.12294215957471e-07
119.0	1245.9666674777748	1.08e-05	0.4422102458584689	0.4422123562783003	0.4422139064259536	8.469619279716359e-07
119.0	1245.9666674777748	1.1200000000000001e-05	0.4422078056110381	0.44221083207896994	0.4422129009571716	1.2479933402510448e-06
119.0	1245.9666674777748	1.16e-05	0.44220514602522254	0.442209154427647	0.4422117936512455	1.6835187432901081e-06
119.0	1245.9666674777748	1.2e-05	0.44220219128036575	0.44220731089813553	0.44221054599446585	2.2149271214618208e-06
119.0	1245.9666674777748	1.24e-05	0.44219885955373517	0.44220497774813566	0.44220886116799285	2.766980103645679e-06
119.0	1245.9666674777748	1.28e-05	0.4421950650449471	0.4422022273797881	0.4422072993870101	3.491763094288919e-06
119.0	1245.9666674777748	1.32e-05	0.44219078265112977	0.44219844940944614	0.4422046915966158	4.266815044595503e-06
119.0	1245.9666674777748	1.36e-05	0.4421860588563371	0.44219310032926123	0.4422007257003884	5.061638767553844e-06
119.0	1245.9666674777748	1.4e-05	0.4421806538841997	0.442180883508585	0.44218112004831056	1.1373183136167706e-07
119.0	1245.9666674777748	1.44e-05	0.44216091421062664	0.4421686440579862	0.4421761712989314	5.213018313673664e-06
119.0	1245.9666674777748	1.48e-05	0.4421570873782299	0.4421634311416995	0.4421715566433848	4.417289006181984e-06
119.0	1245.9666674777748	1.52e-05	0.4421546406482353	0.4421598266706362	0.44216744525806284	3.6522184430086516e-06
119.0	1245.9666674777748	1.56e-05	0.44215321204781244	0.44215727605923005	0.442163873957222	2.9520309830425834e-06
119.0	1245.9666674777748	1.6e-05	0.44215171733753866	0.44215516034804464	0.44216080567557636	2.4298875048130845e-06
119.0	1245.9666674777748	1.6400000000000002e-05	0.44215064658504843	0.4421535609324112	0.44215815947633086	1.9386871254607033e-06
119.0	1245.9666674777748	1.68e-05	0.44214972074744363	0.4421521537182802	0.44215584847783695	1.5452073756398673e-06
119.0	1245.9666674777748	1.7199999999999998e-05	0.4421489138676149	0.44215093846811365	0.44215379824427625	1.1849959110652734e-06
119.0	1245.9666674777748	1.76e-05	0.4421480645648659	0.4421497852569766	0.44215194503557953	8.958021588287861e-07
119.0	1245.9666674777748	1.8e-05	0.4421476653827501	0.4421487234573318	0.4421502351978006	6.148122177319888e-07
119.0	1245.9666674777748	1.84e-05	0.4421469653693233	0.4421476677937376	0.4421486230815468	3.888911251528593e-07
119.0	1245.9666674777748	1.88e-05	0.44214619104624386	0.4421466244529052	0.4421470685886577	1.8984765168904635e-07
119.0	1245.9666674777748	1.9200000000000003e-05	0.4421454035426189	0.44214559576594886	0.44214578967692475	7.544792425956667e-08
119.0	1245.9666674777748	1.9600000000000002e-05	0.44214395713740373	0.44214458353631186	0.4421452354697184	2.7250851668724724e-07
119.0	1245.9666674777748	1.9999999999999998e-05	0.4421423569875058	0.44214353819389174	0.44214443894479327	5.007624388892836e-07
119.0	1245.9666674777748	2.04e-05	0.44214066392574747	0.44214247286608593	0.4421437318503667	7.740883721266142e-07
119.0	1245.9666674777748	2.08e-05	0.4421388323797393	0.44214131182816824	0.4421429366808427	1.070512521785287e-06
119.0	1245.9666674777748	2.12e-05	0.4421368115048354	0.4421400451931547	0.4421420742081885	1.4312820599828623e-06
119.0	1245.9666674777748	2.16e-05	0.4421345476230467	0.4421384572674157	0.44214092412177397	1.8035631644280534e-06
119.0	1245.9666674777748	2.2e-05	0.4421319851596168	0.4421365947844617	0.4421398621758401	2.2899721719230347e-06
119.0	1245.9666674777748	2.2400000000000002e-05	0.4421291039848372	0.4421340535341176	0.44213810173892476	2.807664399001692e-06
119.0	1245.9666674777748	2.28e-05	0.4421259393220245	0.44213047384079324	0.44213544374936387	3.337405993416067e-06
119.0	1245.9666674777748	2.32e-05	0.44212210228612303	0.4421223534975896	0.44212264103491083	1.2569377364348319e-07
119.0	1245.9666674777748	2.36e-05	0.44210899918722646	0.44211420722466105	0.44211935134339786	3.4965744323327824e-06
119.0	1245.9666674777748	2.4e-05	0.44210648051995616	0.4421107618305072	0.4421162960404663	2.9672494108116605e-06
119.0	1245.9666674777748	2.44e-05	0.44210488256559266	0.44210839273064156	0.4421135862589898	2.4599494746522806e-06
119.0	1245.9666674777748	2.48e-05	0.4421039566598086	0.4421067291553775	0.4421112449299791	1.9982196201864635e-06
119.0	1245.9666674777748	2.5200000000000003e-05	0.4421029949121307	0.4421053577942171	0.4421092473120982	1.6558172858092902e-06
119.0	1245.9666674777748	2.56e-05	0.44210231462030425	0.44210433424515544	0.4421075364774527	1.3360355144571556e-06
119.0	1245.9666674777748	2.6e-05	0.44210172699880346	0.4421034430574594	0.44210605572979045	1.0813654521312685e-06
119.0	1245.9666674777748	2.64e-05	0.44210122396822893	0.4421026858690711	0.4421047557622133	8.491336490145768e-07
119.0	1245.9666674777748	2.68e-05	0.4421007018360861	0.44210197415807184	0.44210359476124594	6.651077072994833e-07
119.0	1245.9666674777748	2.72e-05	0.442100463519699	0.4421013287824998	0.44210253799801347	4.883258213300788e-07
119.0	1245.9666674777748	2.76e-05	0.4421000392466503	0.4421006915785431	0.4421015564803348	3.503451070139869e-07
119.0	1245.9666674777748	2.8e-05	0.4420995751674104	0.4421000671157627	0.44210062539616324	2.3141737559663283e-07
119.0	1245.9666674777748	2.8400000000000003e-05	0.4420991129698937	0.4420994567851235	0.44209972261230934	1.2218356439032603e-07
119.0	1245.9666674777748	2.88e-05	0.44209866116370833	0.44209886079522054	0.4420990946778547	7.381336430029709e-08
119.0	1245.9666674777748	2.92e-05	0.44209782534681086	0.4420982566408061	0.4420986371055635	1.7116759485665574e-07
119.0	1245.9666674777748	2.96e-05	0.44209695067025034	0.44209764888516007	0.44209822569903423	3.121981349630802e-07
119.0	1245.9666674777748	2.9999999999999997e-05	0.4420959577707899	0.44209700301359944	0.4420977742661476	4.684401478592847e-07
119.0	1245.9666674777748	3.04e-05	0.442094873184149	0.4420963113139419	0.44209729308629253	6.57618012928552e-07
119.0	1245.9666674777748	3.0799999999999996e-05	0.44209367798243715	0.4420954662652269	0.44209664331029863	8.501008640852624e-07
119.0	1245.9666674777748	3.12e-05	0.4420923490809905	0.4420944888739499	0.4420960773586451	1.098289789504379e-06
119.0	1245.9666674777748	3.16e-05	0.4420908719327912	0.4420931801442518	0.4420951550680696	1.3586747031625107e-06
119.0	1245.9666674777748	3.2e-05	0.4420892112698347	0.4420913636757762	0.4420937929287758	1.6229630461090142e-06
119.0	1245.9666674777748	3.2399999999999995e-05	0.44208707867276864	0.44208732580644117	0.4420876102220337	1.2656701668676992e-07
119.0	1245.9666674777748	3.2800000000000004e-05	0.44208059943211	0.44208326118596364	0.44208598018742684	1.7831174691729257e-06
119.0	1245.9666674777748	3.32e-05	0.44207937966119015	0.44208157816012106	0.4420844845646572	1.5190813468318601e-06
119.0	1245.9666674777748	3.36e-05	0.4420786242659869	0.4420804406494538	0.44208317642701545	1.2688090631665425e-06
119.0	1245.9666674777748	3.4e-05	0.4420781971350882	0.4420796611957107	0.44208206822164886	1.0448557872970517e-06
119.0	1245.9666674777748	3.4399999999999996e-05	0.4420777646524421	0.4420790316477495	0.44208114003578824	8.817036072866704e-07
119.0	1245.9666674777748	3.4800000000000006e-05	0.44207747132269226	0.4420785818542325	0.44208036392839123	7.32661128935413e-07
119.0	1245.9666674777748	3.52e-05	0.44207722054510423	0.4420782046352222	0.4420797124247624	6.163173033382225e-07
119.0	1245.9666674777748	3.56e-05	0.44207701911393915	0.44207790346773274	0.4420791613056352	5.115074297345413e-07
119.0	1245.9666674777748	3.6e-05	0.4420768213122397	0.4420776311691914	0.44207869062171934	4.3202970292137726e-07
119.0	1245.9666674777748	3.64e-05	0.4420767428001575	0.4420774000346275	0.44207828447986497	3.5847132947899894e-07
119.0	1245.9666674777748	3.68e-05	0.44207659254322085	0.4420771790105391	0.4420779304194342	3.0674162047011367e-07
119.0	1245.9666674777748	3.72e-05	0.44207643762521975	0.442076971028858	0.4420776187376978	2.6670991470970094e-07
119.0	1245.9666674777748	3.76e-05	0.4420762936373972	0.4420767765329008	0.44207734189235115	2.3317595789328012e-07
119.0	1245.9666674777748	3.7999999999999995e-05	0.4420761707583507	0.4420765941536263	0.4420770940097096	2.0463687105286128e-07
119.0	1245.9666674777748	3.8400000000000005e-05	0.4420760720639345	0.44207642807045494	0.44207687049109623	1.8023169682204802e-07
119.0	1245.9666674777748	3.88e-05	0.44207596960489504	0.44207627439274927	0.44207666770071263	1.5782229277786214e-07
119.0	1245.9666674777748	3.9200000000000004e-05	0.44207589647562795	0.44207613915918037	0.44207648271757716	1.3572978824165922e-07
119.0	1245.9666674777748	3.96e-05	0.44207580567222315	0.44207601673110436	0.4420763131333345	1.1435043990678332e-07
119.0	1245.9666674777748	3.9999999999999996e-05	0.44207571769918275	0.4420759059469222	0.442076156873509	9.706929048590818e-08
119.0	1245.9666674777748	4.0400000000000006e-05	0.44207564015681555	0.44207580202811075	0.44207601202090263	8.132398736769502e-08
119.0	1245.9666674777748	4.08e-05	0.4420755740059761	0.4420757064218805	0.44207587669995796	6.873067783233048e-08
119.0	1245.9666674777748	4.12e-05	0.44207551422457314	0.44207561902235026	0.4420757496877217	5.844286974068241e-08
119.0	1245.9666674777748	4.16e-05	0.44207544312308755	0.4420755413057626	0.442075640170124	5.228791390754107e-08
119.0	1245.9666674777748	4.2e-05	0.4420754004722838	0.4420754975176962	0.44207558559721605	4.791782133970851e-08
120.0	1257.065939365539	0.0	0.4486759571257668	0.44867906080021047	0.44868061342597	1.0245572638628409e-06
120.0	1257.065939365539	4e-07	0.44867397705507184	0.4486771633423522	0.44867880398425	1.0618855850786975e-06
120.0	1257.065939365539	8e-07	0.44867179819481784	0.4486752859166574	0.4486773063590741	1.1831460435960787e-06
120.0	1257.065939365539	1.2000000000000002e-06	0.4486694072062498	0.4486734324722516	0.44867646697824437	1.418691975838635e-06
120.0	1257.065939365539	1.6e-06	0.44866677126901955	0.44867147933683976	0.448674877320558	1.70692642232211e-06
120.0	1257.065939365539	2e-06	0.44866384024806827	0.4486694774349637	0.448673444000419	2.1189689117872633e-06
120.0	1257.065939365539	2.4000000000000003e-06	0.44866054646691644	0.44866725773108257	0.44867183053721593	2.6091269523061885e-06
120.0	1257.065939365539	2.8000000000000003e-06	0.4486568056607423	0.44866480984530643	0.44867013493394303	3.2402478666583455e-06
120.0	1257.065939365539	3.2e-06	0.44865251307726517	0.4486616975379309	0.4486678099851771	3.918621778083258e-06
120.0	1257.065939365539	3.6e-06	0.44864758055398024	0.448658032224726	0.4486656999340619	4.840397379598434e-06
120.0	1257.065939365539	4e-06	0.4486419729196722	0.4486529863606041	0.44866217210964	5.8363399716547384e-06
120.0	1257.065939365539	4.4e-06	0.44863575599574723	0.44864583728718227	0.4486568152942487	6.861921078494905e-06
120.0	1257.065939365539	4.800000000000001e-06	0.44862876450728173	0.44862948253755414	0.448630146457913	3.4106229049826904e-07
120.0	1257.065939365539	5.2e-06	0.4486031524359353	0.44861315263364593	0.44862274039334693	6.914956438137764e-06
120.0	1257.065939365539	5.600000000000001e-06	0.4485979826760689	0.4486061735477226	0.44861655665538613	5.851736412818607e-06
120.0	1257.065939365539	6e-06	0.44859465845255997	0.4486013340173526	0.4486110830182639	4.829863474448112e-06
120.0	1257.065939365539	6.4e-06	0.4485927081673404	0.4485978959709106	0.44860631498068493	3.892384091184268e-06
120.0	1257.065939365539	6.8e-06	0.44859066502020095	0.4485950354617668	0.4486022008096251	3.19178888721807e-06
120.0	1257.065939365539	7.2e-06	0.44858918600890973	0.44859285995660825	0.4485986428314286	2.5291935498990358e-06
120.0	1257.065939365539	7.6e-06	0.4485878640129055	0.4485909360201141	0.4485955214229449	1.997850398901837e-06
120.0	1257.065939365539	8e-06	0.4485867996853079	0.4485892620819904	0.4485927376550167	1.5097510059267313e-06
120.0	1257.065939365539	8.4e-06	0.44858560815085813	0.4485876667068835	0.44859020636706415	1.1157750686304953e-06
120.0	1257.065939365539	8.8e-06	0.44858503732016075	0.4485861876568167	0.44858785537903767	7.306992251657751e-07
120.0	1257.065939365539	9.2e-06	0.4485840031666779	0.44858471266062455	0.44858562270259483	4.171077387318927e-07
120.0	1257.065939365539	9.600000000000001e-06	0.4485828665504563	0.4485832495266292	0.448583499607178	1.4069791709602667e-07
120.0	1257.065939365539	9.999999999999999e-06	0.44858125780183933	0.44858180153149846	0.448582103088806	1.8513898222500616e-07
120.0	1257.065939365539	1.04e-05	0.44857906208185305	0.44858037208408386	0.4485815318336597	5.123335426215246e-07
120.0	1257.065939365539	1.08e-05	0.44857677380433003	0.4485788843313768	0.4485804348564848	8.470075115034266e-07
120.0	1257.065939365539	1.1200000000000001e-05	0.44857433352018283	0.44857736012649346	0.4485794293485661	1.2480580988595883e-06
120.0	1257.065939365539	1.16e-05	0.44857167389055874	0.4485756824734221	0.44857832205680737	1.6836142403411627e-06
120.0	1257.065939365539	1.2e-05	0.44856871909278695	0.44857383892913805	0.4485770743585249	2.2150467037700293e-06
120.0	1257.065939365539	1.24e-05	0.4485653872966777	0.44857150574152677	0.44857538950375986	2.767114680833521e-06
120.0	1257.065939365539	1.28e-05	0.44856159271108886	0.4485687553283748	0.4485738276843527	3.4919254341211525e-06
120.0	1257.065939365539	1.32e-05	0.44855731022720136	0.4485649772893643	0.44857121984288195	4.267016499800519e-06
120.0	1257.065939365539	1.36e-05	0.4485525863310764	0.44855962810337646	0.44856725386191343	5.061905076434913e-06
120.0	1257.065939365539	1.4e-05	0.4485471813546802	0.44854741093290135	0.4485476474214032	1.136733408215498e-07
120.0	1257.065939365539	1.44e-05	0.44852744146130874	0.44853517128830855	0.44854269856494877	5.2129830071302675e-06
120.0	1257.065939365539	1.48e-05	0.44852361453554224	0.4485299582429058	0.44853808380897586	4.417283778750883e-06
120.0	1257.065939365539	1.52e-05	0.4485211677416272	0.4485263536764247	0.4485339723326005	3.6522188897464916e-06
120.0	1257.065939365539	1.56e-05	0.44851973911213516	0.44852380299233907	0.4485304009499602	2.9520281694147254e-06
120.0	1257.065939365539	1.6e-05	0.4485182443581479	0.44852168722036073	0.44852733259049593	2.429876745671789e-06
120.0	1257.065939365539	1.6400000000000002e-05	0.44851717359620125	0.44852008774393537	0.4485246863245562	1.9386783132126783e-06
120.0	1257.065939365539	1.68e-05	0.4485162476978628	0.4485186804643815	0.44852237526439076	1.5452107582921642e-06
120.0	1257.065939365539	1.7199999999999998e-05	0.4485154408169114	0.44851746516083346	0.44852032497301675	1.1850008899210118e-06
120.0	1257.065939365539	1.76e-05	0.4485145915086717	0.4485163119072448	0.44851847170933734	8.957991107491907e-07
120.0	1257.065939365539	1.8e-05	0.4485141922305367	0.4485152500666024	0.44851676181843647	6.148078246262851e-07
120.0	1257.065939365539	1.84e-05	0.44851349217576786	0.44851419436387796	0.44851514964993555	3.888815602361536e-07
120.0	1257.065939365539	1.88e-05	0.4485127177966408	0.4485131509870041	0.4485135951046102	1.8982757247745895e-07
120.0	1257.065939365539	1.9200000000000003e-05	0.44851192996376454	0.4485121222672056	0.44851231615908826	7.543926807138496e-08
120.0	1257.065939365539	1.9600000000000002e-05	0.44851048354523115	0.4485111100069674	0.4485117623397725	2.725478374575826e-07
120.0	1257.065939365539	1.9999999999999998e-05	0.44850888333408534	0.4485100646310719	0.44851096575970395	5.008129658922727e-07
120.0	1257.065939365539	2.04e-05	0.4485071902043325	0.44850899927792504	0.4485102585421483	7.741636163330255e-07
120.0	1257.065939365539	2.08e-05	0.4485053585810128	0.4485078382168827	0.44850946341982834	1.0706242841386713e-06
120.0	1257.065939365539	2.12e-05	0.4485033376165388	0.44850657154385604	0.44850860088737665	1.4314246045474228e-06
120.0	1257.065939365539	2.16e-05	0.4485010736298758	0.44850498355136104	0.44850745075082443	1.803727048203556e-06
120.0	1257.065939365539	2.2e-05	0.4484985110406772	0.4485031209896184	0.44850638874644044	2.2901723849440414e-06
120.0	1257.065939365539	2.2400000000000002e-05	0.4484956297242926	0.44850057962466217	0.44850462822491544	2.8079128405114146e-06
120.0	1257.065939365539	2.28e-05	0.44849246490384065	0.44849699976130414	0.4485019701021775	3.3377288671656598e-06
120.0	1257.065939365539	2.32e-05	0.4484886278868263	0.4484888789245214	0.44848916645519754	1.2566270538335816e-07
120.0	1257.065939365539	2.36e-05	0.4484755241580629	0.44848073231300434	0.4484858765990323	3.496606244663947e-06
120.0	1257.065939365539	2.4e-05	0.44847300535370493	0.4484772867295214	0.4484828211425773	2.967302282184174e-06
120.0	1257.065939365539	2.44e-05	0.4484714073092855	0.4484749174933253	0.44848011122335407	2.4599993565170416e-06
120.0	1257.065939365539	2.48e-05	0.4484704813591245	0.44847325381722686	0.44847776977264164	1.9982584454453868e-06
120.0	1257.065939365539	2.5200000000000003e-05	0.44846951955270065	0.44847188237243085	0.44847577204390277	1.6558424899965537e-06
120.0	1257.065939365539	2.56e-05	0.44846883924253067	0.44847085874603476	0.4484740611142888	1.3360576285166575e-06
120.0	1257.065939365539	2.6e-05	0.4484682515499294	0.44846996747894136	0.44847258028113846	1.0813956686599762e-06
120.0	1257.065939365539	2.64e-05	0.44846774851033455	0.44846921022604513	0.4484712802355757	8.491619260396634e-07
120.0	1257.065939365539	2.68e-05	0.44846722636742964	0.44846849846251385	0.4484701191624234	6.651255271006279e-07
120.0	1257.065939365539	2.72e-05	0.4484669879523757	0.4484678530372859	0.44846906233130746	4.883400868782097e-07
120.0	1257.065939365539	2.76e-05	0.4484665636314533	0.44846721578586246	0.44846808074863986	3.503537603748743e-07
120.0	1257.065939365539	2.8e-05	0.44846609948615157	0.4484665912792363	0.44846714960097867	2.3141783464567016e-07
120.0	1257.065939365539	2.8400000000000003e-05	0.44846563725343724	0.44846598090851064	0.44846624675365643	1.2217551858237914e-07
120.0	1257.065939365539	2.88e-05	0.44846518511075484	0.44846538488116416	0.44846561919009975	7.384403495629616e-08
120.0	1257.065939365539	2.92e-05	0.4484643492242819	0.44846478068690737	0.44846516156010807	1.712146044825973e-07
120.0	1257.065939365539	2.96e-05	0.4484634744708753	0.448464172899993	0.4484647501046233	3.122698866574558e-07
120.0	1257.065939365539	2.9999999999999997e-05	0.44846248162348346	0.4484635270001094	0.44846429869393223	4.6854892053467933e-07
120.0	1257.065939365539	3.04e-05	0.4484613969424647	0.4484628352575489	0.4484638174540425	6.577578784433313e-07
120.0	1257.065939365539	3.0799999999999996e-05	0.44846020163173783	0.44846199013720395	0.4484631676469517	8.50261857455149e-07
120.0	1257.065939365539	3.12e-05	0.4484588726041121	0.4484610126623999	0.44846260164303064	1.0984874108286142e-06
120.0	1257.065939365539	3.16e-05	0.4484573953077202	0.44845970381340566	0.4484616792822429	1.358920905183387e-06
120.0	1257.065939365539	3.2e-05	0.44845573426694596	0.44845788717013246	0.44846031703678335	1.6232846815564793e-06
120.0	1257.065939365539	3.2399999999999995e-05	0.4484536017631502	0.4484538488018274	0.44845413327401484	1.265652530177405e-07
120.0	1257.065939365539	3.2800000000000004e-05	0.44844712187915015	0.44844978383460987	0.44845250307319695	1.7831624084878107e-06
120.0	1257.065939365539	3.32e-05	0.44844590196676126	0.4484481006157479	0.4484510072955672	1.519148062286479e-06
120.0	1257.065939365539	3.36e-05	0.44844514648037315	0.4484469629659645	0.44844969901904363	1.2688737865320657e-06
120.0	1257.065939365539	3.4e-05	0.4484447193040335	0.44844618340960757	0.4484485906864366	1.044910532082438e-06
120.0	1257.065939365539	3.4399999999999996e-05	0.448444286761573	0.44844555377647227	0.448447662393729	8.817462233699412e-07
120.0	1257.065939365539	3.4800000000000006e-05	0.44844399341554464	0.44844510390493436	0.4484468861920101	7.327023738260344e-07
120.0	1257.065939365539	3.52e-05	0.448443742563267	0.44844472660658985	0.44844623460454347	6.163678781833951e-07
120.0	1257.065939365539	3.56e-05	0.4484435411219412	0.44844442537577356	0.44844568341037405	5.115578806059948e-07
120.0	1257.065939365539	3.6e-05	0.4484433433124675	0.4484441530263814	0.4484452126588643	4.320723056209791e-07
120.0	1257.065939365539	3.64e-05	0.4484432647035419	0.44844392184497484	0.448444806455786	3.585126241896709e-07
120.0	1257.065939365539	3.68e-05	0.4484431143980485	0.4484437007767429	0.44844445233963626	3.0678105431430217e-07
120.0	1257.065939365539	3.72e-05	0.44844295940991774	0.44844349275539946	0.44844414060696547	2.6674562428707634e-07
120.0	1257.065939365539	3.76e-05	0.4484428153888951	0.4484432982245543	0.44844386371487577	2.3320567994183177e-07
120.0	1257.065939365539	3.7999999999999995e-05	0.4484426924818843	0.4484431158139105	0.4484436157891718	2.0466036273237181e-07
120.0	1257.065939365539	3.8400000000000005e-05	0.4484425937913983	0.448442949699789	0.4484433922307467	1.8025503624073128e-07
120.0	1257.065939365539	3.88e-05	0.4484424912798701	0.4484427960021165	0.4484431894034451	1.5783868825564274e-07
120.0	1257.065939365539	3.9200000000000004e-05	0.44844241807687535	0.44844266075788874	0.4484430043860206	1.3573412794567404e-07
120.0	1257.065939365539	3.96e-05	0.4484423272099365	0.44844253831146286	0.44844283476996694	1.1435318434252212e-07
120.0	1257.065939365539	3.9999999999999996e-05	0.44844223933364447	0.4484424274972289	0.4484426784808262	9.70810035313238e-08
120.0	1257.065939365539	4.0400000000000006e-05	0.4484421617521921	0.44844232355335967	0.44844253360167663	8.134750813450061e-08
120.0	1257.065939365539	4.08e-05	0.44844209548830793	0.4484422279268611	0.4484423982578871	6.876738510337184e-08
120.0	1257.065939365539	4.12e-05	0.44844203578081476	0.4484421405201042	0.44844227122996205	5.849906625754523e-08
120.0	1257.065939365539	4.16e-05	0.4484419646281985	0.44844206281640353	0.4484421617403287	5.235609086176931e-08
120.0	1257.065939365539	4.2e-05	0.44844192200936916	0.4484420191937072	0.44844210725290523	4.7962686660837354e-08
121.0	1268.1652112533031	0.0	0.4550968525713124	0.4550999563561492	0.45510150910430003	1.024605810373451e-06
121.0	1268.1652112533031	4e-07	0.4550948724999806	0.45509805889838173	0.45509969992725274	1.0619343150215155e-06
121.0	1268.1652112533031	8e-07	0.4550926936373605	0.45509618147433023	0.4550982023150274	1.1831968544832145e-06
121.0	1268.1652112533031	1.2000000000000002e-06	0.4550903026445683	0.45509432803256167	0.4550973630161135	1.4187493086118862e-06
121.0	1268.1652112533031	1.6e-06	0.45508766670094936	0.4550923748969917	0.45509577333073903	1.706983279904578e-06
121.0	1268.1652112533031	2e-06	0.4550847356709955	0.4550903730034501	0.4550943399759566	2.1190357254881606e-06
121.0	1268.1652112533031	2.4000000000000003e-06	0.45508144187765787	0.45508815331277996	0.4550927265274103	2.6092139858537446e-06
121.0	1268.1652112533031	2.8000000000000003e-06	0.4550777010555036	0.4550857054287494	0.45509103089229175	3.2403473754384964e-06
121.0	1268.1652112533031	3.2e-06	0.4550734084388761	0.45508259310687915	0.45508870592482253	3.918724629153592e-06
121.0	1268.1652112533031	3.6e-06	0.4550684758911743	0.4550789277788585	0.45508659584797684	4.8405134730665706e-06
121.0	1268.1652112533031	4e-06	0.4550628682289908	0.45507388189201436	0.4550830679966795	5.836478808834831e-06
121.0	1268.1652112533031	4.4e-06	0.4550566512754477	0.4550667327848281	0.4550777111390074	6.862107150122724e-06
121.0	1268.1652112533031	4.800000000000001e-06	0.4550496598121532	0.4550503778741253	0.45505104174912603	3.410626885379227e-07
121.0	1268.1652112533031	5.2e-06	0.45502404799683926	0.4550340479651521	0.45504363563608763	6.914843040250253e-06
121.0	1268.1652112533031	5.600000000000001e-06	0.4550188781158253	0.45502706883370775	0.45503745186608224	5.851663118104979e-06
121.0	1268.1652112533031	6e-06	0.4550155538649685	0.4550222292663349	0.45503197820615515	4.829806718523408e-06
121.0	1268.1652112533031	6.4e-06	0.4550136035734358	0.4550187911889357	0.45502721014661596	3.892334446222377e-06
121.0	1268.1652112533031	6.8e-06	0.45501156040468693	0.45501593065366425	0.4550230959445205	3.1917392327205805e-06
121.0	1268.1652112533031	7.2e-06	0.4550100814008866	0.4550137551143854	0.4550195379447812	2.529153188012517e-06
121.0	1268.1652112533031	7.6e-06	0.4550087593228538	0.4550118311364589	0.45501641651411084	1.997827626522802e-06
121.0	1268.1652112533031	8e-06	0.4550076949378141	0.45501015716511334	0.4550136327233485	1.5097353239040684e-06
121.0	1268.1652112533031	8.4e-06	0.4550065035439044	0.45500856176626664	0.45501110141190804	1.1157558429197447e-06
121.0	1268.1652112533031	8.8e-06	0.4550059326300939	0.4550070826924266	0.45500875039962807	7.30682730883428e-07
121.0	1268.1652112533031	9.2e-06	0.4550048984580375	0.45500560767409254	0.4550065176979228	4.170882394738132e-07
121.0	1268.1652112533031	9.600000000000001e-06	0.4550037617784719	0.45500414452056503	0.45500439452884933	1.406628871846782e-07
121.0	1268.1652112533031	9.999999999999999e-06	0.45500215274713884	0.45500269650857045	0.455002997999995	1.851467661765273e-07
121.0	1268.1652112533031	1.04e-05	0.4549999569952572	0.4550012670461237	0.45500242713757455	5.123682103824502e-07
121.0	1268.1652112533031	1.08e-05	0.4549976686817132	0.4549997792759956	0.45500133011928856	8.470500709207023e-07
121.0	1268.1652112533031	1.1200000000000001e-05	0.4549952283558758	0.45499825506164193	0.4550003245688945	1.2481209837481384e-06
121.0	1268.1652112533031	1.16e-05	0.4549925686769756	0.4549965774019337	0.45499921729129955	1.6837079938057835e-06
121.0	1268.1652112533031	1.2e-05	0.45498961382010794	0.4549947338381193	0.45499796954523575	2.2151657568893844e-06
121.0	1268.1652112533031	1.24e-05	0.45498628194836144	0.4549924006072392	0.45499628465777064	2.7672499556377248e-06
121.0	1268.1652112533031	1.28e-05	0.45498248727748614	0.45498965014249226	0.45499472279363484	3.492089890051966e-06
121.0	1268.1652112533031	1.32e-05	0.4549782046935382	0.4549858720257444	0.4549921148930114	4.26722156954539e-06
121.0	1268.1652112533031	1.36e-05	0.45497348068453825	0.45498052272123124	0.45498814881655925	5.062176321438129e-06
121.0	1268.1652112533031	1.4e-05	0.4549680756386536	0.45496830517392095	0.4549685416600031	1.1362251119781376e-07
121.0	1268.1652112533031	1.44e-05	0.4549483354013848	0.45495606529839	0.4549635926833311	5.212969760758422e-06
121.0	1268.1652112533031	1.48e-05	0.45494450837277434	0.45495085210905994	0.4549589778141181	4.417297787541136e-06
121.0	1268.1652112533031	1.52e-05	0.45494206150995	0.4549472474370444	0.4549548662348135	3.6522360557628412e-06
121.0	1268.1652112533031	1.56e-05	0.4549406328499739	0.454944696673348	0.4549512947597121	2.952039792752768e-06
121.0	1268.1652112533031	1.6e-05	0.45493913804853126	0.4549425808347549	0.45494822631309173	2.429878850314205e-06
121.0	1268.1652112533031	1.6400000000000002e-05	0.454938067277447	0.454940981293458	0.45494557997215423	1.9386808890450026e-06
121.0	1268.1652112533031	1.68e-05	0.45493714131323504	0.4549395739454793	0.45494326884297287	1.5452235289947782e-06
121.0	1268.1652112533031	1.7199999999999998e-05	0.4549363344299078	0.45493835858550086	0.454941218487229	1.1850143760546209e-06
121.0	1268.1652112533031	1.76e-05	0.4549354851162608	0.4549372052861976	0.4549393651626392	8.958042278825158e-07
121.0	1268.1652112533031	1.8e-05	0.45493508574468056	0.45493614340160493	0.45493765521318164	6.14811375897426e-07
121.0	1268.1652112533031	1.84e-05	0.4549343856478414	0.45493508765668916	0.4549360429873701	3.888804462119093e-07
121.0	1268.1652112533031	1.88e-05	0.45493361120821607	0.45493404424054934	0.45493448838479633	1.8981881055524366e-07
121.0	1268.1652112533031	1.9200000000000003e-05	0.45493282304915095	0.4549330154845276	0.45493320938561954	7.544763724767148e-08
121.0	1268.1652112533031	1.9600000000000002e-05	0.45493137670727446	0.454932003190231	0.4549326559569371	2.725893822678131e-07
121.0	1268.1652112533031	1.9999999999999998e-05	0.45492977643001886	0.45493095777732334	0.45493185932231484	5.008642274223099e-07
121.0	1268.1652112533031	2.04e-05	0.45492808322712897	0.4549298923948246	0.4549311519086805	7.742394119251239e-07
121.0	1268.1652112533031	2.08e-05	0.45492625152088983	0.45492873130569345	0.4549303568053622	1.070736051825934e-06
121.0	1268.1652112533031	2.12e-05	0.45492423046054764	0.45492746458984057	0.45492949420685846	1.431567926892847e-06
121.0	1268.1652112533031	2.16e-05	0.4549219663617743	0.4549258765249094	0.4549283440158005	1.8038926607542107e-06
121.0	1268.1652112533031	2.2e-05	0.45491940363906647	0.45492401387758596	0.4549272819466763	2.290375493396954e-06
121.0	1268.1652112533031	2.2400000000000002e-05	0.45491652217110357	0.45492147238899344	0.4549255213325578	2.8081654829601737e-06
121.0	1268.1652112533031	2.28e-05	0.45491335718152914	0.4549178923429893	0.454922863066038	3.3380571002856573e-06
121.0	1268.1652112533031	2.32e-05	0.45490952005215224	0.454909770985979	0.4549100585583217	1.2565182368594304e-07
121.0	1268.1652112533031	2.36e-05	0.45489641563804817	0.4549016239992647	0.4549067685244781	3.4966603981624195e-06
121.0	1268.1652112533031	2.4e-05	0.4548938966873992	0.45489817821190276	0.4549037129018494	2.9673747078396214e-06
121.0	1268.1652112533031	2.44e-05	0.4548922985481303	0.45489580882950986	0.454901002833207	2.460066340005951e-06
121.0	1268.1652112533031	2.48e-05	0.4548913725523338	0.4548941450458893	0.4548986612503656	1.9983121840945138e-06
121.0	1268.1652112533031	2.5200000000000003e-05	0.454890410683614	0.4548927735118834	0.4548966634017919	1.655881121939874e-06
121.0	1268.1652112533031	2.56e-05	0.45488973035553215	0.4548917498043317	0.45489495236921673	1.3360918051308194e-06
121.0	1268.1652112533031	2.6e-05	0.45488914258693125	0.45489085845511157	0.4548934714435662	1.0814360817439328e-06
121.0	1268.1652112533031	2.64e-05	0.4548886395372662	0.45489010113495126	0.45489217131381476	8.491996841447121e-07
121.0	1268.1652112533031	2.68e-05	0.45488811738383994	0.45488938931593587	0.45489101016293443	6.651526602075649e-07
121.0	1268.1652112533031	2.72e-05	0.45488787887286186	0.4548887438384331	0.454889953258915	4.883636510009273e-07
121.0	1268.1652112533031	2.76e-05	0.4548874545036039	0.4548881065368334	0.45488897160664354	3.503722563159687e-07
121.0	1268.1652112533031	2.8e-05	0.4548869902882222	0.4548874819835071	0.4548880403911788	2.3142982447500358e-07
121.0	1268.1652112533031	2.8400000000000003e-05	0.4548865280178891	0.4548868715697015	0.4548871374762662	1.2218437797021769e-07
121.0	1268.1652112533031	2.88e-05	0.45488607554200655	0.4548862755018563	0.4548865102692119	7.389567292159991e-08
121.0	1268.1652112533031	2.92e-05	0.45488523958130234	0.45488567126468593	0.45488605258235904	1.712688008403925e-07
121.0	1268.1652112533031	2.96e-05	0.4548843647459613	0.45488506344300234	0.4548856410768485	3.123449294912718e-07
121.0	1268.1652112533031	2.9999999999999997e-05	0.4548833720393617	0.4548844175104541	0.45488518968249814	4.686589559156814e-07
121.0	1268.1652112533031	3.04e-05	0.45488228725881985	0.454883725720916	0.4548847083831733	6.578988797008691e-07
121.0	1268.1652112533031	3.0799999999999996e-05	0.4548810918332258	0.45488288052429554	0.45488405854161407	8.504243257448592e-07
121.0	1268.1652112533031	3.12e-05	0.45487976267264507	0.45488190296044856	0.4548834924834688	1.098687023680204e-06
121.0	1268.1652112533031	3.16e-05	0.4548782852212847	0.45488059398498654	0.4548825700484711	1.3591698034933754e-06
121.0	1268.1652112533031	3.2e-05	0.45487662369267223	0.4548787771570373	0.4548812076894144	1.6236095743608045e-06
121.0	1268.1652112533031	3.2399999999999995e-05	0.4548744912595257	0.4548747382697345	0.45487502284452397	1.2658434445909032e-07
121.0	1268.1652112533031	3.2800000000000004e-05	0.4548680106885197	0.45487067292571826	0.45487339246722236	1.7832276258180232e-06
121.0	1268.1652112533031	3.32e-05	0.45486679062810254	0.4548689895025382	0.45487189652486126	1.5192327529541326e-06
121.0	1268.1652112533031	3.36e-05	0.4548660350475666	0.45486785170629246	0.45487058810049774	1.2689545556137798e-06
121.0	1268.1652112533031	3.4e-05	0.4548656078256741	0.45486707204268445	0.45486947963380153	1.0449796882093444e-06
121.0	1268.1652112533031	3.4399999999999996e-05	0.4548651752213564	0.454866442320696	0.4548685512276309	8.818022149544145e-07
121.0	1268.1652112533031	3.4800000000000006e-05	0.4548648818604297	0.4548659923690496	0.45486777492605324	7.327560645504029e-07
121.0	1268.1652112533031	3.52e-05	0.4548646309300457	0.454865614990353	0.4548671232501498	6.164294715189976e-07
121.0	1268.1652112533031	3.56e-05	0.45486442947864525	0.4548653136952065	0.4548665719771483	5.116189992589726e-07
121.0	1268.1652112533031	3.6e-05	0.454864231662766	0.45486504129382616	0.45486610115494486	4.321256639816095e-07
121.0	1268.1652112533031	3.64e-05	0.45486415296053995	0.45486481006482954	0.45486569488814155	3.585647528148199e-07
121.0	1268.1652112533031	3.68e-05	0.4548640026073887	0.454864588951698	0.4548653407142895	3.068315400945522e-07
121.0	1268.1652112533031	3.72e-05	0.45486384754709963	0.45486438088987546	0.4548650289291647	2.6679280512266464e-07
121.0	1268.1652112533031	3.76e-05	0.4548637034922578	0.4548641863232608	0.45486475198921283	2.3324754697616846e-07
121.0	1268.1652112533031	3.7999999999999995e-05	0.4548635805562853	0.4548640038803551	0.4548645040196888	2.046968508229993e-07
121.0	1268.1652112533031	3.8400000000000005e-05	0.4548634818675419	0.4548638377346368	0.4548642804210088	1.802921434204758e-07
121.0	1268.1652112533031	3.88e-05	0.45486337930491505	0.4548636840160955	0.45486407755662395	1.5787007738287267e-07
121.0	1268.1652112533031	3.9200000000000004e-05	0.4548633060293472	0.4548635487599431	0.4548638925049797	1.357558830744176e-07
121.0	1268.1652112533031	3.96e-05	0.45486321510030336	0.4548634262945725	0.45486372285738774	1.1437594970836766e-07
121.0	1268.1652112533031	3.9999999999999996e-05	0.454863127313069	0.45486331545019454	0.4548635665393652	9.711558952663915e-08
121.0	1268.1652112533031	4.0400000000000006e-05	0.4548630496917543	0.45486321148110836	0.45486342163422844	8.139740604085608e-08
121.0	1268.1652112533031	4.08e-05	0.45486298331778485	0.4548631158344327	0.4548632862681927	6.883425048278854e-08
121.0	1268.1652112533031	4.12e-05	0.45486292367894077	0.4548630284205339	0.4548631592250274	5.858902305269859e-08
121.0	1268.1652112533031	4.16e-05	0.45486285247503755	0.45486295072999855	0.4548630497619399	5.245970693381395e-08
121.0	1268.1652112533031	4.2e-05	0.45486280988443006	0.4548629072780483	0.4548629953563825	4.8041831033501136e-08
122.0	1279.2644831410673	0.0	0.4615714570120115	0.4615745608736174	0.46157611370357543	1.0246372992433858e-06
122.0	1279.2644831410673	4e-07	0.4615694769399372	0.461572663415811	0.46157430478225336	1.0619665576953942e-06
122.0	1279.2644831410673	8e-07	0.461567298074554	0.4615707859929737	0.4615728071812635	1.1832327591076904e-06
122.0	1279.2644831410673	1.2000000000000002e-06	0.4615649070768182	0.4615689325531985	0.46157196796020994	1.418794059558275e-06
122.0	1279.2644831410673	1.6e-06	0.461562271125711	0.4615669794166161	0.4615703782442324	1.7070297867082572e-06
122.0	1279.2644831410673	2e-06	0.46155934008517185	0.4615649775299475	0.4615689448532496	2.1190942838083327e-06
122.0	1279.2644831410673	2.4000000000000003e-06	0.46155604627745106	0.46156275784994905	0.46156733142088147	2.6092936864269532e-06
122.0	1279.2644831410673	2.8000000000000003e-06	0.46155230543633063	0.4615603099652129	0.4615656357495599	3.2404413929890123e-06
122.0	1279.2644831410673	3.2e-06	0.461548012784851	0.4615571976256127	0.4615633107610879	3.918823679321882e-06
122.0	1279.2644831410673	3.6e-06	0.46154308020733836	0.461553532278463	0.46156120065394735	4.840627568436508e-06
122.0	1279.2644831410673	4e-06	0.46153747251036403	0.46154848636257495	0.46155767277006277	5.8366174034547126e-06
122.0	1279.2644831410673	4.4e-06	0.46153125551868435	0.46154133721205787	0.4615523158621535	6.862294409301858e-06
122.0	1279.2644831410673	4.800000000000001e-06	0.46152426407720526	0.46152498211850224	0.4615256458902728	3.4102789347588774e-07
122.0	1279.2644831410673	5.2e-06	0.46149865240253085	0.46150865217301146	0.4615182397172033	6.914747807317324e-06
122.0	1279.2644831410673	5.600000000000001e-06	0.4614934823395833	0.4615016729834701	0.4615120560081669	5.85160558337041e-06
122.0	1279.2644831410673	6e-06	0.46149015805724325	0.46149683337048136	0.46150658231561437	4.829763522624384e-06
122.0	1279.2644831410673	6.4e-06	0.4614882077583582	0.46149339525622735	0.46150181422517367	3.892296279142474e-06
122.0	1279.2644831410673	6.8e-06	0.4614861645647865	0.46149053468985085	0.46149769998478885	3.1916996155315876e-06
122.0	1279.2644831410673	7.2e-06	0.4614846855689976	0.4614883591129989	0.4614941419563685	2.529121381932937e-06
122.0	1279.2644831410673	7.6e-06	0.46148336343097096	0.4614864350911681	0.46149102049715474	1.9978113457662033e-06
122.0	1279.2644831410673	8e-06	0.4614822989889653	0.46148476108400327	0.461488236677857	1.5097249934720911e-06
122.0	1279.2644831410673	8.4e-06	0.46148110774452533	0.46148316565857167	0.461485705337747	1.1157411937301335e-06
122.0	1279.2644831410673	8.8e-06	0.4614805368020116	0.4614816865583732	0.4614833542964467	7.306695511005583e-07
122.0	1279.2644831410673	9.2e-06	0.4614795026094507	0.461480211515195	0.46148112156501764	4.1707036550482996e-07
122.0	1279.2644831410673	9.600000000000001e-06	0.46147836586904134	0.46147874833926245	0.4614789982265659	1.4062379219703957e-07
122.0	1279.2644831410673	9.999999999999999e-06	0.4614767565548554	0.4614773003073664	0.46147760170832974	1.8514622078031188e-07
122.0	1279.2644831410673	1.04e-05	0.4614745607668729	0.46147587082676184	0.46147703120432393	5.123983203282599e-07
122.0	1279.2644831410673	1.08e-05	0.4614722724129736	0.4614743830360005	0.4614759341402248	8.470896049461064e-07
122.0	1279.2644831410673	1.1200000000000001e-05	0.46146983204083547	0.4614728588084876	0.4614749285443045	1.248181887043836e-06
122.0	1279.2644831410673	1.16e-05	0.46146717230760714	0.46147118113752594	0.4614738212808982	1.6837998101296139e-06
122.0	1279.2644831410673	1.2e-05	0.46146421738594245	0.4614693375497223	0.4614725734811955	2.21528396041921e-06
122.0	1279.2644831410673	1.24e-05	0.4614608854329365	0.46146700427032233	0.46147088855695806	2.7673854958651382e-06
122.0	1279.2644831410673	1.28e-05	0.46145709066896146	0.461464253747683	0.46146932664223606	3.492255878277441e-06
122.0	1279.2644831410673	1.32e-05	0.4614528079757543	0.46146047554482217	0.46146671867496547	4.267429493477356e-06
122.0	1279.2644831410673	1.36e-05	0.461448083843238	0.46145512611006156	0.46146275249313984	5.062451523513772e-06
122.0	1279.2644831410673	1.4e-05	0.46144267866568534	0.4614429081613038	0.46144314469159387	1.1357916783142657e-07
122.0	1279.2644831410673	1.44e-05	0.46142293796794487	0.4614306680204601	0.4614381955825593	5.212977443381494e-06
122.0	1279.2644831410673	1.48e-05	0.4614191108277783	0.4614254546735435	0.46143358058825346	4.41733000274756e-06
122.0	1279.2644831410673	1.52e-05	0.46141666389151226	0.46142184988668533	0.4614294688950338	3.6522690448858543e-06
122.0	1279.2644831410673	1.56e-05	0.4614152351998033	0.46141929903702766	0.46142589731760086	2.952065092533102e-06
122.0	1279.2644831410673	1.6e-05	0.4614137403474796	0.4614171831264905	0.46142282877524554	2.429893162286379e-06
122.0	1279.2644831410673	1.6400000000000002e-05	0.46141266956761573	0.46141558351663686	0.4614201823516355	1.938694275236864e-06
122.0	1279.2644831410673	1.68e-05	0.46141174353279624	0.461414176097578	0.4614178711466588	1.5452451905207062e-06
122.0	1279.2644831410673	1.7199999999999998e-05	0.4614109366459127	0.46141296067843807	0.461415820720501	1.1850359216884534e-06
122.0	1279.2644831410673	1.76e-05	0.46141008732699174	0.46141180733046255	0.4614139673295483	8.95817102766629e-07
122.0	1279.2644831410673	1.8e-05	0.461409687864645	0.46141074539925175	0.46141225731654334	6.148224853014983e-07
122.0	1279.2644831410673	1.84e-05	0.4614089877251413	0.4614096896093681	0.4614106450287805	3.8888739305484285e-07
122.0	1279.2644831410673	1.88e-05	0.46140821322091696	0.4614086461510246	0.46140909036456	1.8982087052095787e-07
122.0	1279.2644831410673	1.9200000000000003e-05	0.46140742473951146	0.4614076173556871	0.4614078112928963	7.547222142113444e-08
122.0	1279.2644831410673	1.9600000000000002e-05	0.4614059785597391	0.4614066050241603	0.4614072582565729	2.7263293134832204e-07
122.0	1279.2644831410673	1.9999999999999998e-05	0.46140437821196834	0.46140555957100104	0.4614064615680791	5.009160367630001e-07
122.0	1279.2644831410673	2.04e-05	0.46140268493129	0.4614044941554467	0.4614057538894265	7.743155107177955e-07
122.0	1279.2644831410673	2.08e-05	0.4614008531370626	0.4614033330336169	0.4614049587784299	1.070847504332816e-06
122.0	1279.2644831410673	2.12e-05	0.46139883197517406	0.4614020662705107	0.4614040961081125	1.4317115764783308e-06
122.0	1279.2644831410673	2.16e-05	0.46139656775776494	0.46140047812797497	0.4614029458585902	1.8040594311178828e-06
122.0	1279.2644831410673	2.2e-05	0.4613940048946086	0.46139861538889204	0.46140188371895974	2.290580756713222e-06
122.0	1279.2644831410673	2.2400000000000002e-05	0.46139112326606124	0.46139607376848907	0.46140012300495936	2.8084213856842265e-06
122.0	1279.2644831410673	2.28e-05	0.4613879580969824	0.46139249352844186	0.46139746458506625	3.3383895050704e-06
122.0	1279.2644831410673	2.32e-05	0.46138412073095125	0.4613843716274565	0.4613846592873534	1.2566023328216552e-07
122.0	1279.2644831410673	2.36e-05	0.46137101558112725	0.4613762242319986	0.4613813690639992	3.4967355067977053e-06
122.0	1279.2644831410673	2.4e-05	0.46136849647588285	0.46137277822755973	0.46137831326368417	2.967465429860292e-06
122.0	1279.2644831410673	2.44e-05	0.4613668982375039	0.4613704086900425	0.46137560303498937	2.460149327001749e-06
122.0	1279.2644831410673	2.48e-05	0.46136597219501674	0.4613687447928775	0.4613732613105137	1.998379895988157e-06
122.0	1279.2644831410673	2.5200000000000003e-05	0.4613650102608089	0.46136737316464543	0.46137126333397305	1.6559323614192943e-06
122.0	1279.2644831410673	2.56e-05	0.46136432991530274	0.46136634937255394	0.4613695521911545	1.3361373134712692e-06
122.0	1279.2644831410673	2.6e-05	0.46136374206624176	0.4613654579388558	0.46136807116662215	1.081486048346737e-06
122.0	1279.2644831410673	2.64e-05	0.46136323900554554	0.4613647005490147	0.4613667709470439	8.492463315415974e-07
122.0	1279.2644831410673	2.68e-05	0.4613627168418857	0.461363988671885	0.46136560971340046	6.651885532517002e-07
122.0	1279.2644831410673	2.72e-05	0.46136247823783094	0.4613633431397831	0.4613645527319248	4.883959754145518e-07
122.0	1279.2644831410673	2.76e-05	0.4613620538199177	0.4613627057855904	0.4613635710058759	3.5040004894450376e-07
122.0	1279.2644831410673	2.8e-05	0.46136158953081097	0.4613620811830009	0.4613626397187103	2.3145273832360375e-07
122.0	1279.2644831410673	2.8400000000000003e-05	0.4613611272206706	0.46136147072341177	0.4613617367324938	1.2220928723402392e-07
122.0	1279.2644831410673	2.88e-05	0.46136067441566286	0.46136087461229724	0.46136110986742374	7.396709860056474e-08
122.0	1279.2644831410673	2.92e-05	0.46135983837654226	0.46136027032943305	0.46136065212462984	1.7132969784528785e-07
122.0	1279.2644831410673	2.96e-05	0.4613589634546935	0.4613596624697742	0.46136024056821867	3.124229130735942e-07
122.0	1279.2644831410673	2.9999999999999997e-05	0.46135797097260856	0.4613590165005529	0.4613597891846899	4.6876991108435943e-07
122.0	1279.2644831410673	3.04e-05	0.46135688608794645	0.46135832466031695	0.46135930782662626	6.580405924001925e-07
122.0	1279.2644831410673	3.0799999999999996e-05	0.4613556905422618	0.4613574793832353	0.46135865794752995	8.505877608562243e-07
122.0	1279.2644831410673	3.12e-05	0.4613543612426714	0.4613565017253733	0.46135809183345433	1.0988879885276842e-06
122.0	1279.2644831410673	3.16e-05	0.4613528836303322	0.4613551926170116	0.46135716932066817	1.3594205934452637e-06
122.0	1279.2644831410673	3.2e-05	0.4613512215110944	0.46135337559555123	0.4613558068413468	1.6239367027640474e-06
122.0	1279.2644831410673	3.2399999999999995e-05	0.46134908912708017	0.4613493361716968	0.46134962089239373	1.2662320738208575e-07
122.0	1279.2644831410673	3.2800000000000004e-05	0.4613426078298346	0.46134527042349327	0.46134799032934826	1.7833118214336833e-06
122.0	1279.2644831410673	3.32e-05	0.4613413876155743	0.46134358678585985	0.46134649421334295	1.5193342063515182e-06
122.0	1279.2644831410673	3.36e-05	0.4613406319383504	0.4613424488365984	0.4613451856330464	1.2690502783468097e-06
122.0	1279.2644831410673	3.4e-05	0.46134020467091563	0.4613416690616461	0.4613440770261441	1.0450622822315222e-06
122.0	1279.2644831410673	3.4399999999999996e-05	0.46133977200296705	0.4613410392475704	0.46134314850054636	8.818706952766959e-07
122.0	1279.2644831410673	3.4800000000000006e-05	0.46133947862849123	0.4613405892140595	0.46134237209412543	7.328213683888058e-07
122.0	1279.2644831410673	3.52e-05	0.46133922761696233	0.4613402117542626	0.46134172032566134	6.165013072640894e-07
122.0	1279.2644831410673	3.56e-05	0.461339026155585	0.46133991039400785	0.4613411689704403	5.116900291463094e-07
122.0	1279.2644831410673	3.6e-05	0.46133882833461737	0.46133963793970467	0.46134069807478895	4.321890324721607e-07
122.0	1279.2644831410673	3.64e-05	0.4613387495426782	0.46133940666253814	0.4613402917420517	3.5862696555785244e-07
122.0	1279.2644831410673	3.68e-05	0.4613385991428247	0.46133918550390884	0.46133993750876456	3.068923193262319e-07
122.0	1279.2644831410673	3.72e-05	0.4613384440086268	0.4613389774009383	0.46133962566986586	2.6685068281190323e-07
122.0	1279.2644831410673	3.76e-05	0.46133829991944797	0.4613387827978119	0.46133934868110593	2.333007597320613e-07
122.0	1279.2644831410673	3.7999999999999995e-05	0.46133817695363266	0.4613386003218779	0.46133910066713835	2.0474550357389703e-07
122.0	1279.2644831410673	3.8400000000000005e-05	0.4613380782645473	0.4613384341440231	0.4613388770278686	1.8034214441642218e-07
122.0	1279.2644831410673	3.88e-05	0.46133797565223933	0.46133828040380265	0.46133867412631346	1.5791553408509356e-07
122.0	1279.2644831410673	3.9200000000000004e-05	0.46133790230538363	0.46133814513454047	0.4613384890405783	1.3579402618460347e-07
122.0	1279.2644831410673	3.96e-05	0.4613378113157225	0.46133802264968427	0.4613383193617535	1.1441757001368228e-07
122.0	1279.2644831410673	3.9999999999999996e-05	0.46133772360996517	0.46133791177511413	0.4613381630153004	9.717169845755839e-08
122.0	1279.2644831410673	4.0400000000000006e-05	0.4613376459481282	0.4613378077806838	0.4613380180847253	8.147209090217954e-08
122.0	1279.2644831410673	4.08e-05	0.46133757946718745	0.46133771211392166	0.4613378826970269	6.892941033046992e-08
122.0	1279.2644831410673	4.12e-05	0.4613375198917957	0.4613376246929295	0.4613377556390388	5.871056720726955e-08
122.0	1279.2644831410673	4.16e-05	0.46133744863655757	0.4613375470157313	0.46133764620106454	5.25964236915038e-08
122.0	1279.2644831410673	4.2e-05	0.46133740607062457	0.46133750373909027	0.46133759187371215	4.815307474093913e-08
123.0	1290.3637550288315	0.0	0.46809910265194254	0.4681022065577188	0.46810375943037563	1.0246523035711427e-06
123.0	1290.3637550288315	4e-07	0.46809712257902536	0.46810030909975003	0.4681019507555746	1.0619828619395234e-06
123.0	1290.3637550288315	8e-07	0.46809494371050775	0.4680984316777145	0.4681004531641735	1.183254235817605e-06
123.0	1290.3637550288315	1.2000000000000002e-06	0.46809255270715866	0.46809657823931144	0.4680996140169329	1.418826593408471e-06
123.0	1290.3637550288315	1.6e-06	0.4680899167475303	0.4680946251009005	0.4680980242675865	1.7070662094544383e-06
123.0	1290.3637550288315	2e-06	0.46808698569492435	0.46809262321969375	0.46809659083900446	2.119144741178481e-06
123.0	1290.3637550288315	2.4000000000000003e-06	0.4680836918707598	0.4680904035479153	0.4680949774242995	2.6093661194859208e-06
123.0	1290.3637550288315	2.8000000000000003e-06	0.4680799510078737	0.46808795566013583	0.46809328171265996	3.2405298722673025e-06
123.0	1290.3637550288315	3.2e-06	0.46807565832001696	0.46808484329975947	0.46809095670107226	3.918918789496751e-06
123.0	1290.3637550288315	3.6e-06	0.4680707257076131	0.4680811779294171	0.4680888465593531	4.840739409010877e-06
123.0	1290.3637550288315	4e-06	0.46806511796933137	0.4680761319785449	0.46808531863752645	5.836755370092442e-06
123.0	1290.3637550288315	4.4e-06	0.4680589009314673	0.46806898277570785	0.4680799616719842	6.862482312765146e-06
123.0	1290.3637550288315	4.800000000000001e-06	0.4680519095085822	0.46805262747900395	0.4680532910925512	3.409594924066704e-07
123.0	1290.3637550288315	5.2e-06	0.4680262978638732	0.4680362974671239	0.4680458848486362	6.914670109492821e-06
123.0	1290.3637550288315	5.600000000000001e-06	0.46802112756175607	0.46802931820763355	0.4680397012892614	5.851563218616107e-06
123.0	1290.3637550288315	6e-06	0.46801780324408515	0.4680244785409275	0.4680342275547664	4.829733371817551e-06
123.0	1290.3637550288315	6.4e-06	0.46801585293687786	0.46802104038429143	0.4680294594249528	3.892269159422988e-06
123.0	1290.3637550288315	6.8e-06	0.4680138097154769	0.4680181797821501	0.46802534513949556	3.1916696717889655e-06
123.0	1290.3637550288315	7.2e-06	0.4680123307281914	0.468016004164534	0.4680217870756431	2.52909781722372e-06
123.0	1290.3637550288315	7.6e-06	0.4680110085511293	0.4680140800965564	0.4680186655818872	1.9978013023619097e-06
123.0	1290.3637550288315	8e-06	0.4680099440527279	0.46801240605119226	0.46801588172867614	1.509719800725716e-06
123.0	1290.3637550288315	8.4e-06	0.46800875296584366	0.46801081059654154	0.4680133503550241	1.1157309521673718e-06
123.0	1290.3637550288315	8.8e-06	0.4680081820465736	0.46800933146759693	0.46801099928022705	7.30659574853796e-07
123.0	1290.3637550288315	9.2e-06	0.46800714783167496	0.4680078563970707	0.46800876651489354	4.17054104974788e-07
123.0	1290.3637550288315	9.600000000000001e-06	0.4680060110329034	0.4680063931960621	0.4680066429164702	1.4058096805243716e-07
123.0	1290.3637550288315	9.999999999999999e-06	0.4680044014365867	0.46800494514143265	0.4680052464287803	1.8513776977318052e-07
123.0	1290.3637550288315	1.04e-05	0.46800220560859884	0.4680035156397482	0.4680046762497909	5.1242401736196e-07
123.0	1290.3637550288315	1.08e-05	0.46799991721033063	0.4680020278253563	0.46800357913552126	8.471261516755195e-07
123.0	1290.3637550288315	1.1200000000000001e-05	0.4679974767876418	0.4680005035812184	0.4680025734913089	1.2482407390521453e-06
123.0	1290.3637550288315	1.16e-05	0.46799481699543133	0.4679988258946525	0.4680014662421259	1.683889536009545e-06
123.0	1290.3637550288315	1.2e-05	0.46799186200372933	0.4679969822786913	0.4680002183833549	2.215401035480811e-06
123.0	1290.3637550288315	1.24e-05	0.46798852996434004	0.46799464894591464	0.46799853341860587	2.767520914694253e-06
123.0	1290.3637550288315	1.28e-05	0.467984735100095	0.4679918983595629	0.4679969714478771	3.49242286499022e-06
123.0	1290.3637550288315	1.32e-05	0.46798045228918905	0.4679881200628806	0.46799436340703515	4.267639566331291e-06
123.0	1290.3637550288315	1.36e-05	0.4679757280233918	0.4679827704871114	0.4679903971107757	5.062729763062542e-06
123.0	1290.3637550288315	1.4e-05	0.4679703226552965	0.4679705521146195	0.4679707887333331	1.1354313247890806e-07
123.0	1290.3637550288315	1.44e-05	0.46795058138806755	0.46795831167657476	0.46796583948075554	5.21300494211338e-06
123.0	1290.3637550288315	1.48e-05	0.46794675412835396	0.4679530981595242	0.4679612243504341	4.417379406319596e-06
123.0	1290.3637550288315	1.52e-05	0.4679443071145446	0.46794949324929297	0.4679571125331634	3.65231696737544e-06
123.0	1290.3637550288315	1.56e-05	0.4679428783899997	0.46794694230788014	0.4679535408443014	2.9521033091773083e-06
123.0	1290.3637550288315	1.6e-05	0.4679413834836632	0.46794482632054135	0.4679504721983596	2.4299190225793985e-06
123.0	1290.3637550288315	1.6400000000000002e-05	0.46794031269539804	0.4679432266388225	0.4679478256850098	1.9387178866645897e-06
123.0	1290.3637550288315	1.68e-05	0.4679393865856394	0.4679418191463565	0.46794551439800536	1.5452752355291327e-06
123.0	1290.3637550288315	1.7199999999999998e-05	0.46793857969409025	0.4679406036656261	0.4679434638958826	1.185065064463456e-06
123.0	1290.3637550288315	1.76e-05	0.4679377303700525	0.4679394502663109	0.4679416104335674	8.958373092686072e-07
123.0	1290.3637550288315	1.8e-05	0.46793733081971123	0.46793838828608314	0.4679399003524507	6.148407427494926e-07
123.0	1290.3637550288315	1.84e-05	0.4679366306370776	0.4679373324487243	0.4679382879984999	3.889019808365749e-07
123.0	1290.3637550288315	1.88e-05	0.4679358560645097	0.46793628894551065	0.46793673326862795	1.898332162456757e-07
123.0	1290.3637550288315	1.9200000000000003e-05	0.4679350672653326	0.4679352601080371	0.4679354541067724	7.55121699463762e-08
123.0	1290.3637550288315	1.9600000000000002e-05	0.4679336213281724	0.4679342477363776	0.46793490146343597	2.726782818185094e-07
123.0	1290.3637550288315	1.9999999999999998e-05	0.467932020905903	0.4679332022400079	0.4679341047218175	5.009682333193681e-07
123.0	1290.3637550288315	2.04e-05	0.46793032754324404	0.46793213678798307	0.4679333967135406	7.743916972968377e-07
123.0	1290.3637550288315	2.08e-05	0.4679284956564729	0.46793097562918	0.4679326015697436	1.0709583612166673e-06
123.0	1290.3637550288315	2.12e-05	0.46792647438793455	0.4679297088147563	0.46793173882234207	1.431855150025199e-06
123.0	1290.3637550288315	2.16e-05	0.4679242100460339	0.4679281205899294	0.46793058851079206	1.8042268437156711e-06
123.0	1290.3637550288315	2.2e-05	0.4679216470362215	0.46792625775348556	0.46792952629538753	2.290787500258257e-06
123.0	1290.3637550288315	2.2400000000000002e-05	0.4679187652390002	0.4679237159938966	0.4679277654748839	2.808679685240029e-06
123.0	1290.3637550288315	2.28e-05	0.467915599881068	0.4679201355495497	0.46792510689299416	3.338724981710105e-06
123.0	1290.3637550288315	2.32e-05	0.4679117621613953	0.4679120130835628	0.46791230087428026	1.2568697987514918e-07
123.0	1290.3637550288315	2.36e-05	0.4678986562302594	0.4679038652487097	0.46790901045070843	3.4968302409534e-06
123.0	1290.3637550288315	2.4e-05	0.46789613696294374	0.46790041901527174	0.4679059544622701	2.9675732352057347e-06
123.0	1290.3637550288315	2.44e-05	0.46789453862168706	0.4678980493145873	0.46790324406387196	2.4602472540287494e-06
123.0	1290.3637550288315	2.48e-05	0.46789361253163	0.4678963852984806	0.46790090218912983	1.9984606657455206e-06
123.0	1290.3637550288315	2.5200000000000003e-05	0.4678926505290706	0.46789501357152957	0.4678989040772885	1.6559954059504979e-06
123.0	1290.3637550288315	2.56e-05	0.4678919701666553	0.4678939896919237	0.46789719281761855	1.3361934325693833e-06
123.0	1290.3637550288315	2.6e-05	0.46789138223310456	0.46789309817174923	0.46789571168841704	1.081544929784643e-06
123.0	1290.3637550288315	2.64e-05	0.46789087916049077	0.4678923407101279	0.467894411373905	8.493012743550614e-07
123.0	1290.3637550288315	2.68e-05	0.46789035698691084	0.4678916287725552	0.4678932500529456	6.652326448472659e-07
123.0	1290.3637550288315	2.72e-05	0.467890118292722	0.4678909831838046	0.46789219298990314	4.884365074079116e-07
123.0	1290.3637550288315	2.76e-05	0.4678896938259678	0.4678903457748745	0.4678912111863154	3.5043657147967355e-07
123.0	1290.3637550288315	2.8e-05	0.46788922945986133	0.46788972112073124	0.46789027982394416	2.3148594057018153e-07
123.0	1290.3637550288315	2.8400000000000003e-05	0.4678887671079366	0.4678891106129256	0.4678893767630896	1.2224934463896005e-07
123.0	1290.3637550288315	2.88e-05	0.4678883139786034	0.4678885144560363	0.4678887502253746	7.405708379482376e-08
123.0	1290.3637550288315	2.92e-05	0.4678874778573219	0.4678879101249686	0.4678882924276122	1.7139681147199652e-07
123.0	1290.3637550288315	2.96e-05	0.4678866028448745	0.4678873022244037	0.4678878808196041	3.1250350349552515e-07
123.0	1290.3637550288315	2.9999999999999997e-05	0.4678856106656939	0.4678866562148123	0.46788742944171524	4.6888146879512966e-07
123.0	1290.3637550288315	3.04e-05	0.4678845256728277	0.467885964320489	0.46788694802567754	6.581826258103199e-07
123.0	1290.3637550288315	3.0799999999999996e-05	0.467883330002409	0.4678851189591909	0.4678862981062615	8.50751696700573e-07
123.0	1290.3637550288315	3.12e-05	0.46788200055842744	0.4678841412028514	0.46788573193476957	1.0990897177082255e-06
123.0	1290.3637550288315	3.16e-05	0.46788052277980174	0.46788283195585034	0.4678848093410073	1.3596725328812984e-06
123.0	1290.3637550288315	3.2e-05	0.4678788599746184	0.4678810147330206	0.46788344673547133	1.6242651181077641e-06
123.0	1290.3637550288315	3.2399999999999995e-05	0.4678767276192657	0.467876974757376	0.4678772596644496	1.2668071259247883e-07
123.0	1290.3637550288315	3.2800000000000004e-05	0.46787024556066914	0.46787290858011316	0.46787562890735224	1.7834137494414886e-06
123.0	1290.3637550288315	3.32e-05	0.4678690251874382	0.4678712247189841	0.46787413260969224	1.5194512554589755e-06
123.0	1290.3637550288315	3.36e-05	0.4678682694113654	0.46787008661089574	0.46787282386618667	1.2691598995746443e-06
123.0	1290.3637550288315	3.4e-05	0.46786784209850385	0.46786930672101235	0.46787171511363823	1.0451573691637353e-06
123.0	1290.3637550288315	3.4399999999999996e-05	0.46786740936538873	0.46786867681202843	0.4678707864632594	8.819508003007118e-07
123.0	1290.3637550288315	3.4800000000000006e-05	0.46786711597866404	0.4678682266952035	0.4678700099475348	7.328974694689089e-07
123.0	1290.3637550288315	3.52e-05	0.4678668648833151	0.46786784915380586	0.46786935808283214	6.165826211479766e-07
123.0	1290.3637550288315	3.56e-05	0.46786666341206207	0.46786754772787165	0.46786880664238417	5.117702207691075e-07
123.0	1290.3637550288315	3.6e-05	0.467866465587254	0.46786727521989496	0.4678683356708504	4.322616688779822e-07
123.0	1290.3637550288315	3.64e-05	0.46786638670923075	0.46786704389412964	0.46786792927024035	3.586985118757861e-07
123.0	1290.3637550288315	3.68e-05	0.46786623626367874	0.4678668226895461	0.46786757497600906	3.0696262957524585e-07
123.0	1290.3637550288315	3.72e-05	0.4678660810540869	0.46786661454489187	0.4678672630822076	2.669184767348872e-07
123.0	1290.3637550288315	3.76e-05	0.46786593693014744	0.4678664199046344	0.467866986043842	2.333645106075266e-07
123.0	1290.3637550288315	3.7999999999999995e-05	0.4678658139337104	0.4678662373950184	0.46786673798492995	2.0480547867333762e-07
123.0	1290.3637550288315	3.8400000000000005e-05	0.46786571524228204	0.46786607118457996	0.4678665143048253	1.8040415274598414e-07
123.0	1290.3637550288315	3.88e-05	0.4678656125817353	0.46786591742194933	0.4678663113660777	1.5797411713046368e-07
123.0	1290.3637550288315	3.9200000000000004e-05	0.4678655391649942	0.4678657821384608	0.4678661262464203	1.3584750924034666e-07
123.0	1290.3637550288315	3.96e-05	0.4678654481162594	0.4678656596336223	0.4678659565366896	1.1447685173332747e-07
123.0	1290.3637550288315	3.9999999999999996e-05	0.4678653604845042	0.4678655487288463	0.4678658001622553	9.724794496901015e-08
123.0	1290.3637550288315	4.0400000000000006e-05	0.467865282781597	0.46786544470896746	0.4678656552067775	8.156992690173397e-08
123.0	1290.3637550288315	4.08e-05	0.4678652161969472	0.4678653490222024	0.46786551979796975	6.905094261985076e-08
123.0	1290.3637550288315	4.12e-05	0.4678651566798733	0.4678652615941234	0.46786539272553807	5.8861455554755285e-08
123.0	1290.3637550288315	4.16e-05	0.4678650853733499	0.4678651839303234	0.4678652833112249	5.2763826992325474e-08
123.0	1290.3637550288315	4.2e-05	0.46786504282874475	0.46786514083271846	0.46786522905837646	4.829416217833129e-08
124.0	1299.243172539043	0.0	0.4733581262613189	0.47336123018171083	0.473362783063517	1.0246538814338073e-06
124.0	1299.243172539043	4e-07	0.4733561461876361	0.47335933272349934	0.4733609745790748	1.0619858488448852e-06
124.0	1299.243172539043	8e-07	0.47335396731626034	0.47335745530174106	0.4733594769940055	1.1832623773208404e-06
124.0	1299.243172539043	1.2000000000000002e-06	0.47335157630780067	0.47335560186389586	0.4733586379027761	1.4188450705645401e-06
124.0	1299.243172539043	1.6e-06	0.47334894034041497	0.4733536487232777	0.47335704812440316	1.7070892316615776e-06
124.0	1299.243172539043	2e-06	0.4733460092768249	0.4733516468452255	0.47335561466435827	2.119180322881388e-06
124.0	1299.243172539043	2.4000000000000003e-06	0.47334271543768924	0.47334942717794637	0.4733540012651707	2.6094197366600356e-06
124.0	1299.243172539043	2.8000000000000003e-06	0.47333897455495677	0.47334697928575337	0.4733523055178681	3.2405975098078993e-06
124.0	1299.243172539043	3.2e-06	0.4733346818349684	0.4733438669061976	0.4733499804863248	3.918992847662792e-06
124.0	1299.243172539043	3.6e-06	0.4733297491904507	0.47334020151397627	0.47334787031338443	4.840828058478523e-06
124.0	1299.243172539043	4e-06	0.473324141413773	0.47333515553035455	0.47334434235707956	5.836866178964025e-06
124.0	1299.243172539043	4.4e-06	0.4733179243323846	0.47332800627850186	0.47333898533990215	6.86263414321631e-06
124.0	1299.243172539043	4.800000000000001e-06	0.4733109329220957	0.47331165080262527	0.47331231425273934	3.408824396420029e-07
124.0	1299.243172539043	5.2e-06	0.47328532121992684	0.4732953207134528	0.473304907943203	6.914621654560933e-06
124.0	1299.243172539043	5.600000000000001e-06	0.4732801506870308	0.47328834138804377	0.4732987245606086	5.851541206636573e-06
124.0	1299.243172539043	6e-06	0.4732768263375027	0.4732835016714878	0.47329325078477424	4.8297194373238315e-06
124.0	1299.243172539043	6.4e-06	0.47327487602274854	0.47328006347622364	0.47328848261636125	3.8922559865927835e-06
124.0	1299.243172539043	6.8e-06	0.4732728327760878	0.47327720284148933	0.4732843682886534	3.1916530680337956e-06
124.0	1299.243172539043	7.2e-06	0.4732713537958375	0.4732750271884583	0.4732808101907837	2.529085100372088e-06
124.0	1299.243172539043	7.6e-06	0.47327003160231484	0.4732731030815229	0.4732776886642984	1.997797727860746e-06
124.0	1299.243172539043	8e-06	0.4732689670589192	0.4732714290034127	0.4732749047793252	1.5097191725315064e-06
124.0	1299.243172539043	8.4e-06	0.47326777610087056	0.4732698335229907	0.4732723733745692	1.1157256431131614e-06
124.0	1299.243172539043	8.8e-06	0.4732672052340572	0.4732683543688017	0.4732700222689674	7.306535107501185e-07
124.0	1299.243172539043	9.2e-06	0.47326617099997836	0.47326687927403666	0.4732677894726809	4.170418207673376e-07
124.0	1299.243172539043	9.600000000000001e-06	0.47326503415538834	0.47326541605044564	0.4732656656062213	1.405438832008374e-07
124.0	1299.243172539043	9.999999999999999e-06	0.4732634243321794	0.4732639679749525	0.47326426915726394	1.8512646702813834e-07
124.0	1299.243172539043	1.04e-05	0.47326122846836416	0.47326253845364147	0.4732636992145194	5.124424943857027e-07
124.0	1299.243172539043	1.08e-05	0.4732589400305791	0.47326105061743295	0.4732626020562227	8.471544265598758e-07
124.0	1299.243172539043	1.1200000000000001e-05	0.47325649956310123	0.4732595263566797	0.47326159637060616	1.2482876861221002e-06
124.0	1299.243172539043	1.16e-05	0.4732538397188826	0.47325784865348336	0.47326048913272434	1.683961260964594e-06
124.0	1299.243172539043	1.2e-05	0.4732508846656698	0.47325600501091014	0.4732592412218102	2.2154955803664665e-06
124.0	1299.243172539043	1.24e-05	0.4732475525509452	0.47325367163053744	0.4732575562213155	2.7676311378506267e-06
124.0	1299.243172539043	1.28e-05	0.4732437575990094	0.47325092098737964	0.4732559942006951	3.4925595377668065e-06
124.0	1299.243172539043	1.32e-05	0.4732394746851831	0.4732471426078459	0.47325338609455603	4.267812042545091e-06
124.0	1299.243172539043	1.36e-05	0.4732347503026846	0.47324179290828666	0.4732494196981545	5.062957992342968e-06
124.0	1299.243172539043	1.4e-05	0.47322934474071054	0.4732295741727244	0.47322981089074645	1.1351902549397238e-07
124.0	1299.243172539043	1.44e-05	0.4732096029270556	0.47321733346523426	0.4732248615118051	5.213044795301536e-06
124.0	1299.243172539043	1.48e-05	0.47320577556263377	0.4732121197990248	0.4732202462614721	4.417434396782703e-06
124.0	1299.243172539043	1.52e-05	0.47320332848178204	0.4732085147811189	0.47321613433461707	3.6523686147409063e-06
124.0	1299.243172539043	1.56e-05	0.4732018997292897	0.47320596376012525	0.473212562547352	2.952145166962886e-06
124.0	1299.243172539043	1.6e-05	0.47320040477587977	0.473203847706176	0.4732094938105229	2.4299495692441987e-06
124.0	1299.243172539043	1.6400000000000002e-05	0.47319933398054026	0.47320224796329136	0.4732068472181936	1.938745249816724e-06
124.0	1299.243172539043	1.68e-05	0.47319840780630074	0.47320084040931587	0.4732045358591783	1.5453059830430158e-06
124.0	1299.243172539043	1.7199999999999998e-05	0.4731976009097183	0.47319962487650336	0.473202485290539	1.1850941906421412e-06
124.0	1299.243172539043	1.76e-05	0.4731967515810984	0.47319847143314064	0.4732006317658888	8.958588169177026e-07
124.0	1299.243172539043	1.8e-05	0.4731963519620086	0.4731974094109377	0.4731989216254071	6.148602699285563e-07
124.0	1299.243172539043	1.84e-05	0.4731956517438629	0.47319635353273526	0.47319730921388725	3.889186574837419e-07
124.0	1299.243172539043	1.88e-05	0.4731948771130412	0.47319530999061443	0.4731957544270271	1.8984969650323528e-07
124.0	1299.243172539043	1.9200000000000003e-05	0.4731940880610219	0.4731942811162812	0.4731944751817858	7.555476775667349e-08
124.0	1299.243172539043	1.9600000000000002e-05	0.4731926423689554	0.47319326870929584	0.4731939228510109	2.727165881432346e-07
124.0	1299.243172539043	1.9999999999999998e-05	0.47319104188242544	0.47319222317499815	0.4731931260658877	5.010113314407013e-07
124.0	1299.243172539043	2.04e-05	0.47318934844919536	0.4731911576900416	0.4731924177526494	7.744540904830979e-07
124.0	1299.243172539043	2.08e-05	0.473187516482918	0.4731899964970637	0.4731916225633279	1.0710482330106232e-06
124.0	1299.243172539043	2.12e-05	0.47318549512290886	0.47318872963705155	0.47319075974905456	1.4319719697999492e-06
124.0	1299.243172539043	2.16e-05	0.47318323067436285	0.4731871413409974	0.4731896093842112	1.8043636721433008e-06
124.0	1299.243172539043	2.2e-05	0.47318066753913435	0.4731852784202805	0.47318854710274394	2.290956962407026e-06
124.0	1299.243172539043	2.2400000000000002e-05	0.4731777855974295	0.4731827365408713	0.4731867861901389	2.8088917449225815e-06
124.0	1299.243172539043	2.28e-05	0.47317462007752464	0.47317915592122	0.4731841274694242	3.3390000432152463e-06
124.0	1299.243172539043	2.32e-05	0.4731707819921107	0.4731710329773239	0.47317132090103353	1.2572060632908807e-07
124.0	1299.243172539043	2.36e-05	0.47315767538340214	0.4731628847573025	0.4731680303050032	3.4969250322159723e-06
124.0	1299.243172539043	2.4e-05	0.47315515597685653	0.4731594383268869	0.47316497415421743	2.9676759893331334e-06
124.0	1299.243172539043	2.44e-05	0.4731535575480246	0.47315706848626315	0.4731622636091952	2.4603398591960617e-06
124.0	1299.243172539043	2.48e-05	0.473152631418162	0.47315540436859654	0.4731599216045943	1.998537460967749e-06
124.0	1299.243172539043	2.5200000000000003e-05	0.47315166935694286	0.47315403255735955	0.47315792337628526	1.656056567101236e-06
124.0	1299.243172539043	2.56e-05	0.47315098898063557	0.4731530086040379	0.4731562120157866	1.3362476645318072e-06
124.0	1299.243172539043	2.6e-05	0.47315040097493366	0.47315211701192933	0.4731547307963915	1.0815996300311213e-06
124.0	1299.243172539043	2.64e-05	0.47314989789157735	0.4731513594901598	0.4731534304001963	8.493519788882914e-07
124.0	1299.243172539043	2.68e-05	0.4731493757096388	0.4731506475013726	0.47315226900421514	6.652742745990336e-07
124.0	1299.243172539043	2.72e-05	0.4731491369450964	0.47315000186470085	0.4731512118711878	4.884749690974542e-07
124.0	1299.243172539043	2.76e-05	0.47314871243840884	0.47314936440929833	0.4731502300011572	3.504719211903669e-07
124.0	1299.243172539043	2.8e-05	0.4731482480073659	0.4731487397111036	0.47314929857442944	2.3151949504353389e-07
124.0	1299.243172539043	2.8400000000000003e-05	0.4731477856194868	0.47314812916179816	0.4731483954497957	1.222915680480688e-07
124.0	1299.243172539043	2.88e-05	0.47314733223282346	0.47314753296531387	0.4731477691629724	7.414192897479848e-08
124.0	1299.243172539043	2.92e-05	0.4731464960414957	0.47314692859263685	0.47314731132036236	1.7145538173872674e-07
124.0	1299.243172539043	2.96e-05	0.4731456209518985	0.4731463206559514	0.4731468996692856	3.125706668503108e-07
124.0	1299.243172539043	2.9999999999999997e-05	0.473144629064981	0.4731456746099388	0.4731464482923613	4.6897217431945604e-07
124.0	1299.243172539043	3.04e-05	0.4731435439804095	0.47314498266840815	0.4731459668287039	6.582978748689361e-07
124.0	1299.243172539043	3.0799999999999996e-05	0.4731423482043926	0.4731441372352272	0.4731453168741524	8.508849544611869e-07
124.0	1299.243172539043	3.12e-05	0.47314101863823144	0.4731431593948408	0.4731447506539066	1.0992538658125403e-06
124.0	1299.243172539043	3.16e-05	0.47313954071910036	0.4731418500301365	0.47314382799116483	1.3598777086948634e-06
124.0	1299.243172539043	3.2e-05	0.47313787729780543	0.4731400326368724	0.47314246527804293	1.6245322373371918e-06
124.0	1299.243172539043	3.2399999999999995e-05	0.4731357449466751	0.4731359922000866	0.4731362772833778	1.267393955636905e-07
124.0	1299.243172539043	3.2800000000000004e-05	0.47312926223706775	0.4731319256519594	0.4731346463613013	1.7835122425084272e-06
124.0	1299.243172539043	3.32e-05	0.47312804172940837	0.4731302416011891	0.47313314990901656	1.5195597828134848e-06
124.0	1299.243172539043	3.36e-05	0.4731272858706115	0.47312910335888153	0.47313184102654215	1.269260687451182e-06
124.0	1299.243172539043	3.4e-05	0.4731268585207431	0.47312832337245525	0.4731307321505085	1.0452449060497683e-06
124.0	1299.243172539043	3.4399999999999996e-05	0.47312642573276964	0.47312769338388605	0.47312980339410515	8.820252689421874e-07
124.0	1299.243172539043	3.4800000000000006e-05	0.4731261323368088	0.47312724319818844	0.47312902678571067	7.329677104727712e-07
124.0	1299.243172539043	3.52e-05	0.47312588117093135	0.4731268655902164	0.4731283748396251	6.166556400432953e-07
124.0	1299.243172539043	3.56e-05	0.4731256796915675	0.4731265641104775	0.4731278233273022	5.118418031650694e-07
124.0	1299.243172539043	3.6e-05	0.47312548186427783	0.47312629155820285	0.473127352291951	4.323270434287436e-07
124.0	1299.243172539043	3.64e-05	0.47312540291980554	0.4731260601924918	0.4731269458344167	3.5876283234058027e-07
124.0	1299.243172539043	3.68e-05	0.473125252437943	0.47312583895005833	0.473126591489212	3.0702593094274293e-07
124.0	1299.243172539043	3.72e-05	0.4731250971662204	0.47312563077090425	0.4731262795496187	2.669799246498883e-07
124.0	1299.243172539043	3.76e-05	0.473124953013337	0.47312543609972313	0.4731260024699937	2.3342309041241017e-07
124.0	1299.243172539043	3.7999999999999995e-05	0.4731248299909243	0.47312525356193136	0.47312575437380655	2.048615134113461e-07
124.0	1299.243172539043	3.8400000000000005e-05	0.47312473129527444	0.4731250873243334	0.473125530659936	1.8046223440694946e-07
124.0	1299.243172539043	3.88e-05	0.47312462859678295	0.47312493354247187	0.47312532769053117	1.5803018037067923e-07
124.0	1299.243172539043	3.9200000000000004e-05	0.473124555124679	0.4731247982459535	0.47312514254300186	1.359010485853811e-07
124.0	1299.243172539043	3.96e-05	0.4731244640296284	0.4731246757240265	0.4731249728079572	1.145365886846991e-07
124.0	1299.243172539043	3.9999999999999996e-05	0.47312437645041694	0.47312456479433673	0.4731248164106763	9.732292093459971e-08
124.0	1299.243172539043	4.0400000000000006e-05	0.47312429871359285	0.4731244607533204	0.473124671434916	8.166416594347375e-08
124.0	1299.243172539043	4.08e-05	0.4731242320487299	0.4731243650499881	0.47312453600891047	6.916623533815248e-08
124.0	1299.243172539043	4.12e-05	0.4731241725602766	0.47312427761569986	0.47312440892451146	5.900210327845309e-08
124.0	1299.243172539043	4.16e-05	0.4731241012257579	0.4731241999622183	0.47312429952730906	5.291847174019025e-08
124.0	1299.243172539043	4.2e-05	0.4731240586904688	0.47312415700916205	0.47312424533065567	4.842720747486189e-08
125.0	1306.346706547212	0.0	0.4775883432189918	0.47759144713187035	0.4775930000010318	1.0246462965778737e-06
125.0	1306.346706547212	4e-07	0.4775863631447619	0.47758954967344525	0.47759119166317365	1.0619795660800155e-06
125.0	1306.346706547212	8e-07	0.47758418427134064	0.4775876722518328	0.47758969408242713	1.1832606884180132e-06
125.0	1306.346706547212	1.2000000000000002e-06	0.4775817932592057	0.4775858188143383	0.4775888550340106	1.4188523021998442e-06
125.0	1306.346706547212	1.6e-06	0.4775791572862138	0.4775838656719737	0.4775872652311337	1.7071007149893194e-06
125.0	1306.346706547212	2e-06	0.47757622621463014	0.47758186379633316	0.47758583174539204	2.1192022919645244e-06
125.0	1306.346706547212	2.4000000000000003e-06	0.4775729323645299	0.47757964413237647	0.4775842183604988	2.6094559315215738e-06
125.0	1306.346706547212	2.8000000000000003e-06	0.4775691914671665	0.47757719623685246	0.47758252258323175	3.240645086475284e-06
125.0	1306.346706547212	3.2e-06	0.4775648987233385	0.4775740838426473	0.47758019753641623	3.919045601097711e-06
125.0	1306.346706547212	3.6e-06	0.4775599660548808	0.47757041843383524	0.47757808733770535	4.840892297649183e-06
125.0	1306.346706547212	4e-06	0.47755435824945813	0.4775653724256831	0.47757455935422133	5.836947869691132e-06
125.0	1306.346706547212	4.4e-06	0.4775481411353626	0.4775582231372754	0.4775692022974436	6.862748195104462e-06
125.0	1306.346706547212	4.800000000000001e-06	0.4775411497385429	0.4775418675254864	0.47754253082136344	3.40806059213978e-07
125.0	1306.346706547212	5.2e-06	0.47751553796521584	0.4775255373764493	0.47753512446178625	6.914585051270498e-06
125.0	1306.346706547212	5.600000000000001e-06	0.47751036722831053	0.47751855800003573	0.4775289412657111	5.8515257293595336e-06
125.0	1306.346706547212	6e-06	0.47750704285534695	0.47751371824520705	0.4775234674585338	4.829710464102381e-06
125.0	1306.346706547212	6.4e-06	0.4775050925368518	0.4775102800206708	0.4775186992608713	3.8922476392304975e-06
125.0	1306.346706547212	6.8e-06	0.4775030492711556	0.47750741936143715	0.47751458490112597	3.1916420799603286e-06
125.0	1306.346706547212	7.2e-06	0.4775015702992844	0.47750524368179736	0.4775110267776448	2.5290773003993547e-06
125.0	1306.346706547212	7.6e-06	0.4775002481048709	0.477503319545783	0.4775079052266493	1.9977968547085e-06
125.0	1306.346706547212	8e-06	0.4774991835277076	0.4775016454433419	0.47750512131805056	1.5097207280292895e-06
125.0	1306.346706547212	8.4e-06	0.47749799267684345	0.47750004994404943	0.4775025898903422	1.1157236357103934e-06
125.0	1306.346706547212	8.8e-06	0.47749742187583166	0.4774985707715087	0.4775002387622145	7.306509014412207e-07
125.0	1306.346706547212	9.2e-06	0.4774963876279079	0.47749709565922027	0.4774980059435112	4.170340624121602e-07
125.0	1306.346706547212	9.600000000000001e-06	0.47749525075006627	0.477495632419417	0.4774958818266333	1.4051444036426418e-07
125.0	1306.346706547212	9.999999999999999e-06	0.4774936407586816	0.4774941843290665	0.4774944854151384	1.8511180206975355e-07
125.0	1306.346706547212	1.04e-05	0.47749144486955064	0.4774927547938867	0.4774939156451028	5.12452038535389e-07
125.0	1306.346706547212	1.08e-05	0.4774891564039896	0.47749126694235167	0.47749281845204816	8.471715017047446e-07
125.0	1306.346706547212	1.1200000000000001e-05	0.47748671590511105	0.47748974267042976	0.477491812734403	1.2483189361162134e-06
125.0	1306.346706547212	1.16e-05	0.477484056024446	0.47748806495626916	0.4774907055090569	1.6840109420806657e-06
125.0	1306.346706547212	1.2e-05	0.4774811009280686	0.4774862212955573	0.47748945755712846	2.2155623396167034e-06
125.0	1306.346706547212	1.24e-05	0.4774777687604015	0.477483887881712	0.47748777253147257	2.767709173969282e-06
125.0	1306.346706547212	1.28e-05	0.47747397374662626	0.4774811371987538	0.4774862104729136	3.492656907131703e-06
125.0	1306.346706547212	1.32e-05	0.4774696907600253	0.4774773587613136	0.47748360231951015	4.267936068626994e-06
125.0	1306.346706547212	1.36e-05	0.47746496629480895	0.477472008975116	0.47747963585181985	5.063124434974823e-06
125.0	1306.346706547212	1.4e-05	0.4774595605681249	0.477459789979544	0.47746002679635424	1.1350332150042004e-07
125.0	1306.346706547212	1.44e-05	0.4774398183334272	0.4774475490817637	0.47745507732754167	5.213069417954752e-06
125.0	1306.346706547212	1.48e-05	0.4774359908944179	0.47744233530794844	0.47745046199169305	4.4174725191147116e-06
125.0	1306.346706547212	1.52e-05	0.47743354376667657	0.4774387302124181	0.47744634998660374	3.65240553429386e-06
125.0	1306.346706547212	1.56e-05	0.4774321149967573	0.4774361791342598	0.47744277812895053	2.9521756328500827e-06
125.0	1306.346706547212	1.6e-05	0.47743062000982395	0.47743406303263064	0.4774397093268874	2.4299721030349216e-06
125.0	1306.346706547212	1.6400000000000002e-05	0.477429549213471	0.47743246324557026	0.4774370626779394	1.938766297673531e-06
125.0	1306.346706547212	1.68e-05	0.4774286229892928	0.4774310556471101	0.4774347512673014	1.5453301940307967e-06
125.0	1306.346706547212	1.7199999999999998e-05	0.4774278160918808	0.4774298400767673	0.47743270065103083	1.1851179834373797e-06
125.0	1306.346706547212	1.76e-05	0.477426966763673	0.4774286866020595	0.47743084708183936	8.95877420865935e-07
125.0	1306.346706547212	1.8e-05	0.47742656709294007	0.47742762455007426	0.47742913689907596	6.148782310771671e-07
125.0	1306.346706547212	1.84e-05	0.47742586684959587	0.47742656864299665	0.4774275244467132	3.8893543102630613e-07
125.0	1306.346706547212	1.88e-05	0.4774250921743599	0.4774255250735032	0.4774259696195884	1.898682514272977e-07
125.0	1306.346706547212	1.9200000000000003e-05	0.4774243029328895	0.4774244961733755	0.4774246903016106	7.559455405558216e-08
125.0	1306.346706547212	1.9600000000000002e-05	0.477422857478798	0.47742348374177584	0.4774241382198685	2.7274486461852697e-07
125.0	1306.346706547212	1.9999999999999998e-05	0.47742125694726223	0.47742243818109037	0.477423341404112	5.010415823087555e-07
125.0	1306.346706547212	2.04e-05	0.47741956346463965	0.4774213726737411	0.4774226328249336	7.7449811938786e-07
125.0	1306.346706547212	2.08e-05	0.47741773144267263	0.4774202114576878	0.4774218375921926	1.071112218354017e-06
125.0	1306.346706547212	2.12e-05	0.4774157100184775	0.47741894456635336	0.47742097472675127	1.432055675432679e-06
125.0	1306.346706547212	2.16e-05	0.4774134454949106	0.4774173562202875	0.47741982432447205	1.8044615323913045e-06
125.0	1306.346706547212	2.2e-05	0.47741088227144335	0.47741549324047466	0.4774187619938841	2.291078389834568e-06
125.0	1306.346706547212	2.2400000000000002e-05	0.47740800022757934	0.4774129512770515	0.4774170010151382	2.8090445311384437e-06
125.0	1306.346706547212	2.28e-05	0.47740483459290317	0.47740937053424676	0.4774143421957735	3.3392002891261764e-06
125.0	1306.346706547212	2.32e-05	0.4774009961875061	0.4774012472487349	0.47740153529584006	1.257549429620671e-07
125.0	1306.346706547212	2.36e-05	0.47738788909719343	0.4773930987565928	0.477398244577218	3.4969887787357945e-06
125.0	1306.346706547212	2.4e-05	0.4773853695917021	0.47738965218472423	0.47739518831082606	2.967748139272139e-06
125.0	1306.346706547212	2.44e-05	0.47738377110144015	0.4773872822435793	0.47739247766119686	2.4604060019608533e-06
125.0	1306.346706547212	2.48e-05	0.47738284494553085	0.4773856180530799	0.47739013556376264	1.9985929294246954e-06
125.0	1306.346706547212	2.5200000000000003e-05	0.47738188284266503	0.47738424618152214	0.47738813725204743	1.6561010684544187e-06
125.0	1306.346706547212	2.56e-05	0.4773812024602879	0.47738322217498236	0.47738642581922974	1.3362880526397274e-06
125.0	1306.346706547212	2.6e-05	0.4773806143994479	0.4773823305307977	0.47738494453508284	1.0816411858283524e-06
125.0	1306.346706547212	2.64e-05	0.47738011131096236	0.47738157296558476	0.4773836440802288	8.493914833392853e-07
125.0	1306.346706547212	2.68e-05	0.47737958912656264	0.47738086094016785	0.4773824826304045	6.653076148405496e-07
125.0	1306.346706547212	2.72e-05	0.47737935030916034	0.47738021526926755	0.47738142544721374	4.88506880252803e-07
125.0	1306.346706547212	2.76e-05	0.4773789257739489	0.4773795777807494	0.4773804435296487	3.505024429863703e-07
125.0	1306.346706547212	2.8e-05	0.47737846129352324	0.47737895305127614	0.47737951205697726	2.3154999917189854e-07
125.0	1306.346706547212	2.8400000000000003e-05	0.4773779988799509	0.47737834247261873	0.4773786088868963	1.2233161752936658e-07
125.0	1306.346706547212	2.88e-05	0.4773775452979896	0.4773777462482058	0.4773779827938185	7.42162056955333e-08
125.0	1306.346706547212	2.92e-05	0.4773767090560037	0.47737714184616814	0.4773775249195369	1.7150223344949314e-07
125.0	1306.346706547212	2.96e-05	0.4773758339104157	0.4773765338844189	0.4773771132373099	3.1262165702772554e-07
125.0	1306.346706547212	2.9999999999999997e-05	0.4773748422970101	0.47737588781321794	0.47737666186322425	4.690397882644018e-07
125.0	1306.346706547212	3.04e-05	0.477373757146772	0.47737519583851384	0.47737618036590757	6.583833474116887e-07
125.0	1306.346706547212	3.0799999999999996e-05	0.4773725612948798	0.47737435035379394	0.4773755303879774	8.509832109835765e-07
125.0	1306.346706547212	3.12e-05	0.4773712316406229	0.4773733724531146	0.4773749641331486	1.0993746873594338e-06
125.0	1306.346706547212	3.16e-05	0.47736975362027767	0.47737206300382834	0.47737404142222317	1.3600291009587693e-06
125.0	1306.346706547212	3.2e-05	0.4773680896843917	0.47737024548773355	0.4773726786331016	1.6247307153604746e-06
125.0	1306.346706547212	3.2399999999999995e-05	0.47736595734658316	0.47736620471371455	0.477366489951506	1.2679284629395454e-07
125.0	1306.346706547212	3.2800000000000004e-05	0.47735947416309177	0.4773621378965376	0.4773648589091932	1.783582071415961e-06
125.0	1306.346706547212	3.32e-05	0.47735825355754713	0.47736045370635816	0.4773633623439508	1.5196390723888638e-06
125.0	1306.346706547212	3.36e-05	0.47735749763913304	0.47735931536527	0.4773620533597063	1.2693353422801616e-06
125.0	1306.346706547212	3.4e-05	0.4773570702639027	0.47735853530780853	0.47736094439333066	1.0453104322152337e-06
125.0	1306.346706547212	3.4399999999999996e-05	0.4773566374360314	0.4773579052607183	0.47736001555890617	8.820814741388747e-07
125.0	1306.346706547212	3.4800000000000006e-05	0.47735634403618565	0.47735745502400684	0.4773592388821717	7.330215273556054e-07
125.0	1306.346706547212	3.52e-05	0.47735609281598634	0.47735707736659677	0.47735858687596533	6.167121745383498e-07
125.0	1306.346706547212	3.56e-05	0.4773558913324045	0.47735677584692043	0.47735803531049203	5.118979733563421e-07
125.0	1306.346706547212	3.6e-05	0.4773556935058947	0.47735650326197604	0.4773575642279386	4.3237898078157034e-07
125.0	1306.346706547212	3.64e-05	0.4773556145109792	0.47735627186682666	0.477357157728326	3.5881458271782466e-07
125.0	1306.346706547212	3.68e-05	0.47735546400243223	0.477356050596534	0.4773568033454989	3.070773751461302e-07
125.0	1306.346706547212	3.72e-05	0.47735530868261833	0.47735584239205275	0.47735649137218594	2.6703035897167083e-07
125.0	1306.346706547212	3.76e-05	0.47735516450844706	0.47735564769824423	0.4773562142622749	2.3347173904967774e-07
125.0	1306.346706547212	3.7999999999999995e-05	0.4773550414667893	0.47735546513988103	0.47735596613883136	2.0490866962667692e-07
125.0	1306.346706547212	3.8400000000000005e-05	0.47735494276848023	0.47735529888246275	0.47735574240038137	1.8051146746176114e-07
125.0	1306.346706547212	3.88e-05	0.47735484004175177	0.47735514508686316	0.47735553940876674	1.5807841346992084e-07
125.0	1306.346706547212	3.9200000000000004e-05	0.47735476652723907	0.47735500978122364	0.4773553542411504	1.3594829834490754e-07
125.0	1306.346706547212	3.96e-05	0.4773546753970912	0.47735488724702096	0.4773551844879682	1.145898580365836e-07
125.0	1306.346706547212	3.9999999999999996e-05	0.4773545878580361	0.4773547762988827	0.47735502807442654	9.738942268971402e-08
125.0	1306.346706547212	4.0400000000000006e-05	0.4773545100951422	0.47735467224230155	0.47735488308435947	8.174729632318817e-08
125.0	1306.346706547212	4.08e-05	0.4773544433683776	0.4773545765270014	0.47735474764640795	6.926746301324491e-08
125.0	1306.346706547212	4.12e-05	0.47735438375856276	0.4773544890888386	0.4773546205540855	5.9124721838614845e-08
125.0	1306.346706547212	4.16e-05	0.4773543125458115	0.47735441144449464	0.4773545111712316	5.3052796290718145e-08
125.0	1306.346706547212	4.2e-05	0.47735427001417374	0.4773543686088404	0.4773544570188273	4.8544030074209884e-08
126.0	1312.0295337537473	0.0	0.480987841115752	0.4809909450217647	0.48099249787619236	1.0246388211711542e-06
126.0	1312.0295337537473	4e-07	0.48098586104092433	0.4809890475630855	0.4809906896542646	1.0619733211623585e-06
126.0	1312.0295337537473	8e-07	0.4809836821652844	0.48098717014132714	0.4809891920765157	1.183258648345032e-06
126.0	1312.0295337537473	1.2000000000000002e-06	0.4809812911491793	0.4809853167036979	0.4809883530612815	1.4188582013461338e-06
126.0	1312.0295337537473	1.6e-06	0.4809786551701718	0.4809833635592165	0.48098676323808576	1.7071108244838341e-06
126.0	1312.0295337537473	2e-06	0.4809757240900838	0.4809813616844458	0.48098532973130315	2.119221661248448e-06
126.0	1312.0295337537473	2.4000000000000003e-06	0.4809724302283991	0.48097914202142295	0.48098371635687176	2.6094873676167837e-06
126.0	1312.0295337537473	2.8000000000000003e-06	0.4809686893156737	0.4809766941210973	0.48098202055407313	3.2406866252476972e-06
126.0	1312.0295337537473	3.2e-06	0.4809643965489476	0.48097358171196686	0.48097969549272435	3.919092367816145e-06
126.0	1312.0295337537473	3.6e-06	0.4809594638553678	0.48096991628566976	0.48097758527100787	4.840949650988873e-06
126.0	1312.0295337537473	4e-06	0.48095385601961116	0.4809648702514262	0.4809740572612835	5.837020664828891e-06
126.0	1312.0295337537473	4.4e-06	0.4809476388706537	0.48095772092386757	0.48096870016546855	6.862848263866627e-06
126.0	1312.0295337537473	4.800000000000001e-06	0.480940647478322	0.48094136517937053	0.48094202833996746	3.40738058705132e-07
126.0	1312.0295337537473	5.2e-06	0.4809150355931102	0.48092503495675487	0.4809346219291415	6.91456721829613e-06
126.0	1312.0295337537473	5.600000000000001e-06	0.4809098646746408	0.4809180555281907	0.48092843889229897	5.851522888675646e-06
126.0	1312.0295337537473	6e-06	0.48090654027741575	0.4809132157344778	0.48092296505067544	4.829711069773924e-06
126.0	1312.0295337537473	6.4e-06	0.48090458995244223	0.4809097774802763	0.4809181968210172	3.892247106104852e-06
126.0	1312.0295337537473	6.8e-06	0.4809025466676271	0.48090691679595104	0.4809140824281215	3.1916381970337535e-06
126.0	1312.0295337537473	7.2e-06	0.4809010676995591	0.48090474109054	0.48091052427694336	2.529074683183668e-06
126.0	1312.0295337537473	7.6e-06	0.480899745505611	0.48090281692712744	0.48090740269963117	1.997798554384724e-06
126.0	1312.0295337537473	8e-06	0.4808986808993376	0.48090114280118346	0.48090461876576995	1.5097233761291903e-06
126.0	1312.0295337537473	8.4e-06	0.48089749013334604	0.4808995472826608	0.48090208731354345	1.115722635318478e-06
126.0	1312.0295337537473	8.8e-06	0.48089691939425894	0.4808980680913599	0.4808997361613132	7.30648466359636e-07
126.0	1312.0295337537473	9.2e-06	0.48089588513213943	0.48089659296083764	0.48089750331853587	4.170265318405408e-07
126.0	1312.0295337537473	9.600000000000001e-06	0.48089474822525524	0.4808951297037124	0.4808953789790875	1.4048801650834038e-07
126.0	1312.0295337537473	9.999999999999999e-06	0.48089313808487066	0.4808936815969985	0.4808939826047318	1.851013773142081e-07
126.0	1312.0295337537473	1.04e-05	0.48089094216831985	0.4808922520461614	0.4808934129658251	5.124629433377609e-07
126.0	1312.0295337537473	1.08e-05	0.4808886536726771	0.48089076417736504	0.48089231574093994	8.471898485571007e-07
126.0	1312.0295337537473	1.1200000000000001e-05	0.480886213139895	0.48088923989110327	0.4808913099941545	1.2483501994206555e-06
126.0	1312.0295337537473	1.16e-05	0.4808835532200808	0.48088756216174333	0.48089020277469974	1.6840584635449483e-06
126.0	1312.0295337537473	1.2e-05	0.4808805980776363	0.48088571847930084	0.4808889547847963	2.215625627151092e-06
126.0	1312.0295337537473	1.24e-05	0.48087726585438606	0.4808833850291909	0.48088726973203677	2.767783770442557e-06
126.0	1312.0295337537473	1.28e-05	0.48087347077531906	0.4808806343028965	0.4808857076364177	3.4927500047624886e-06
126.0	1312.0295337537473	1.32e-05	0.48086918771215004	0.48087685580287076	0.4808830994337798	4.268053763384542e-06
126.0	1312.0295337537473	1.36e-05	0.48086446316002274	0.48087150592382194	0.4808791328914461	5.06327932554384e-06
126.0	1312.0295337537473	1.4e-05	0.48085905726996536	0.48085928666566913	0.480859523570067	1.1349206579760386e-07
126.0	1312.0295337537473	1.44e-05	0.48083931459397	0.4808470455590408	0.48085457400669895	5.2131141482137346e-06
126.0	1312.0295337537473	1.48e-05	0.4808354870773348	0.4808418316746563	0.48084995858084856	4.417524146955063e-06
126.0	1312.0295337537473	1.52e-05	0.4808330399004035	0.480838226499713	0.4808458464935015	3.6524525381925037e-06
126.0	1312.0295337537473	1.56e-05	0.48083161110961825	0.48083567536322236	0.48084227456204154	2.9522140992026135e-06
126.0	1312.0295337537473	1.6e-05	0.48083011608809834	0.4808335592127102	0.48083920569234806	2.4300017113681646e-06
126.0	1312.0295337537473	1.6400000000000002e-05	0.48082904528553616	0.4808319593819004	0.4808365589844117	1.938792271112094e-06
126.0	1312.0295337537473	1.68e-05	0.48082811901580325	0.4808305517403211	0.480834247520157	1.5453565292485572e-06
126.0	1312.0295337537473	1.7199999999999998e-05	0.4808273121129094	0.4808293361330046	0.4808321968545002	1.185142202088437e-06
126.0	1312.0295337537473	1.76e-05	0.4808264627801462	0.4808281826263412	0.48083034323913765	8.958961211597657e-07
126.0	1312.0295337537473	1.8e-05	0.4808260630664378	0.48082712054396337	0.4808286330124911	6.148950380260594e-07
126.0	1312.0295337537473	1.84e-05	0.4808253627986474	0.48082606460711463	0.48082702051764237	3.8895026301606075e-07
126.0	1312.0295337537473	1.88e-05	0.4808245880823039	0.4808250210089594	0.4808254656485227	1.8988410099136037e-07
126.0	1312.0295337537473	1.9200000000000003e-05	0.48082379867795666	0.4808239920813603	0.48082418626737766	7.563096578344684e-08
126.0	1312.0295337537473	1.9600000000000002e-05	0.48082235342096347	0.48082297962321074	0.48082363438361053	2.727718593803679e-07
126.0	1312.0295337537473	1.9999999999999998e-05	0.48082075284231696	0.48082193403411205	0.4808228375383443	5.010713996615403e-07
126.0	1312.0295337537473	2.04e-05	0.4808190593080841	0.4808208685011446	0.4808221287279162	7.745407401369955e-07
126.0	1312.0295337537473	2.08e-05	0.4808172272281235	0.480819707257793	0.4808213334494207	1.071172632836576e-06
126.0	1312.0295337537473	2.12e-05	0.4808152057373727	0.4808184403316978	0.48082047053590227	1.4321344799387476e-06
126.0	1312.0295337537473	2.16e-05	0.4808129411363682	0.4808168519332269	0.4808193200945876	1.8045544838036308e-06
126.0	1312.0295337537473	2.2e-05	0.4808103778221797	0.48081498889136376	0.480818257715832	2.291193931763156e-06
126.0	1312.0295337537473	2.2400000000000002e-05	0.48080749567352044	0.480812446840257	0.48081649666968573	2.809189199941929e-06
126.0	1312.0295337537473	2.28e-05	0.4808043299212361	0.48080886596971684	0.48081383774951014	3.339387000478739e-06
126.0	1312.0295337537473	2.32e-05	0.48080049120625645	0.480800742344031	0.4808010305004373	1.257869781779345e-07
126.0	1312.0295337537473	2.36e-05	0.48078738361829565	0.48079259356459225	0.4807977396560661	3.4970708902968054e-06
126.0	1312.0295337537473	2.4e-05	0.48078486401182907	0.48078914684982405	0.4807946832710739	2.967832303475476e-06
126.0	1312.0295337537473	2.44e-05	0.4807832654585189	0.4807867768075214	0.48079197251422023	2.4604809533050075e-06
126.0	1312.0295337537473	2.48e-05	0.480782339273901	0.4807851125439541	0.4807896303218371	1.9986552928014173e-06
126.0	1312.0295337537473	2.5200000000000003e-05	0.48078137712861935	0.4807837406117106	0.48078763192532037	1.6561516825426116e-06
126.0	1312.0295337537473	2.56e-05	0.4807806967355681	0.4807827165531242	0.48078592041896506	1.3363325435213505e-06
126.0	1312.0295337537473	2.6e-05	0.4807801086239767	0.4807818248590036	0.4807844390691658	1.0816841079829366e-06
126.0	1312.0295337537473	2.64e-05	0.48077960552639265	0.4807810672516067	0.4807831385549637	8.49430758618562e-07
126.0	1312.0295337537473	2.68e-05	0.4807790833350376	0.4807803551896468	0.48078197705072157	6.653404680299785e-07
126.0	1312.0295337537473	2.72e-05	0.4807788444737291	0.4807797094846222	0.48078091981683624	4.885371370273866e-07
126.0	1312.0295337537473	2.76e-05	0.48077841991133585	0.4807790719628344	0.4807799378512012	3.505305595179433e-07
126.0	1312.0295337537473	2.8e-05	0.480777955385677	0.4807784472015423	0.48077900633202475	2.31577493611891e-07
126.0	1312.0295337537473	2.8400000000000003e-05	0.48077749294601	0.4807778365926102	0.48077810311591396	1.2236717717107033e-07
126.0	1312.0295337537473	2.88e-05	0.48077703919949766	0.48077724033911295	0.4807774771734845	7.428153072408743e-08
126.0	1312.0295337537473	2.92e-05	0.4807762029072835	0.4807766359065988	0.48077701926891514	1.7154445675708197e-07
126.0	1312.0295337537473	2.96e-05	0.4807753277064961	0.48077602791754775	0.48077660755684537	3.1266784222921893e-07
126.0	1312.0295337537473	2.9999999999999997e-05	0.4807743363193868	0.48077538181811685	0.4807761561789228	4.691003323775333e-07
126.0	1312.0295337537473	3.04e-05	0.4807732511036944	0.48077468980830534	0.48077567464919024	6.584601288928199e-07
126.0	1312.0295337537473	3.0799999999999996e-05	0.4807720551766046	0.48077384427183484	0.48077502464464317	8.510723688602838e-07
126.0	1312.0295337537473	3.12e-05	0.4807707254354723	0.480772866310638	0.4807744583550537	1.0994847273269572e-06
126.0	1312.0295337537473	3.16e-05	0.4807692473155303	0.4807715567771607	0.48077353559422153	1.3601666750492734e-06
126.0	1312.0295337537473	3.2e-05	0.480767582925151	0.48076973913971127	0.4807721727272716	1.6249090598323198e-06
126.0	1312.0295337537473	3.2399999999999995e-05	0.4807654505685086	0.48076569804433544	0.48076598341841503	1.2684146994105162e-07
126.0	1312.0295337537473	3.2800000000000004e-05	0.4807589669176169	0.4807616309567269	0.4807643522584204	1.7836638764143404e-06
126.0	1312.0295337537473	3.32e-05	0.48075774621703626	0.48075994663205435	0.48076285558278453	1.5197248054798854e-06
126.0	1312.0295337537473	3.36e-05	0.48075699024072716	0.4807588081963033	0.48076154649935354	1.269413961809961e-06
126.0	1312.0295337537473	3.4e-05	0.48075656284002655	0.4807580280712613	0.48076043744534314	1.045378655757356e-06
126.0	1312.0295337537473	3.4399999999999996e-05	0.480756129973658	0.48075739796856365	0.48075950853554694	8.821400408216576e-07
126.0	1312.0295337537473	3.4800000000000006e-05	0.48075583656739695	0.48075694768475136	0.4807587317931663	7.330761503771488e-07
126.0	1312.0295337537473	3.52e-05	0.4807555852986125	0.48075656998266253	0.4807580797295339	6.167671038629109e-07
126.0	1312.0295337537473	3.56e-05	0.4807553838089058	0.48075626842667285	0.48075752811354366	5.119512693209003e-07
126.0	1312.0295337537473	3.6e-05	0.480755185980545	0.48075599581146095	0.48075705698631044	4.3242799240832116e-07
126.0	1312.0295337537473	3.64e-05	0.4807551069450495	0.4807557643891797	0.48075665044699	3.588625848838508e-07
126.0	1312.0295337537473	3.68e-05	0.4807549564129978	0.48075554309309554	0.48075629602872905	3.0712458322077074e-07
126.0	1312.0295337537473	3.72e-05	0.48075480105148927	0.48075533486493544	0.48075598402368946	2.6707643372060196e-07
126.0	1312.0295337537473	3.76e-05	0.4807546568573473	0.4807551401497089	0.4807557068852848	2.3351622505749396e-07
126.0	1312.0295337537473	3.7999999999999995e-05	0.4807545337973975	0.48075495757170345	0.48075545873618	2.0495187766556267e-07
126.0	1312.0295337537473	3.8400000000000005e-05	0.48075443509399385	0.48075479129545295	0.48075523497456185	1.805562894114346e-07
126.0	1312.0295337537473	3.88e-05	0.4807543323431682	0.4807546374859306	0.4807550319619791	1.5812252203886728e-07
126.0	1312.0295337537473	3.9200000000000004e-05	0.48075425879354317	0.4807545021700808	0.4807548467753602	1.3599208451191405e-07
126.0	1312.0295337537473	3.96e-05	0.4807541676342515	0.4807543796235827	0.480754677004974	1.1463888288064353e-07
126.0	1312.0295337537473	3.9999999999999996e-05	0.48075408012262333	0.48075426865849985	0.48075452057594337	9.744954608255593e-08
126.0	1312.0295337537473	4.0400000000000006e-05	0.4807540023368624	0.4807541645873718	0.48075437557213796	8.182135762285764e-08
126.0	1312.0295337537473	4.08e-05	0.4807539355610144	0.4807540688606358	0.4807542401224856	6.935669456317891e-08
126.0	1312.0295337537473	4.12e-05	0.48075387585458174	0.4807539814176803	0.48075411302173165	5.923165385680184e-08
126.0	1312.0295337537473	4.16e-05	0.4807538047339408	0.4807539037792191	0.4807540036478217	5.3169285056971184e-08
126.0	1312.0295337537473	4.2e-05	0.48075376220324095	0.4807538610365264	0.4807539495280784	4.864631927613605e-08
127.0	1316.5757955189754	0.0	0.4837170076174875	0.4837201115119956	0.4837216643479447	1.0246299530922582e-06
127.0	1316.5757955189754	4e-07	0.4837150275421829	0.4837182140530959	0.4837198562166689	1.0619655145311644e-06
127.0	1316.5757955189754	8e-07	0.4837128486647648	0.48371633663116104	0.48371835864101254	1.183254414276188e-06
127.0	1316.5757955189754	1.2000000000000002e-06	0.48371045764548004	0.48371448319333726	0.4837175196515222	1.4188606139676325e-06
127.0	1316.5757955189754	1.6e-06	0.48370782166164883	0.4837125300470734	0.48371592981159495	1.707116894644123e-06
127.0	1316.5757955189754	2e-06	0.48370489057473076	0.48371052817282034	0.48371449628774954	2.1192353763651686e-06
127.0	1316.5757955189754	2.4000000000000003e-06	0.48370159670372903	0.48370830851022706	0.48371288292216175	2.609510746717836e-06
127.0	1316.5757955189754	2.8000000000000003e-06	0.48369785577862867	0.48370586060584353	0.48371118709830174	3.2407182569397224e-06
127.0	1316.5757955189754	3.2e-06	0.4836935629936221	0.48370274818457976	0.4837088620252832	3.919128331337698e-06
127.0	1316.5757955189754	3.6e-06	0.4836886302797252	0.4836990827440375	0.48370675178460143	4.840994196086515e-06
127.0	1316.5757955189754	4e-06	0.483683022419374	0.4836940366886114	0.4837032237534551	5.837077657136907e-06
127.0	1316.5757955189754	4.4e-06	0.48367680524206946	0.4836868873292884	0.48369786662603254	6.862927089943945e-06
127.0	1316.5757955189754	4.800000000000001e-06	0.48366981385356755	0.4836705314779009	0.48367119452167273	3.4067831169601086e-07
127.0	1316.5757955189754	5.2e-06	0.48364420186396817	0.4836542011937085	0.48366378806917876	6.914555152057359e-06
127.0	1316.5757955189754	5.600000000000001e-06	0.4836390307921121	0.48364722172251146	0.4836576051746384	5.851522541262514e-06
127.0	1316.5757955189754	6e-06	0.483635706375396	0.4836423818971334	0.48365213130478235	4.829713257344553e-06
127.0	1316.5757955189754	6.4e-06	0.48363375604551795	0.4836389436189081	0.4836473630489211	3.892248170348846e-06
127.0	1316.5757955189754	6.8e-06	0.4836317127452432	0.4836360829142943	0.4836432486291109	3.1916364543442227e-06
127.0	1316.5757955189754	7.2e-06	0.4836302337806906	0.48363390718823157	0.4836396904553464	2.529073806045897e-06
127.0	1316.5757955189754	7.6e-06	0.4836289115910688	0.48363198300302784	0.4836365688566353	1.997800842700644e-06
127.0	1316.5757955189754	8e-06	0.48362784696194705	0.483630308858349	0.4836337849022998	1.5097263118562541e-06
127.0	1316.5757955189754	8.4e-06	0.4836266562648266	0.48362871332445573	0.4836312534302669	1.1157226061851957e-06
127.0	1316.5757955189754	8.8e-06	0.4836260855837189	0.48362723411819697	0.48362890225862554	7.30647165680923e-07
127.0	1316.5757955189754	9.2e-06	0.48362505131029465	0.48362575897312626	0.48362666939652676	4.170209807822512e-07
127.0	1316.5757955189754	9.600000000000001e-06	0.48362391438093155	0.4836242957021578	0.483624544865374	1.4046661434762511e-07
127.0	1316.5757955189754	9.999999999999999e-06	0.4836223041237284	0.48362284758234353	0.48362314852358956	1.8509151049190247e-07
127.0	1316.5757955189754	1.04e-05	0.48362010818535683	0.48362141801895786	0.48362257898351313	5.12470482264288e-07
127.0	1316.5757955189754	1.08e-05	0.4836178196658256	0.48361993013636545	0.48362148173281216	8.472034214518907e-07
127.0	1316.5757955189754	1.1200000000000001e-05	0.4836153791061655	0.48361840583858784	0.4836204759626064	1.2483740620211522e-06
127.0	1316.5757955189754	1.16e-05	0.483612719155345	0.4836167280969589	0.48361936874841227	1.6840950853386956e-06
127.0	1316.5757955189754	1.2e-05	0.48360976397643807	0.48361488439717537	0.4836181207277024	2.2156747590688814e-06
127.0	1316.5757955189754	1.24e-05	0.48360643170931894	0.48361255091826305	0.48361643565345336	2.767841849353432e-06
127.0	1316.5757955189754	1.28e-05	0.48360263657856795	0.4836098001575711	0.48361487352794086	3.4928227007094583e-06
127.0	1316.5757955189754	1.32e-05	0.4835983534547621	0.4836060216079837	0.4836122652860064	4.268145930028814e-06
127.0	1316.5757955189754	1.36e-05	0.4835936288337539	0.48360067165547294	0.48360829868445343	5.063400966172989e-06
127.0	1316.5757955189754	1.4e-05	0.48358822280611413	0.48358845218973906	0.483588689171107	1.1348436428917821e-07
127.0	1316.5757955189754	1.44e-05	0.48356847976889306	0.4835762109166027	0.48358373953267186	5.213150929478663e-06
127.0	1316.5757955189754	1.48e-05	0.4835646521906991	0.4835709969442783	0.48357912403531067	4.417566355949245e-06
127.0	1316.5757955189754	1.52e-05	0.483562204975005	0.48356739170624025	0.4835750118825679	3.652491026423217e-06
127.0	1316.5757955189754	1.56e-05	0.48356077616816684	0.4835648405234952	0.48357143989240914	2.952245747785222e-06
127.0	1316.5757955189754	1.6e-05	0.4835592811192573	0.4835627243342463	0.4835683709690297	2.430026298560183e-06
127.0	1316.5757955189754	1.6400000000000002e-05	0.4835582103124558	0.4835611244688455	0.48356572421419486	1.9388139605907727e-06
127.0	1316.5757955189754	1.68e-05	0.48355728400610243	0.48355971679328297	0.48356341270733516	1.5453783652285717e-06
127.0	1316.5757955189754	1.7199999999999998e-05	0.48355647709919225	0.48355850115679033	0.48356136200246436	1.1851623841105173e-06
127.0	1316.5757955189754	1.76e-05	0.483555627763403	0.4835573476248955	0.48355950835047956	8.959119938335199e-07
127.0	1316.5757955189754	1.8e-05	0.483555228016173	0.4835562855185478	0.48355779808906263	6.149095071390786e-07
127.0	1316.5757955189754	1.84e-05	0.483554527729285	0.48355522955821256	0.4835561855605963	3.889633570012184e-07
127.0	1316.5757955189754	1.88e-05	0.48355375298005665	0.48355418593743155	0.4835546306582881	1.8989855095509535e-07
127.0	1316.5757955189754	1.9200000000000003e-05	0.48355296344806664	0.483553156988131	0.48355335122414633	7.566240174904608e-08
127.0	1316.5757955189754	1.9600000000000002e-05	0.48355151836214993	0.48355214450899925	0.4835527994980149	2.7279326229549604e-07
127.0	1316.5757955189754	1.9999999999999998e-05	0.48354991774639267	0.48355109889746833	0.4835520026298106	5.010946468743508e-07
127.0	1316.5757955189754	2.04e-05	0.4835482241715283	0.4835500333442515	0.48355129362555704	7.745739384015399e-07
127.0	1316.5757955189754	2.08e-05	0.4835463920459233	0.4835488720792618	0.48355049830700114	1.071219667477622e-06
127.0	1316.5757955189754	2.12e-05	0.4835443705027931	0.48354760512572376	0.4835496353548798	1.4321959825281492e-06
127.0	1316.5757955189754	2.16e-05	0.48354210584082935	0.4835460166859242	0.4835484848828031	1.8046270871208006e-06
127.0	1316.5757955189754	2.2e-05	0.483539542455361	0.4835441535951333	0.4835474224655769	2.291284288698999e-06
127.0	1316.5757955189754	2.2400000000000002e-05	0.48353666022412245	0.4835416114749617	0.48354566136602717	2.8093025149173383e-06
127.0	1316.5757955189754	2.28e-05	0.483533494379099	0.4835380305038379	0.48354300236628944	3.3395335275919313e-06
127.0	1316.5757955189754	2.32e-05	0.4835296554015027	0.4835299066102384	0.4835301948605002	1.2581545595610776e-07
127.0	1316.5757955189754	2.36e-05	0.4835165474201286	0.48352175760339045	0.4835269039168226	3.4971367647170027e-06
127.0	1316.5757955189754	2.4e-05	0.4835140277340164	0.4835183107755957	0.4835238474380992	2.9678998414882736e-06
127.0	1316.5757955189754	2.44e-05	0.48351242913120274	0.48351594065332576	0.483521136596452	2.4605412136693435e-06
127.0	1316.5757955189754	2.48e-05	0.4835115029244026	0.48351427633206645	0.4835187943289485	1.998705584933824e-06
127.0	1316.5757955189754	2.5200000000000003e-05	0.483510540745705	0.48351290435192606	0.48351679586546936	1.6561926806168564e-06
127.0	1316.5757955189754	2.56e-05	0.4835098603449053	0.4835118802523079	0.4835150843009153	1.3363687269525598e-06
127.0	1316.5757955189754	2.6e-05	0.48350927219275963	0.483510988518904	0.4835136028991647	1.081718968394785e-06
127.0	1316.5757955189754	2.64e-05	0.48350876908831886	0.4835102308782864	0.48351230233801346	8.494628017445221e-07
127.0	1316.5757955189754	2.68e-05	0.4835082468920531	0.4835095187875376	0.48351114079074176	6.653675261324492e-07
127.0	1316.5757955189754	2.72e-05	0.48350800799649374	0.4835088730556497	0.4835100835167978	4.88562275457408e-07
127.0	1316.5757955189754	2.76e-05	0.48350758341287214	0.48350823550766414	0.4835091015132047	3.5055419553447895e-07
127.0	1316.5757955189754	2.8e-05	0.48350711885115416	0.4835076107213028	0.4835081699573349	2.3160098950204662e-07
127.0	1316.5757955189754	2.8400000000000003e-05	0.48350665639089474	0.48350700008850367	0.48350726670493405	1.2239796585212149e-07
127.0	1316.5757955189754	2.88e-05	0.483506202515084	0.48350640381206733	0.4835066408800799	7.433641958063573e-08
127.0	1316.5757955189754	2.92e-05	0.483505366183163	0.483505799355528	0.48350618295200043	1.7157878571658105e-07
127.0	1316.5757955189754	2.96e-05	0.48350449093871717	0.4835051913449305	0.48350577121651916	3.1270458399039723e-07
127.0	1316.5757955189754	2.9999999999999997e-05	0.48350349974538975	0.48350454522315045	0.4835053198353432	4.6914801898411935e-07
127.0	1316.5757955189754	3.04e-05	0.4835024144781279	0.483503853185623	0.48350483828041657	6.585204943374383e-07
127.0	1316.5757955189754	3.0799999999999996e-05	0.48350121849176286	0.48350300760831094	0.4835041882550195	8.511424001142852e-07
127.0	1316.5757955189754	3.12e-05	0.4834998886821076	0.4835020295993439	0.48350362193816654	1.0995711485183227e-06
127.0	1316.5757955189754	3.16e-05	0.4834984104838487	0.48350071999944605	0.483502699138163	1.360274793984222e-06
127.0	1316.5757955189754	3.2e-05	0.48349674571828594	0.4834989022662558	0.4835013362099376	1.6250493850979973e-06
127.0	1316.5757955189754	3.2399999999999995e-05	0.48349461334590504	0.4834948609173221	0.483495146405982	1.26883072462137e-07
127.0	1316.5757955189754	3.2800000000000004e-05	0.483488129325095	0.48349079361526753	0.48349351515287253	1.7837296899608657e-06
127.0	1316.5757955189754	3.32e-05	0.48348690854950327	0.48348910918407045	0.48349201838982836	1.5197937392056228e-06
127.0	1316.5757955189754	3.36e-05	0.48348615252769633	0.48348797067338645	0.4834907092278158	1.2694772649195362e-06
127.0	1316.5757955189754	3.4e-05	0.4834857251072462	0.4834871904949137	0.48348960010464825	1.0454337256217809e-06
127.0	1316.5757955189754	3.4399999999999996e-05	0.4834852922105828	0.48348656034827187	0.48348867113510874	8.821874720496953e-07
127.0	1316.5757955189754	3.4800000000000006e-05	0.48348499879980356	0.4834861100272931	0.48348789434069506	7.33120486009913e-07
127.0	1316.5757955189754	3.52e-05	0.48348474749232206	0.4834857322900267	0.4834872422315559	6.168116197569926e-07
127.0	1316.5757955189754	3.56e-05	0.48348454599803414	0.4834854307054281	0.4834866905755515	5.119945581382004e-07
127.0	1316.5757955189754	3.6e-05	0.4834843481687008	0.48348515806636727	0.4834862194129492	4.3246797288127993e-07
127.0	1316.5757955189754	3.64e-05	0.48348426910155773	0.483484926622736	0.4834858128422237	3.5890185619204945e-07
127.0	1316.5757955189754	3.68e-05	0.48348411855116424	0.48348470530635446	0.4834854583959691	3.07163310650256e-07
127.0	1316.5757955189754	3.72e-05	0.483483963156468	0.4834844970595556	0.48348514636589357	2.67114358876897e-07
127.0	1316.5757955189754	3.76e-05	0.4834838189466186	0.48348430232746453	0.48348486920504286	2.3355301138017238e-07
127.0	1316.5757955189754	3.7999999999999995e-05	0.4834836958722333	0.4834841197339882	0.48348462103575773	2.0498779438940257e-07
127.0	1316.5757955189754	3.8400000000000005e-05	0.483483597164704	0.48348395344292394	0.4834843972559524	1.8059362039674892e-07
127.0	1316.5757955189754	3.88e-05	0.48348349439506766	0.4834837996224424	0.48348419422694366	1.5815947622882244e-07
127.0	1316.5757955189754	3.9200000000000004e-05	0.48348342081783713	0.48348366429851003	0.48348400902546906	1.3602913907144163e-07
127.0	1316.5757955189754	3.96e-05	0.48348332963566243	0.48348354174233094	0.4834838392416607	1.1468049303135378e-07
127.0	1316.5757955189754	3.9999999999999996e-05	0.48348324214495886	0.4834834307639092	0.4834836828005722	9.750039904585774e-08
127.0	1316.5757955189754	4.0400000000000006e-05	0.48348316434104	0.48348332668132626	0.48348353778609887	8.18837907613605e-08
127.0	1316.5757955189754	4.08e-05	0.48348309752654384	0.48348323094561857	0.48348340232738796	6.943171223948557e-08
127.0	1316.5757955189754	4.12e-05	0.4834830377439392	0.48348314349895327	0.4834832752201512	5.932121969139139e-08
127.0	1316.5757955189754	4.16e-05	0.4834829666953455	0.4834830658652671	0.4834831658532943	5.326666703246015e-08
127.0	1316.5757955189754	4.2e-05	0.48348292416530914	0.4834830231975167	0.48348311175925396	4.873221035039091e-08
128.0	1320.212804931158	0.0	0.48590644160708774	0.4859095454888247	0.4859110983059258	1.0246211165892595e-06
128.0	1320.212804931158	4e-07	0.48590446153139766	0.48590764802973696	0.485909290245897	1.0619575767656763e-06
128.0	1320.212804931158	8e-07	0.4859022826525452	0.48590577060762113	0.485907792671731	1.1832494693982297e-06
128.0	1320.212804931158	1.2000000000000002e-06	0.4858998916306918	0.48590391716958287	0.4859069537023428	1.4188611781658286e-06
128.0	1320.212804931158	1.6e-06	0.48589725564296327	0.4859019640218262	0.48590536384874294	1.7071205737300216e-06
128.0	1320.212804931158	2e-06	0.48589432455052073	0.48589996214786096	0.485903930311121	2.1192453304260613e-06
128.0	1320.212804931158	2.4000000000000003e-06	0.48589103067197925	0.4858977424853892	0.48590231695284647	2.60952845442608e-06
128.0	1320.212804931158	2.8000000000000003e-06	0.48588728973685136	0.48589529457758696	0.48590062111174515	3.240742688389728e-06
128.0	1320.212804931158	3.2e-06	0.4858829969372218	0.48589218214643515	0.48589829602929946	3.919156340221309e-06
128.0	1320.212804931158	3.6e-06	0.485878064206811	0.4858885166942558	0.4858961857730817	4.841029166838313e-06
128.0	1320.212804931158	4e-06	0.48587245632643317	0.48588347062156156	0.4858926577244471	5.837122670544627e-06
128.0	1320.212804931158	4.4e-06	0.48586623912599247	0.48587632123635094	0.48588730057135	6.862989603127901e-06
128.0	1320.212804931158	4.800000000000001e-06	0.48585924774053524	0.4858599652985166	0.48586062824352005	3.4062721524592306e-07
128.0	1320.212804931158	5.2e-06	0.4858336356574622	0.48584363496292576	0.48585322175706835	6.9145470449880025e-06
128.0	1320.212804931158	5.600000000000001e-06	0.4858284644577493	0.4858366554568526	0.4858470389853764	5.851523601176866e-06
128.0	1320.212804931158	6e-06	0.48582514002528043	0.4858318156056445	0.48584156509234155	4.829716175010313e-06
128.0	1320.212804931158	6.4e-06	0.4858231896915539	0.48582837730789863	0.48583679681498193	3.892250030139198e-06
128.0	1320.212804931158	6.8e-06	0.4858211463787514	0.4858255165868127	0.4858326823732533	3.191635967781694e-06
128.0	1320.212804931158	7.2e-06	0.4858196674172115	0.48582334084411505	0.485829124181012	2.529073897699463e-06
128.0	1320.212804931158	7.6e-06	0.48581834523335754	0.4858214166414661	0.48582600256483754	1.997803272343428e-06
128.0	1320.212804931158	8e-06	0.485817280586172	0.48581974248175425	0.4858232185938318	1.509729172765639e-06
128.0	1320.212804931158	8.4e-06	0.4858160899447377	0.48581814693548514	0.4858206871057096	1.115723051856265e-06
128.0	1320.212804931158	8.8e-06	0.4858155193151923	0.48581666771720383	0.4858183359183377	7.306465012086553e-07
128.0	1320.212804931158	9.2e-06	0.485814485032682	0.48581519256042816	0.4858161030406132	4.170167938531964e-07
128.0	1320.212804931158	9.600000000000001e-06	0.4858133480857356	0.4858137292783022	0.4858139783475961	1.404492840285688e-07
128.0	1320.212804931158	9.999999999999999e-06	0.485811737736185	0.485812281147908	0.48581258203369426	1.8508274960942163e-07
128.0	1320.212804931158	1.04e-05	0.485809541780271	0.4858108515743746	0.48581201256894957	5.124758858421353e-07
128.0	1320.212804931158	1.08e-05	0.4858072532415676	0.48580936368064764	0.48581091529731424	8.472137298089241e-07
128.0	1320.212804931158	1.1200000000000001e-05	0.48580481266035935	0.48580783937351735	0.485809909508248	1.2483926095166505e-06
128.0	1320.212804931158	1.16e-05	0.48580215268470806	0.4858061616218726	0.4858088022984761	1.6841237270652972e-06
128.0	1320.212804931158	1.2e-05	0.4857991974766138	0.4858043179080882	0.4858075542527738	2.2157133922050697e-06
128.0	1320.212804931158	1.24e-05	0.48579586517447026	0.48580198440605465	0.4858058691612861	2.767887629913675e-06
128.0	1320.212804931158	1.28e-05	0.4857920700023586	0.48579923361775895	0.48580430701158583	3.49288013102221e-06
128.0	1320.212804931158	1.32e-05	0.48578778683000934	0.4857954550284707	0.4858016987380225	4.268218882158743e-06
128.0	1320.212804931158	1.36e-05	0.4857830621538337	0.48579010501716563	0.4857977320890017	5.0634973942895645e-06
128.0	1320.212804931158	1.4e-05	0.48577765601138	0.48577788538566613	0.48577812243287166	1.1347901642115117e-07
128.0	1320.212804931158	1.44e-05	0.4857579126781717	0.4857656439784546	0.4857731727342385	5.21318148424383e-06
128.0	1320.212804931158	1.48e-05	0.48575408505067763	0.48576042993556645	0.48576855717950007	4.417601110127429e-06
128.0	1320.212804931158	1.52e-05	0.48575163780407493	0.485756824646944	0.4857644449742624	3.652522710538919e-06
128.0	1320.212804931158	1.56e-05	0.4857502089846104	0.48575427342717026	0.4857608729369778	2.9522718824056885e-06
128.0	1320.212804931158	1.6e-05	0.4857487139137975	0.48575215720692116	0.48575780397053947	2.4300467452348764e-06
128.0	1320.212804931158	1.6400000000000002e-05	0.4857476431039043	0.48575055731390904	0.4857551571780645	1.9388320419484995e-06
128.0	1320.212804931158	1.68e-05	0.48574671676804737	0.48574914961130017	0.48575284563702503	1.5453964332104694e-06
128.0	1320.212804931158	1.7199999999999998e-05	0.48574590985802324	0.48574793395155497	0.48575079490071627	1.18517911325077e-06
128.0	1320.212804931158	1.76e-05	0.4857450605200633	0.48574678039952285	0.48574894121938694	8.959253083309017e-07
128.0	1320.212804931158	1.8e-05	0.4857446607464917	0.48574571827406005	0.48574723093013716	6.149217340097716e-07
128.0	1320.212804931158	1.84e-05	0.4857439604444975	0.48574466229498586	0.48574561837478036	3.8897458213310707e-07
128.0	1320.212804931158	1.88e-05	0.48574318566885033	0.48574361865613674	0.4857440634459511	1.899111714031565e-07
128.0	1320.212804931158	1.9200000000000003e-05	0.48574239603607783	0.48574258968948913	0.48574278396787296	7.56890089050564e-08
128.0	1320.212804931158	1.9600000000000002e-05	0.485740951095023	0.4857415771935742	0.4857422323673726	2.728103698421294e-07
128.0	1320.212804931158	1.9999999999999998e-05	0.48573935044967165	0.485740531564114	0.48574143548110627	5.011130142071696e-07
128.0	1320.212804931158	2.04e-05	0.48573765684242254	0.48573946599467277	0.48574072631619014	7.746001330813333e-07
128.0	1320.212804931158	2.08e-05	0.4857358246804493	0.4857383047122956	0.4857399309633381	1.071256735579654e-06
128.0	1320.212804931158	2.12e-05	0.4857338030955889	0.4857370377368041	0.4857390679801048	1.432244537348716e-06
128.0	1320.212804931158	2.16e-05	0.4857315383850578	0.4857354492640184	0.48573791748348505	1.8046844571755579e-06
128.0	1320.212804931158	2.2e-05	0.48572897494284994	0.48573358613417744	0.4857368550353316	2.291355755473497e-06
128.0	1320.212804931158	2.2400000000000002e-05	0.48572609264577693	0.48573104395893585	0.48573509389304625	2.809392232647683e-06
128.0	1320.212804931158	2.28e-05	0.4857229267267824	0.4857274629076394	0.4857324348298109	3.3396496502289416e-06
128.0	1320.212804931158	2.32e-05	0.48571908752914883	0.48571933880071844	0.48571962713007544	1.25840020630706e-07
128.0	1320.212804931158	2.36e-05	0.4857059792333338	0.485711189611825	0.48571633610709863	3.4971902761805853e-06
128.0	1320.212804931158	2.4e-05	0.4857034594836911	0.48570774269371403	0.48571327955348664	2.967954586183095e-06
128.0	1320.212804931158	2.44e-05	0.485701860841516	0.48570537250757606	0.4857105686440635	2.460590090264188e-06
128.0	1320.212804931158	2.48e-05	0.48570093461724717	0.48570370814028335	0.4857082263164969	1.998746456045516e-06
128.0	1320.212804931158	2.5200000000000003e-05	0.4856999724119184	0.48570233612193214	0.4857062277995139	1.6562261123309866e-06
128.0	1320.212804931158	2.56e-05	0.4856992920052461	0.4857013119896343	0.4857045161884228	1.3363982917822943e-06
128.0	1320.212804931158	2.6e-05	0.48569870382053804	0.4857004202250115	0.48570303474513477	1.0817473770376197e-06
128.0	1320.212804931158	2.64e-05	0.48569820071073977	0.485699662557961	0.48570173414645623	8.494889693017037e-07
128.0	1320.212804931158	2.68e-05	0.48569767851081025	0.48569895044427985	0.48570057256480315	6.653897621575396e-07
128.0	1320.212804931158	2.72e-05	0.48569743958834	0.4856983046910058	0.48569951525886346	4.885830343894696e-07
128.0	1320.212804931158	2.76e-05	0.4856970149879407	0.4856976671221541	0.48569853322496925	3.5057385226477804e-07
128.0	1320.212804931158	2.8e-05	0.4856965503973205	0.48569704231580985	0.4856976016398207	2.3162073048544174e-07
128.0	1320.212804931158	2.8400000000000003e-05	0.48569608792062624	0.48569643166396875	0.4856966983584803	1.2242404469792724e-07
128.0	1320.212804931158	2.88e-05	0.48569563394258886	0.4856958353692192	0.4856960726258688	7.438200255192614e-08
128.0	1320.212804931158	2.92e-05	0.4856947975789625	0.48569523089350797	0.48569561467929034	1.7160668220349053e-07
128.0	1320.212804931158	2.96e-05	0.48569392229964503	0.4856946228656775	0.4856952029252364	3.1273398019223376e-07
128.0	1320.212804931158	2.9999999999999997e-05	0.4856929312689564	0.4856939767259665	0.48569475154120756	4.6918587279651203e-07
128.0	1320.212804931158	3.04e-05	0.48569184596060566	0.4856932846662835	0.48569426996643283	6.58568350907099e-07
128.0	1320.212804931158	3.0799999999999996e-05	0.4856906499270037	0.4856924390563832	0.4856936199244348	8.511979004469746e-07
128.0	1320.212804931158	3.12e-05	0.48568932006272547	0.4856914610092924	0.4856930535859192	1.099639638142169e-06
128.0	1320.212804931158	3.16e-05	0.48568784180210933	0.4856901513564225	0.48569213075475925	1.360360516289283e-06
128.0	1320.212804931158	3.2e-05	0.48568617672873415	0.4856883335468918	0.4856907677777018	1.625160696014602e-06
128.0	1320.212804931158	3.2399999999999995e-05	0.48568404434264245	0.4856842919959993	0.48568457757987016	1.2691807577329887e-07
128.0	1320.212804931158	3.2800000000000004e-05	0.48567756002618	0.4856802245222068	0.48568294625237574	1.7837831823316015e-06
128.0	1320.212804931158	3.32e-05	0.48567633919077924	0.485678540005885	0.4856814494194692	1.5198496227776686e-06
128.0	1320.212804931158	3.36e-05	0.48567558313280834	0.48567740143535876	0.4856801401946287	1.2695285970481368e-06
128.0	1320.212804931158	3.4e-05	0.4856751556968124	0.48567662121426297	0.48567903101625465	1.0454784454842452e-06
128.0	1320.212804931158	3.4399999999999996e-05	0.4856747227760403	0.48567599103257847	0.4856781019989409	8.822260803787488e-07
128.0	1320.212804931158	3.4800000000000006e-05	0.4856744293619295	0.48567554068202334	0.4856773251629276	7.331566028670197e-07
128.0	1320.212804931158	3.52e-05	0.4856741780234577	0.48567516291683077	0.4856766730174167	6.168477945141145e-07
128.0	1320.212804931158	3.56e-05	0.4856739765256233	0.4856748613095037	0.4856761213294467	5.120297641765563e-07
128.0	1320.212804931158	3.6e-05	0.4856737786957481	0.4856745886514813	0.4856756501386057	4.3250058086585526e-07
128.0	1320.212804931158	3.64e-05	0.48567369960378315	0.4856743571908945	0.4856752435428211	3.5893393236798147e-07
128.0	1320.212804931158	3.68e-05	0.4856735490389408	0.48567413585838903	0.4856748890742484	3.071949916673452e-07
128.0	1320.212804931158	3.72e-05	0.48567339361771555	0.48567392759677497	0.4856745770242359	2.671454519065342e-07
128.0	1320.212804931158	3.76e-05	0.48567324939537837	0.48567373285126964	0.4856742998455257	2.335832683248084e-07
128.0	1320.212804931158	3.7999999999999995e-05	0.4856731263094769	0.48567355024547976	0.4856740516602054	2.0501744512318206e-07
128.0	1320.212804931158	3.8400000000000005e-05	0.4856730275985246	0.48567338394263804	0.48567382786596625	1.806244743691491e-07
128.0	1320.212804931158	3.88e-05	0.4856729248140814	0.4856732301134181	0.4856736248239395	1.5819014658797704e-07
128.0	1320.212804931158	3.9200000000000004e-05	0.48567285121502923	0.48567309478299114	0.4856734396107081	1.3606011509972064e-07
128.0	1320.212804931158	3.96e-05	0.48567276001479165	0.4856729722190938	0.485673269816294	1.1471533784866163e-07
128.0	1320.212804931158	3.9999999999999996e-05	0.48567267254005664	0.4856728612300733	0.4856731133656922	9.754286124996292e-08
128.0	1320.212804931158	4.0400000000000006e-05	0.48567259472163915	0.48567275713837976	0.48567296834281315	8.193577988413936e-08
128.0	1320.212804931158	4.08e-05	0.48567252787665804	0.4856726613955517	0.48567283287697727	6.949404157521424e-08
128.0	1320.212804931158	4.12e-05	0.4856724680338447	0.48567257394594715	0.4856727057646495	5.9395418801543775e-08
128.0	1320.212804931158	4.16e-05	0.4856723970417036	0.48567249631608	0.48567259640330374	5.334721781271501e-08
128.0	1320.212804931158	4.2e-05	0.48567235451198876	0.48567245370848433	0.4856725423294588	4.880352242537268e-08
129.0	1323.1224124609041	0.0	0.48766188741111716	0.4876649912805232	0.4876665440800769	1.0246129986284167e-06
129.0	1323.1224124609041	4e-07	0.48765990733511533	0.487663093821277	0.4876647360762618	1.0619502099445195e-06
129.0	1323.1224124609041	8e-07	0.48765772845509847	0.48766121639898896	0.4876632385031767	1.1832445844251173e-06
129.0	1323.1224124609041	1.2000000000000002e-06	0.4876553374311605	0.4876593629607379	0.4876623995495555	1.4188608254262862e-06
129.0	1323.1224124609041	1.6e-06	0.4876527014402665	0.4876574098117369	0.4876608096848436	1.7071228368093906e-06
129.0	1323.1224124609041	2e-06	0.487649770343336	0.48765540793791085	0.4876593761361221	2.1192527201313454e-06
129.0	1323.1224124609041	2.4000000000000003e-06	0.487646476458667	0.48765318827537835	0.4876577627838188	2.609542070495235e-06
129.0	1323.1224124609041	2.8000000000000003e-06	0.4876427355153865	0.4876507403647062	0.4876560669286718	3.2407617700300785e-06
129.0	1323.1224124609041	3.2e-06	0.48763844270400813	0.4876476279254873	0.4876537418385949	3.919178366577031e-06
129.0	1323.1224124609041	3.6e-06	0.48763350996014143	0.48764396246379094	0.4876516315697028	4.841056840996712e-06
129.0	1323.1224124609041	4e-06	0.4876279020634202	0.48763891637699114	0.48764810350679966	5.837158450686886e-06
129.0	1323.1224124609041	4.4e-06	0.4876216848440649	0.4876317669706347	0.48764274633282056	6.863039421007341e-06
129.0	1323.1224124609041	4.800000000000001e-06	0.4876146934609231	0.48761541096272243	0.48761607382541783	3.405842944985706e-07
129.0	1323.1224124609041	5.2e-06	0.48758908129633927	0.4875990805843552	0.4876086673112603	6.914541654103457e-06
129.0	1323.1224124609041	5.600000000000001e-06	0.4875839099910495	0.4875921010497543	0.48760248464328804	5.851525388571335e-06
129.0	1323.1224124609041	6e-06	0.4875805855458033	0.4875872611774625	0.4875970107312142	4.829719319804793e-06
129.0	1323.1224124609041	6.4e-06	0.48757863520898237	0.48758382286382645	0.4875922424362056	3.892252209148263e-06
129.0	1323.1224124609041	6.8e-06	0.4875765918860049	0.4875809621293361	0.48758812797660056	3.1916361911699527e-06
129.0	1323.1224124609041	7.2e-06	0.4875751129269439	0.4875787863731946	0.48758456976922737	2.5290744957471885e-06
129.0	1323.1224124609041	7.6e-06	0.48757379074906737	0.4875768621565187	0.48758144813877546	1.997805606943311e-06
129.0	1323.1224124609041	8e-06	0.48757272608752533	0.4875751879846917	0.48757866415416107	1.5097317854820864e-06
129.0	1323.1224124609041	8.4e-06	0.48757153549097065	0.48757359242841114	0.48757613265292754	1.1157236946104792e-06
129.0	1323.1224124609041	8.8e-06	0.4875709649058608	0.48757211320041544	0.487573781452757	7.306461863589874e-07
129.0	1323.1224124609041	9.2e-06	0.48756993061600795	0.4875706380341715	0.48757154856233775	4.170135747095342e-07
129.0	1323.1224124609041	9.600000000000001e-06	0.48756879365519357	0.48756917474300315	0.48756942373450585	1.4043525730258704e-07
129.0	1323.1224124609041	9.999999999999999e-06	0.4875671832322057	0.4875677266040168	0.4875680274440892	1.850752548547746e-07
129.0	1323.1224124609041	1.04e-05	0.48756498726209685	0.4875662970222301	0.4875674580372902	5.124798913010816e-07
129.0	1323.1224124609041	1.08e-05	0.4875626987078965	0.4875648091194603	0.48756636074868265	8.47221726394418e-07
129.0	1323.1224124609041	1.1200000000000001e-05	0.48756025810928705	0.4875632848046808	0.48756535494440456	1.248407225484449e-06
129.0	1323.1224124609041	1.16e-05	0.48755759811359756	0.48756160704480483	0.4875642477382245	1.6841463745496373e-06
129.0	1323.1224124609041	1.2e-05	0.4875546428819666	0.4875597633196311	0.48756299967225036	2.2157440546967377e-06
129.0	1323.1224124609041	1.24e-05	0.4875513105516376	0.48755742979890637	0.4875613145668325	2.767924039738673e-06
129.0	1323.1224124609041	1.28e-05	0.487547515346181	0.4875546789882976	0.48755975239752125	3.492925881477668e-06
129.0	1323.1224124609041	1.32e-05	0.48754323213469597	0.4875509003669645	0.48755714409836237	4.268277067140789e-06
129.0	1323.1224124609041	1.36e-05	0.48753850741402616	0.48754555030824154	0.4875531774110389	5.063574346375248e-06
129.0	1323.1224124609041	1.4e-05	0.48753310117643434	0.4875333305434605	0.48753356764596845	1.1347524534926049e-07
129.0	1323.1224124609041	1.44e-05	0.48751335760071246	0.48752108902759744	0.4875286178987439	5.213206988447316e-06
129.0	1323.1224124609041	1.48e-05	0.48750952993346974	0.4875158749277561	0.48752400229766746	4.417629825843474e-06
129.0	1323.1224124609041	1.52e-05	0.48750708266201936	0.48751226959833494	0.4875198900500237	3.6525488570050905e-06
129.0	1323.1224124609041	1.56e-05	0.4875056538324696	0.48750971834872875	0.48751631797467	2.9522934906599822e-06
129.0	1323.1224124609041	1.6e-05	0.4875041587440192	0.487507602103507	0.4875132489734755	2.4300637412197207e-06
129.0	1323.1224124609041	1.6400000000000002e-05	0.48750308793173946	0.4875060021883124	0.4875106021506035	1.9388470791117132e-06
129.0	1323.1224124609041	1.68e-05	0.4875021615720785	0.48750459446403305	0.48750829058197365	1.5454113484398036e-06
129.0	1323.1224124609041	1.7199999999999998e-05	0.48750135465954436	0.48750337878563055	0.4875062398202985	1.1851929198210722e-06
129.0	1323.1224124609041	1.76e-05	0.48750050531991285	0.4875022252174102	0.4875043861153081	8.959363814330727e-07
129.0	1323.1224124609041	1.8e-05	0.4875001055255268	0.48750116307658936	0.48750267580362205	6.149319357110137e-07
129.0	1323.1224124609041	1.84e-05	0.4874994052114836	0.4875001070824502	0.48750106322660347	3.889840243554427e-07
129.0	1323.1224124609041	1.88e-05	0.48749863041454944	0.4874990634290605	0.4874995082764233	1.899219061511242e-07
129.0	1323.1224124609041	1.9200000000000003e-05	0.48749784070177515	0.4874980344484373	0.4874982287622176	7.571122266266032e-08
129.0	1323.1224124609041	1.9600000000000002e-05	0.48749639588138916	0.4874970219389904	0.4874976772618984	2.7282411491557223e-07
129.0	1323.1224124609041	1.9999999999999998e-05	0.48749479521224615	0.48749597629508273	0.48749688036127736	5.011276598137649e-07
129.0	1323.1224124609041	2.04e-05	0.4874931015789734	0.4874949107125269	0.4874961710642687	7.746209889807652e-07
129.0	1323.1224124609041	2.08e-05	0.48749126938778264	0.4874937494160559	0.4874953756824931	1.0712862023918448e-06
129.0	1323.1224124609041	2.12e-05	0.4874892477694033	0.4874924824228503	0.487494512674127	1.4322831815730969e-06
129.0	1323.1224124609041	2.16e-05	0.4874869830198634	0.48749089392352785	0.48749336215777284	1.8047301588571156e-06
129.0	1323.1224124609041	2.2e-05	0.4874844195321115	0.487489030762271	0.48749229968465446	2.2914127294703033e-06
129.0	1323.1224124609041	2.2400000000000002e-05	0.4874815371821484	0.487486488542761	0.4874905385079442	2.8094638005708815e-06
129.0	1323.1224124609041	2.28e-05	0.4874783712037045	0.48748290742704403	0.48748787939366434	3.3397423047957626e-06
129.0	1323.1224124609041	2.32e-05	0.4874745318233833	0.48747478314902487	0.48747507154417136	1.25860793300678e-07
129.0	1323.1224124609041	2.36e-05	0.4874614232744454	0.4874666338133417	0.4874717804574127	3.4972340544173037e-06
129.0	1323.1224124609041	2.4e-05	0.48745890347374754	0.48746318682257966	0.48746872384354045	2.967999217445098e-06
129.0	1323.1224124609041	2.44e-05	0.4874573048000084	0.48746081658508855	0.4874660128795645	2.4606299300169145e-06
129.0	1323.1224124609041	2.48e-05	0.4874563785618058	0.48745915218081076	0.4874636705036455	1.9987798096397053e-06
129.0	1323.1224124609041	2.5200000000000003e-05	0.48745541633508793	0.48745778013176094	0.48746167194361245	1.656253465606697e-06
129.0	1323.1224124609041	2.56e-05	0.4874547359238175	0.48745675597325894	0.4874599602950598	1.336422497645092e-06
129.0	1323.1224124609041	2.6e-05	0.4874541477128904	0.4874558641836561	0.4874584788183407	1.0817705603771216e-06
129.0	1323.1224124609041	2.64e-05	0.4874536445987996	0.4874551064954294	0.48745717818946677	8.49510335351602e-07
129.0	1323.1224124609041	2.68e-05	0.4874531223960119	0.4874543943633484	0.4874560165801549	6.654079928927101e-07
129.0	1323.1224124609041	2.72e-05	0.4874528834522822	0.4874537485929223	0.4874549592484847	4.88600094640544e-07
129.0	1323.1224124609041	2.76e-05	0.48745245883851496	0.48745311100732674	0.4874539771902313	3.505900730845734e-07
129.0	1323.1224124609041	2.8e-05	0.48745199422465557	0.48745248618493286	0.4874530455815558	2.3163712455727838e-07
129.0	1323.1224124609041	2.8400000000000003e-05	0.48745153173474876	0.48745187551778313	0.48745214227696554	1.2244581113556266e-07
129.0	1323.1224124609041	2.88e-05	0.48745107767553364	0.4874512792082999	0.4874515166169955	7.441953801270309e-08
129.0	1323.1224124609041	2.92e-05	0.48745024128642545	0.4874506747171706	0.4874510586557239	1.7162932630990431e-07
129.0	1323.1224124609041	2.96e-05	0.48744936597908417	0.48745006667544244	0.4874506468868258	3.1275758064523006e-07
129.0	1323.1224124609041	2.9999999999999997e-05	0.48744837508306205	0.4874494205212288	0.48745019550026925	4.692160789338691e-07
129.0	1323.1224124609041	3.04e-05	0.48744728974173945	0.4874487284436973	0.4874497139097098	6.586065058789747e-07
129.0	1323.1224124609041	3.0799999999999996e-05	0.48744609367023184	0.48744788280761264	0.48744906385435804	8.512421512851917e-07
129.0	1323.1224124609041	3.12e-05	0.4874447637621149	0.48744690472988617	0.4874484974984874	1.0996942511636167e-06
129.0	1323.1224124609041	3.16e-05	0.48744328545148363	0.48744559503447815	0.48744757464233146	1.3604288875757582e-06
129.0	1323.1224124609041	3.2e-05	0.4874416201267442	0.48744377716366444	0.48744621162605384	1.6252494787061583e-06
129.0	1323.1224124609041	3.2399999999999995e-05	0.4874394877285466	0.48743973545093383	0.4874400211132466	1.269471802770011e-07
129.0	1323.1224124609041	3.2800000000000004e-05	0.4874330031743588	0.48743566783878445	0.48743838972597153	1.7838268826563928e-06
129.0	1323.1224124609041	3.32e-05	0.4874317822909662	0.48743398325406406	0.48743689283690284	1.5198951141488551e-06
129.0	1323.1224124609041	3.36e-05	0.48743102620404777	0.48743284463548414	0.48743558356154715	1.2695703649991331e-06
129.0	1323.1224124609041	3.4e-05	0.4874305987556822	0.4874320643801964	0.4874344743388237	1.0455148595528722e-06
129.0	1323.1224124609041	3.4399999999999996e-05	0.4874301658155922	0.4874314341704083	0.48743354528310334	8.822575704445879e-07
129.0	1323.1224124609041	3.4800000000000006e-05	0.48742987239893143	0.4874309837961884	0.48743276841365457	7.331860582472292e-07
129.0	1323.1224124609041	3.52e-05	0.48742962103556575	0.48743060600870436	0.48743211623892346	6.168772147378838e-07
129.0	1323.1224124609041	3.56e-05	0.48742941953492025	0.48743030438322216	0.48743156452528247	5.120583952020116e-07
129.0	1323.1224124609041	3.6e-05	0.48742922170471203	0.48743003171003624	0.48743109331177603	4.3252714774959626e-07
129.0	1323.1224124609041	3.64e-05	0.48742914259318226	0.48742980023590354	0.4874306866958902	3.5896008056526734e-07
129.0	1323.1224124609041	3.68e-05	0.4874289920168824	0.4874295788905122	0.487430332209426	3.072208381963608e-07
129.0	1323.1224124609041	3.72e-05	0.4874288365743986	0.4874293706170499	0.4874300201434414	2.671708545811609e-07
129.0	1323.1224124609041	3.76e-05	0.4874286923420712	0.48742917586080675	0.48742974295043506	2.3360804401428522e-07
129.0	1323.1224124609041	3.7999999999999995e-05	0.4874285692469309	0.48742899324515354	0.48742949475228947	2.0504178743584164e-07
129.0	1323.1224124609041	3.8400000000000005e-05	0.48742847053311245	0.48742882693288647	0.4874292709465182	1.8064982069992463e-07
129.0	1323.1224124609041	3.88e-05	0.4874283677369462	0.48742867309664617	0.4874290678940989	1.5821541714130725e-07
129.0	1323.1224124609041	3.9200000000000004e-05	0.4874282941205763	0.48742853776095957	0.48742888267149187	1.3608577055089758e-07
129.0	1323.1224124609041	3.96e-05	0.4874282029060222	0.48742841519086355	0.48742871286862766	1.1474422636952172e-07
129.0	1323.1224124609041	3.9999999999999996e-05	0.4874281154435183	0.48742830419337246	0.48742855641045146	9.757798111207637e-08
129.0	1323.1224124609041	4.0400000000000006e-05	0.48742803761348874	0.4874282000943887	0.4874284113808889	8.19786830411523e-08
129.0	1323.1224124609041	4.08e-05	0.4874279707443989	0.4874281043458684	0.48742827590939086	6.954538456866688e-08
129.0	1323.1224124609041	4.12e-05	0.48742791085387616	0.4874280168939012	0.487428148793013	5.9456397737217525e-08
129.0	1323.1224124609041	4.16e-05	0.4874278399060854	0.4874279392670635	0.4874280394359536	5.341333629282436e-08
129.0	1323.1224124609041	4.2e-05	0.4874277973764576	0.4874278967076617	0.4874279853779937	4.886222698053173e-08
130.0	1325.8972304328452	0.0	0.4893392382186237	0.4893423420732968	0.4893438948531941	1.0246039161542465e-06
130.0	1325.8972304328452	4e-07	0.48933725814234474	0.48934044461390425	0.48934208690211634	1.0619418598722466e-06
130.0	1325.8972304328452	8e-07	0.48933507926129405	0.48933856719146307	0.48934058932999935	1.183238642848208e-06
130.0	1325.8972304328452	1.2000000000000002e-06	0.48933268823550335	0.4893367137530281	0.4893397503911574	1.4188592570782633e-06
130.0	1325.8972304328452	1.6e-06	0.4893300522417867	0.4893347606029018	0.48933816051576784	1.707123813666866e-06
130.0	1325.8972304328452	2e-06	0.4893271211408452	0.48933275872927046	0.4893367269564921	2.1192586013948294e-06
130.0	1325.8972304328452	2.4000000000000003e-06	0.4893238272506766	0.48933053906676716	0.4893351136101405	2.609553825812761e-06
130.0	1325.8972304328452	2.8000000000000003e-06	0.4893200863000615	0.48932809115353926	0.489333417741566	3.2407787017029887e-06
130.0	1325.8972304328452	3.2e-06	0.4893157934782959	0.48932497870695635	0.48933109264443786	3.919198051327429e-06
130.0	1325.8972304328452	3.6e-06	0.4893108607222558	0.4893213132366045	0.48932898236356426	4.8410817977132535e-06
130.0	1325.8972304328452	4e-06	0.4893052528107278	0.4893162671370215	0.4893254542874139	5.8371909893920475e-06
130.0	1325.8972304328452	4.4e-06	0.4892990355742244	0.4893091177115301	0.48932009709422797	6.8630851544614124e-06
130.0	1325.8972304328452	4.800000000000001e-06	0.4892920441940882	0.489292761639523	0.48929342442092505	3.4054151807487936e-07
130.0	1325.8972304328452	5.2e-06	0.48926643195140596	0.4892764312224202	0.4892860178814997	6.914536108790721e-06
130.0	1325.8972304328452	5.600000000000001e-06	0.4892612605437652	0.4892694516617	0.48927983531882724	5.851526779785436e-06
130.0	1325.8972304328452	6e-06	0.4892579360870464	0.48926461177014186	0.4892743613895094	4.829722119548378e-06
130.0	1325.8972304328452	6.4e-06	0.48925598574780516	0.4892611734420403	0.4892695930785136	3.89225420542451e-06
130.0	1325.8972304328452	6.8e-06	0.48925394241562703	0.4892583126953866	0.4892654786027446	3.191636428899452e-06
130.0	1325.8972304328452	7.2e-06	0.48925246345947304	0.4892561369269982	0.4892619203816748	2.5290751897711436e-06
130.0	1325.8972304328452	7.6e-06	0.48925114128893643	0.4892542126975438	0.48925879873831946	1.997807990038195e-06
130.0	1325.8972304328452	8e-06	0.4892500766141987	0.4892525385147265	0.4892560147414384	1.5097345124547878e-06
130.0	1325.8972304328452	8.4e-06	0.4892488860613291	0.489250942949448	0.4892534832284188	1.1157246296943625e-06
130.0	1325.8972304328452	8.8e-06	0.48924831552179526	0.48924946371275163	0.4892511320167854	7.306462731203805e-07
130.0	1325.8972304328452	9.2e-06	0.4892472812252997	0.48924798853805457	0.48924889911504277	4.170109345519623e-07
130.0	1325.8972304328452	9.600000000000001e-06	0.4892461442520091	0.4892465252388489	0.4892467741544815	1.4042213660333583e-07
130.0	1325.8972304328452	9.999999999999999e-06	0.4892445337620579	0.4892450770922619	0.4892453778869177	1.8506714224751476e-07
130.0	1325.8972304328452	1.04e-05	0.4892423377794186	0.4892436475032031	0.48924480853328856	5.124826638688031e-07
130.0	1325.8972304328452	1.08e-05	0.48924004921156605	0.48924215959248707	0.4892437112289123	8.472281642269625e-07
130.0	1325.8972304328452	1.1200000000000001e-05	0.489237608597648	0.48924063527111566	0.48924270541061077	1.24841974921288e-06
130.0	1325.8972304328452	1.16e-05	0.4892349485843299	0.4892389575042021	0.4892415982085554	1.6841662487845713e-06
130.0	1325.8972304328452	1.2e-05	0.489231993331976	0.48923711376915047	0.4892403501237981	2.2157712448196606e-06
130.0	1325.8972304328452	1.24e-05	0.48922866097690765	0.4892347802319645	0.4892386650060567	2.767956364299821e-06
130.0	1325.8972304328452	1.28e-05	0.4892248657420195	0.4892320294017311	0.489237102818878	3.4929666262846837e-06
130.0	1325.8972304328452	1.32e-05	0.4892205824959426	0.48922825075222304	0.48923449449685297	4.268329125500236e-06
130.0	1325.8972304328452	1.36e-05	0.48921585773590515	0.4892229006517686	0.4892305277755158	5.063643703262599e-06
130.0	1325.8972304328452	1.4e-05	0.4892104514079989	0.48921068076834173	0.48921091792610927	1.134721959691715e-07
130.0	1325.8972304328452	1.44e-05	0.4891907076109323	0.4891984391567258	0.4892059681358578	5.2132284796939165e-06
130.0	1325.8972304328452	1.48e-05	0.48918687990852217	0.48919322500614	0.4892013524937209	4.4176548296264745e-06
130.0	1325.8972304328452	1.52e-05	0.489184432615251	0.48918961964036595	0.48919724020847255	3.6525718806087025e-06
130.0	1325.8972304328452	1.56e-05	0.48918300377726176	0.48918706836420434	0.4891936680993272	2.9523126382180123e-06
130.0	1325.8972304328452	1.6e-05	0.4891815086732274	0.48918495209678514	0.4891905990672383	2.4300788444457813e-06
130.0	1325.8972304328452	1.6400000000000002e-05	0.48918043785967846	0.48918335216175907	0.4891879522173497	1.938860648255785e-06
130.0	1325.8972304328452	1.68e-05	0.48917951147809635	0.489181944418061	0.48918564062419545	1.5454250328633125e-06
130.0	1325.8972304328452	1.7199999999999998e-05	0.48917870456392354	0.4891807287229871	0.489183589839981	1.1852058070865885e-06
130.0	1325.8972304328452	1.76e-05	0.48917785522359836	0.4891795751404057	0.4891817361139843	8.95946901593407e-07
130.0	1325.8972304328452	1.8e-05	0.48917745541002233	0.48917851298598136	0.4891800257824137	6.149418661151844e-07
130.0	1325.8972304328452	1.84e-05	0.4891767550852739	0.4891774569785256	0.4891784131862291	3.889934732888568e-07
130.0	1325.8972304328452	1.88e-05	0.4891759802688078	0.4891764133123209	0.4891768582171938	1.8993291764548376e-07
130.0	1325.8972304328452	1.9200000000000003e-05	0.4891751904825741	0.4891753843194193	0.4891755786678589	7.573297261917077e-08
130.0	1325.8972304328452	1.9600000000000002e-05	0.4891737457832397	0.4891743717981113	0.4891750272629798	2.728365448667001e-07
130.0	1325.8972304328452	1.9999999999999998e-05	0.48917214509316587	0.48917332614155074	0.4891742303497395	5.011405789937077e-07
130.0	1325.8972304328452	2.04e-05	0.489170451437003	0.4891722605476387	0.4891735209243766	7.746394502557882e-07
130.0	1325.8972304328452	2.08e-05	0.489168619220103	0.4891710992390108	0.4891727255149121	1.0713124471418166e-06
130.0	1325.8972304328452	2.12e-05	0.4891665975721988	0.48916983223038313	0.48917186248352884	1.4323177115073442e-06
130.0	1325.8972304328452	2.16e-05	0.4891643327882571	0.4891682437076926	0.48917071194973527	1.8047709435637523e-06
130.0	1325.8972304328452	2.2e-05	0.48916176926040134	0.48916638051877986	0.4891696494540776	2.29146361623999e-06
130.0	1325.8972304328452	2.2400000000000002e-05	0.48915888686367026	0.4891638382602765	0.48916788824669677	2.809527891204081e-06
130.0	1325.8972304328452	2.28e-05	0.48915572083260894	0.4891602570877473	0.4891652290871109	3.3398257294437756e-06
130.0	1325.8972304328452	2.32e-05	0.4891518812773583	0.48915213265749197	0.48915242111736834	1.2588149162528813e-07
130.0	1325.8972304328452	2.36e-05	0.4891387725044565	0.4891439831922934	0.4891491299740993	3.4972717798641335e-06
130.0	1325.8972304328452	2.4e-05	0.4891362526585983	0.4891405361368826	0.48914607330680493	2.968038361002011e-06
130.0	1325.8972304328452	2.44e-05	0.48913465395708666	0.4891381658536751	0.4891433622944241	2.4606651274455646e-06
130.0	1325.8972304328452	2.48e-05	0.48913372770696917	0.48913650141647785	0.4891410198755626	1.998809415406702e-06
130.0	1325.8972304328452	2.5200000000000003e-05	0.4891327654613713	0.489135129340126	0.48913902127726416	1.656277803182606e-06
130.0	1325.8972304328452	2.56e-05	0.4891320850468057	0.4891341051581897	0.4891373095953826	1.3364442535627811e-06
130.0	1325.8972304328452	2.6e-05	0.4891314968118836	0.48913321334618204	0.4891358280889051	1.0817916508742656e-06
130.0	1325.8972304328452	2.64e-05	0.4891309936945065	0.48913245563900154	0.48913452743314423	8.495300111369202e-07
130.0	1325.8972304328452	2.68e-05	0.4891304714899203	0.4891317434905477	0.48913336579921296	6.654249572738466e-07
130.0	1325.8972304328452	2.72e-05	0.4891302325265796	0.4891310977048704	0.4891323084446526	4.886162154368405e-07
130.0	1325.8972304328452	2.76e-05	0.4891298079008868	0.48913046010440836	0.48913132636474543	3.5060563761549855e-07
130.0	1325.8972304328452	2.8e-05	0.48912934326570845	0.4891298352677986	0.48913039473517816	2.3165311573898366e-07
130.0	1325.8972304328452	2.8400000000000003e-05	0.48912888076409455	0.48912922458712405	0.48912949140996176	1.2246729140006883e-07
130.0	1325.8972304328452	2.88e-05	0.48912842662973066	0.48912862826464565	0.48912886581835746	7.445587889346876e-08
130.0	1325.8972304328452	2.92e-05	0.4891275902178407	0.48912802375991665	0.48912840784415224	1.716505759278202e-07
130.0	1325.8972304328452	2.96e-05	0.4891267148853977	0.4891274157060415	0.48912799606203095	3.1277927557272476e-07
130.0	1325.8972304328452	2.9999999999999997e-05	0.4891257241232694	0.48912676953918743	0.48912754467363406	4.6924367187264607e-07
130.0	1325.8972304328452	3.04e-05	0.48912463875259515	0.4891260774459487	0.4891270630691933	6.586412656945231e-07
130.0	1325.8972304328452	3.0799999999999996e-05	0.48912344264728347	0.48912523178655715	0.4891264130023032	8.512823291465879e-07
130.0	1325.8972304328452	3.12e-05	0.48912211270000316	0.4891242536815459	0.48912584663114433	1.0997437842078914e-06
130.0	1325.8972304328452	3.16e-05	0.48912063434480846	0.4891229439481882	0.48912492375300065	1.3604909623308589e-06
130.0	1325.8972304328452	3.2e-05	0.4891189687801294	0.4891211260226022	0.48912356070198193	1.6253303784647575e-06
130.0	1325.8972304328452	3.2399999999999995e-05	0.4891168363737677	0.4891170841640726	0.48911736990242627	1.2697556757349115e-07
130.0	1325.8972304328452	3.2800000000000004e-05	0.48911035160668526	0.4891130164282354	0.48911573846149814	1.7838653367544527e-06
130.0	1325.8972304328452	3.32e-05	0.4891091306803039	0.48911133178190047	0.4891142415219738	1.5199357197371623e-06
130.0	1325.8972304328452	3.36e-05	0.4891083745675502	0.489110193119988	0.48911293220118335	1.2696078918773157e-06
130.0	1325.8972304328452	3.4e-05	0.4891079471083435	0.4891094128338433	0.4891118229386544	1.0455477357426512e-06
130.0	1325.8972304328452	3.4399999999999996e-05	0.48910751415098996	0.48910878259869256	0.48911089384830575	8.822860918476448e-07
130.0	1325.8972304328452	3.4800000000000006e-05	0.48910722073257773	0.48910833220299804	0.489110116948674	7.33212939953921e-07
130.0	1325.8972304328452	3.52e-05	0.4891069693463237	0.48910795439521493	0.48910946474753736	6.169042864908135e-07
130.0	1325.8972304328452	3.56e-05	0.48910676784347196	0.48910765275322005	0.4891089130106838	5.120849332780198e-07
130.0	1325.8972304328452	3.6e-05	0.48910657001347335	0.4891073800663049	0.48910844177667556	4.3255190044584246e-07
130.0	1325.8972304328452	3.64e-05	0.4891064908837466	0.48910714857991117	0.48910803514261225	3.589845980864926e-07
130.0	1325.8972304328452	3.68e-05	0.4891063402970346	0.4891069272228687	0.48910768063998145	3.072451893529064e-07
130.0	1325.8972304328452	3.72e-05	0.4891061848348217	0.48910671893871926	0.4891073685595817	2.6719487978134863e-07
130.0	1325.8972304328452	3.76e-05	0.48910604059351126	0.4891065241728197	0.4891070913536959	2.3363155983243174e-07
130.0	1325.8972304328452	3.7999999999999995e-05	0.48910591749007004	0.48910634154831284	0.48910684314402	2.0506498043588395e-07
130.0	1325.8972304328452	3.8400000000000005e-05	0.48910581877391124	0.4891061752275912	0.489106619327905	1.8067403934987048e-07
130.0	1325.8972304328452	3.88e-05	0.4891057159669989	0.48910602138514686	0.4891064162661918	1.5823965273596565e-07
130.0	1325.8972304328452	3.9200000000000004e-05	0.489105642334545	0.48910588604489225	0.48910623103522255	1.3611049189106945e-07
130.0	1325.8972304328452	3.96e-05	0.4891055511066922	0.4891057634693077	0.48910606122484523	1.1477215868596494e-07
130.0	1325.8972304328452	3.9999999999999996e-05	0.4891054636559762	0.489105652464161	0.48910590475996063	9.761196687040019e-08
130.0	1325.8972304328452	4.0400000000000006e-05	0.4891053858152352	0.4891055483586148	0.4891057597245041	8.202022059138702e-08
130.0	1325.8972304328452	4.08e-05	0.48910531892340803	0.4891054526050162	0.48910562424805715	6.959510280460203e-08
130.0	1325.8972304328452	4.12e-05	0.4891052589879745	0.48910536515108827	0.4891054971282349	5.951541905032967e-08
130.0	1325.8972304328452	4.16e-05	0.4891051880822941	0.4891052875273548	0.48910538777555956	5.347731961266648e-08
130.0	1325.8972304328452	4.2e-05	0.48910514555290874	0.48910524501427877	0.48910533373288256	4.891912725490284e-08
131.0	1328.6720484047862	0.0	0.49101978695293713	0.49102289079132005	0.4910244435496418	1.0245940200845388e-06
131.0	1328.6720484047862	4e-07	0.49101780687637575	0.49102099333177673	0.4910226356507472	1.0619327225524273e-06
131.0	1328.6720484047862	8e-07	0.491015627994277	0.49101911590916636	0.49102113807953973	1.1832319861087973e-06
131.0	1328.6720484047862	1.2000000000000002e-06	0.4910132369666034	0.4910172624705212	0.4910202991552506	1.4188570761792068e-06
131.0	1328.6720484047862	1.6e-06	0.4910106009700197	0.49101530931923737	0.4910187092691114	1.7071242827131358e-06
131.0	1328.6720484047862	2e-06	0.491007669864997	0.49101330744573746	0.4910172756992841	2.1192640675342385e-06
131.0	1328.6720484047862	2.4000000000000003e-06	0.4910043759692382	0.49101108778315317	0.4910156623588744	2.609565207438527e-06
131.0	1328.6720484047862	2.8000000000000003e-06	0.49100063501116065	0.49100863986726256	0.4910139664767472	3.2407953387905932e-06
131.0	1328.6720484047862	3.2e-06	0.4909963421791579	0.4910055274131794	0.4910116413724426	3.9192175211008935e-06
131.0	1328.6720484047862	3.6e-06	0.4909914094106975	0.4910018619339826	0.49100953107945067	4.8411066195723085e-06
131.0	1328.6720484047862	4e-06	0.49098580148404825	0.49099681582132765	0.4910060029898009	5.837223458264715e-06
131.0	1328.6720484047862	4.4e-06	0.49097958423000954	0.49098966637625846	0.4910006457770457	6.863130844802586e-06
131.0	1328.6720484047862	4.800000000000001e-06	0.4909725928526125	0.490973310239233	0.4909739729368825	3.404971870461116e-07
131.0	1328.6720484047862	5.2e-06	0.49094698052650276	0.4909569797820221	0.4909665663717133	6.9145314341395e-06
131.0	1328.6720484047862	5.600000000000001e-06	0.4909418090140347	0.490950000194678	0.4909603839184298	5.851528897625914e-06
131.0	1328.6720484047862	6e-06	0.4909384845456888	0.4909451602835078	0.4909549099714443	4.829725534732857e-06
131.0	1328.6720484047862	6.4e-06	0.490936534203934	0.4909417219406995	0.4909501416440767	3.892256725042285e-06
131.0	1328.6720484047862	6.8e-06	0.49093449086246466	0.49093886118167535	0.49094602715190483	3.1916371298469122e-06
131.0	1328.6720484047862	7.2e-06	0.49093301190917416	0.49093668540090296	0.4909424689168258	2.529076277034897e-06
131.0	1328.6720484047862	7.6e-06	0.4909316897467928	0.4909347611585726	0.49093934726029165	1.997810675205739e-06
131.0	1328.6720484047862	8e-06	0.49093062505890206	0.4909330869646625	0.4909365632508962	1.509737488606721e-06
131.0	1328.6720484047862	8.4e-06	0.49092943455016425	0.49093149139026815	0.49093403172587013	1.115725784073705e-06
131.0	1328.6720484047862	8.8e-06	0.4909288640586764	0.49093001214476634	0.4909316805025705	7.306465230024471e-07
131.0	1328.6720484047862	9.2e-06	0.4909278297554014	0.4909285369615055	0.4909294475893162	4.1700838946009806e-07
131.0	1328.6720484047862	9.600000000000001e-06	0.49092669276979173	0.4909270736541446	0.49092732249190085	1.4040888439839845e-07
131.0	1328.6720484047862	9.999999999999999e-06	0.49092508221302733	0.49092562549983265	0.49092592624804077	1.850586764403033e-07
131.0	1328.6720484047862	1.04e-05	0.49092288621768265	0.49092419590337255	0.490925356945918	5.124852229790853e-07
131.0	1328.6720484047862	1.08e-05	0.49092059763600115	0.49092270798457965	0.4909242596256318	8.472344525262825e-07
131.0	1328.6720484047862	1.1200000000000001e-05	0.49091815700658614	0.4909211836564608	0.4909232537932464	1.2484321590469568e-06
131.0	1328.6720484047862	1.16e-05	0.49091549697543524	0.4909195058823156	0.4909221465952216	1.6841860038766722e-06
131.0	1328.6720484047862	1.2e-05	0.49091254170213094	0.4909176621371986	0.4909208984915061	2.2157983504694784e-06
131.0	1328.6720484047862	1.24e-05	0.4909092093221652	0.4909153285833388	0.49091921336124233	2.7679886491540895e-06
131.0	1328.6720484047862	1.28e-05	0.4909054140575311	0.4909125777332213	0.4909176511560105	3.493007376151059e-06
131.0	1328.6720484047862	1.32e-05	0.49090113077649544	0.4909087990551873	0.49091504281080756	4.268381221139173e-06
131.0	1328.6720484047862	1.36e-05	0.4908964059766685	0.4909034489125099	0.49091107605503304	5.0637130941101666e-06
131.0	1328.6720484047862	1.4e-05	0.490890999555619	0.4908912289095167	0.4908914661246184	1.1346956741096337e-07
131.0	1328.6720484047862	1.44e-05	0.4908712555325323	0.4908789872007835	0.4908865162908711	5.213250900930551e-06
131.0	1328.6720484047862	1.48e-05	0.49086742779466785	0.49087377299896234	0.49088190060721804	4.417680611478922e-06
131.0	1328.6720484047862	1.52e-05	0.4908649804794214	0.4908701675965021	0.49087778828394235	3.6525955706539884e-06
131.0	1328.6720484047862	1.56e-05	0.49086355163290385	0.49086761629355485	0.4908742161406252	2.9523323644880563e-06
131.0	1328.6720484047862	1.6e-05	0.4908620565131949	0.49086550000374135	0.49087114707730084	2.430094470875786e-06
131.0	1328.6720484047862	1.6400000000000002e-05	0.4908609856983386	0.4908639000487564	0.49086850020010164	1.9388746791816563e-06
131.0	1328.6720484047862	1.68e-05	0.49086005929474386	0.4908624922855523	0.4908661885821619	1.545439097698693e-06
131.0	1328.6720484047862	1.7199999999999998e-05	0.49085925237883377	0.4908612765737144	0.4908641377751808	1.185219038349104e-06
131.0	1328.6720484047862	1.76e-05	0.4908584030377785	0.49086012297666365	0.4908622840279726	8.959577588034624e-07
131.0	1328.6720484047862	1.8e-05	0.49085800320518747	0.49085906080854114	0.49086057367633007	6.149521247778183e-07
131.0	1328.6720484047862	1.84e-05	0.4908573028697196	0.4908580047876681	0.49085896106080806	3.8900327593767386e-07
131.0	1328.6720484047862	1.88e-05	0.49085652803359814	0.4908569611085406	0.4908574060727551	1.8994440765559462e-07
131.0	1328.6720484047862	1.9200000000000003e-05	0.4908557381742815	0.4908559321032461	0.49085612648746846	7.575542013564263e-08
131.0	1328.6720484047862	1.9600000000000002e-05	0.49085429359953814	0.49085491956995764	0.4908555751778776	2.7284903934479103e-07
131.0	1328.6720484047862	1.9999999999999998e-05	0.49085269288837363	0.49085387390062474	0.49085477825210777	5.011534970419612e-07
131.0	1328.6720484047862	2.04e-05	0.490850999209151	0.4908528082952124	0.4908540686954206	7.746578869979309e-07
131.0	1328.6720484047862	2.08e-05	0.49084916696635794	0.4908516469742467	0.49085327325726436	1.0713386284781422e-06
131.0	1328.6720484047862	2.12e-05	0.4908471452887291	0.49085037995002556	0.4908524102027032	1.4323521883891022e-06
131.0	1328.6720484047862	2.16e-05	0.49084488047015284	0.49084879140377796	0.49085125965129706	1.8048117033215892e-06
131.0	1328.6720484047862	2.2e-05	0.4908423169019658	0.4908469281869784	0.4908501971329269	2.2915145042796756e-06
131.0	1328.6720484047862	2.2400000000000002e-05	0.49083943445814526	0.4908443858891721	0.4908484358946019	2.809591999194858e-06
131.0	1328.6720484047862	2.28e-05	0.4908362683740961	0.49084080465939905	0.49084577668933704	3.3399091522015347e-06
131.0	1328.6720484047862	2.32e-05	0.49083242863860743	0.4908326800761312	0.4908329686027262	1.2590306609005243e-07
131.0	1328.6720484047862	2.36e-05	0.4908193196400612	0.4908245304801839	0.490829677402532	3.497310394310011e-06
131.0	1328.6720484047862	2.4e-05	0.490816799748794	0.490821083359694	0.4908266206814069	2.9680782496553572e-06
131.0	1328.6720484047862	2.44e-05	0.4908152010193856	0.490818713030481	0.4908239096202456	2.460700967811384e-06
131.0	1328.6720484047862	2.48e-05	0.4908142747572919	0.4908170485601686	0.4908215671581049	1.9988395858590606e-06
131.0	1328.6720484047862	2.5200000000000003e-05	0.4908133124927323	0.4908156764563473	0.4908195685212293	1.6563026583211384e-06
131.0	1328.6720484047862	2.56e-05	0.49081263207485026	0.4908146522508755	0.4908178568057604	1.336466473780222e-06
131.0	1328.6720484047862	2.6e-05	0.4908120438158523	0.4908137604164012	0.4908163752692998	1.0818131312316316e-06
131.0	1328.6720484047862	2.64e-05	0.490811540695109	0.4908130026901976	0.49081507458645657	8.495500489953898e-07
131.0	1328.6720484047862	2.68e-05	0.49081101848869846	0.4908122905252854	0.4908139129277309	6.654422854250253e-07
131.0	1328.6720484047862	2.72e-05	0.49081077950594043	0.490811644724285	0.4908128555501232	4.886327001604034e-07
131.0	1328.6720484047862	2.76e-05	0.49081035486832647	0.49081100710887887	0.4908118734484219	3.5062159237963546e-07
131.0	1328.6720484047862	2.8e-05	0.49080989021173593	0.49081038225796864	0.49081094179783147	2.316695702948891e-07
131.0	1328.6720484047862	2.8400000000000003e-05	0.4908094276983519	0.49080977156367783	0.4908100384518672	1.2248945257441683e-07
131.0	1328.6720484047862	2.88e-05	0.49080897348924246	0.49080917522810774	0.4908094129277467	7.449301646094347e-08
131.0	1328.6720484047862	2.92e-05	0.4908081370544366	0.4908085707096852	0.49080895494070287	1.7167208085854384e-07
131.0	1328.6720484047862	2.96e-05	0.4908072616967454	0.4908079626435456	0.4908085431453779	3.1280105339252465e-07
131.0	1328.6720484047862	2.9999999999999997e-05	0.4908062710718566	0.49080731646390047	0.49080809175482454	4.6927124632229655e-07
131.0	1328.6720484047862	3.04e-05	0.4908051856716842	0.4908066243548197	0.4908076101366001	6.586759785558495e-07
131.0	1328.6720484047862	3.0799999999999996e-05	0.49080398953240234	0.4908057786719837	0.49080696005802604	8.513224621862904e-07
131.0	1328.6720484047862	3.12e-05	0.49080265954576774	0.4908048005395188	0.49080639367155854	1.0997932688871603e-06
131.0	1328.6720484047862	3.16e-05	0.4908011811458266	0.4908034907679918	0.49080547077130277	1.3605529772499149e-06
131.0	1328.6720484047862	3.2e-05	0.4907995153372964	0.4908016727873329	0.49080410768528804	1.625411170204517e-06
131.0	1328.6720484047862	3.2399999999999995e-05	0.49079738292167807	0.4907976307825443	0.49079791659872285	1.2700481223295e-07
131.0	1328.6720484047862	3.2800000000000004e-05	0.4907908979405571	0.4907935629220891	0.4907962851038503	1.7839045745101369e-06
131.0	1328.6720484047862	3.32e-05	0.4907896769710556	0.4907918782138606	0.49079478811359145	1.519976984147078e-06
131.0	1328.6720484047862	3.36e-05	0.490788920832423	0.49079073950844343	0.4907934787471122	1.269645996835709e-06
131.0	1328.6720484047862	3.4e-05	0.49078849336237074	0.4907899591913408	0.4907923694445797	1.0455811337693112e-06
131.0	1328.6720484047862	3.4399999999999996e-05	0.49078806038773326	0.4907893289307471	0.4907914403194189	8.823151060257243e-07
131.0	1328.6720484047862	3.4800000000000006e-05	0.49078776696759263	0.49078887851355585	0.4907906633894594	7.332402777037147e-07
131.0	1328.6720484047862	3.52e-05	0.49078751555842626	0.49078850068549024	0.4907900111617991	6.169317550540638e-07
131.0	1328.6720484047862	3.56e-05	0.4907873140533434	0.49078819902699133	0.49078945940164154	5.121118531669562e-07
131.0	1328.6720484047862	3.6e-05	0.4907871162235793	0.49078792632634083	0.49078898814706307	4.3257704470255035e-07
131.0	1328.6720484047862	3.64e-05	0.4907870370758882	0.49078769482769474	0.49078858149477345	3.5900950882326345e-07
131.0	1328.6720484047862	3.68e-05	0.4907868864788325	0.49078747345900636	0.4907882269759414	3.0726994366582065e-07
131.0	1328.6720484047862	3.72e-05	0.49078673099688697	0.49078726516417054	0.49078791488110785	2.672193271158855e-07
131.0	1328.6720484047862	3.76e-05	0.49078658674660147	0.49078707038860975	0.49078763766233724	2.336555279760074e-07
131.0	1328.6720484047862	3.7999999999999995e-05	0.49078646363485845	0.49078688775524093	0.4907873894411354	2.05088664941997e-07
131.0	1328.6720484047862	3.8400000000000005e-05	0.4907863649162758	0.4907867214260673	0.4907871656146936	1.8069877929073282e-07
131.0	1328.6720484047862	3.88e-05	0.49078626209870624	0.4907865675774025	0.4907869625437078	1.5826446403194996e-07
131.0	1328.6720484047862	3.9200000000000004e-05	0.49078618845029265	0.4907864322325447	0.49078677730440745	1.3613589189441578e-07
131.0	1328.6720484047862	3.96e-05	0.4907860972092397	0.49078630965146536	0.49078660748655345	1.1480087094115855e-07
131.0	1328.6720484047862	3.9999999999999996e-05	0.49078600976991815	0.49078619863868767	0.49078645101499774	9.76468298280135e-08
131.0	1328.6720484047862	4.0400000000000006e-05	0.4907859319184791	0.49078609452659394	0.4907863059736881	8.206275193084815e-08
131.0	1328.6720484047862	4.08e-05	0.4907858650041321	0.4907859987679327	0.49078617049232776	6.964593637292104e-08
131.0	1328.6720484047862	4.12e-05	0.49078580502419733	0.4907859113120424	0.49078604336908604	5.95756558987824e-08
131.0	1328.6720484047862	4.16e-05	0.49078573415997884	0.49078583369139195	0.4907859340207139	5.3542560947539895e-08
131.0	1328.6720484047862	4.2e-05	0.4907856916306361	0.4907857912246388	0.4907858799930951	4.897729751057318e-08
132.0	1331.4468663767273	0.0	0.49270354039514874	0.4927066442159106	0.49270819695092527	1.0245834077831882e-06
132.0	1331.4468663767273	4e-07	0.4927015603182969	0.49270474675620973	0.4927063891036827	1.0619228973327606e-06
132.0	1331.4468663767273	8e-07	0.4926993814351128	0.49270286933340646	0.4927048915333119	1.1832247194550123e-06
132.0	1331.4468663767273	1.2000000000000002e-06	0.4926969904054932	0.49270101589451326	0.4927040526233446	1.418854397849812e-06
132.0	1331.4468663767273	1.6e-06	0.49269435440594744	0.49269906274201775	0.49270246272636165	1.7071243687614922e-06
132.0	1331.4468663767273	2e-06	0.492691423296713	0.49269706086855647	0.4927010291459606	2.11926925698488e-06
132.0	1331.4468663767273	2.4000000000000003e-06	0.4926881293951837	0.49269484120573476	0.49269941581146526	2.6095763679945237e-06
132.0	1331.4468663767273	2.8000000000000003e-06	0.4926843884294039	0.4926923932870141	0.4926977199156193	3.240811854656863e-06
132.0	1331.4468663767273	3.2e-06	0.49268009558706627	0.49268928082520147	0.4926953948039632	3.919236973688714e-06
132.0	1331.4468663767273	3.6e-06	0.49267516280576995	0.4926856153368509	0.4926932844986407	4.841131539037621e-06
132.0	1331.4468663767273	4e-06	0.4926695548634772	0.49268056921065373	0.4926897563951309	5.837256131232701e-06
132.0	1331.4468663767273	4.4e-06	0.4926633375912699	0.49267341974528617	0.4926843991622496	6.863176811116011e-06
132.0	1331.4468663767273	4.800000000000001e-06	0.49265634621617327	0.492657063541619	0.4926577261530811	3.404513386623118e-07
132.0	1331.4468663767273	5.2e-06	0.49263073380027045	0.4926407330422256	0.4926503195613696	6.9145279031626106e-06
132.0	1331.4468663767273	5.600000000000001e-06	0.4926255621802973	0.4926337534274248	0.49264413722115563	5.8515319702711805e-06
132.0	1331.4468663767273	6e-06	0.4926222376999938	0.49262891349605464	0.49263866325580885	4.829729748404798e-06
132.0	1331.4468663767273	6.4e-06	0.4926202873555292	0.4926254751381133	0.49263389491143617	3.8922599058403995e-06
132.0	1331.4468663767273	6.8e-06	0.4926182440045377	0.49262261436634797	0.4926297804023676	3.191638396472307e-06
132.0	1331.4468663767273	7.2e-06	0.4926167650539801	0.49262043857291615	0.49262622215275975	2.5290778241910856e-06
132.0	1331.4468663767273	7.6e-06	0.49261544290048676	0.49261851431748177	0.4926231004825752	1.997813697516626e-06
132.0	1331.4468663767273	8e-06	0.4926143781994039	0.4926168401122489	0.4926203164602301	1.5097407208107876e-06
132.0	1331.4468663767273	8.4e-06	0.492613187735075	0.49261524452849204	0.49261778492279085	1.115727140285228e-06
132.0	1331.4468663767273	8.8e-06	0.49261261729397	0.4926137652739506	0.492615433687436	7.306468932875738e-07
132.0	1331.4468663767273	9.2e-06	0.49261158298370233	0.4926122900818814	0.49261320076229076	4.170058736902073e-07
132.0	1331.4468663767273	9.600000000000001e-06	0.4926104459858127	0.4926108267661095	0.49261107552389216	1.403954238730415e-07
132.0	1331.4468663767273	9.999999999999999e-06	0.49260883536185496	0.49260937860380605	0.49260967930469146	1.8504997582257405e-07
132.0	1331.4468663767273	1.04e-05	0.492606639353399	0.4926079489996707	0.4926091100524248	5.124877293246752e-07
132.0	1331.4468663767273	1.08e-05	0.4926043507574551	0.4926064610725097	0.4926080127159622	8.472407907829177e-07
132.0	1331.4468663767273	1.1200000000000001e-05	0.4926019101120671	0.49260493673731603	0.4926070068693065	1.2484447038905834e-06
132.0	1331.4468663767273	1.16e-05	0.49259925006255223	0.49260325895554236	0.49260589967509993	1.6842059415004067e-06
132.0	1331.4468663767273	1.2e-05	0.4925962947676874	0.49260141519994055	0.4926046515520879	2.2158257424253546e-06
132.0	1331.4468663767273	1.24e-05	0.49259296236219097	0.49259908162888627	0.492602966408894	2.7680213395621e-06
132.0	1331.4468663767273	1.28e-05	0.4925891670669795	0.49259633075825227	0.4926014041852058	3.4930486769147835e-06
132.0	1331.4468663767273	1.32e-05	0.4925848837500162	0.49259255205081287	0.49259879581615795	4.268434012565706e-06
132.0	1331.4468663767273	1.36e-05	0.4925801589093002	0.4925872018646538	0.49259482902496554	5.063783296067179e-06
132.0	1331.4468663767273	1.4e-05	0.4925747523916826	0.49257498173935843	0.4925752190137658	1.1346733350277346e-07
132.0	1331.4468663767273	1.44e-05	0.4925550081349428	0.49256273993031524	0.4925702691353102	5.213275007237874e-06
132.0	1331.4468663767273	1.48e-05	0.4925511803607181	0.4925575256759599	0.4925656534089766	4.417707810530914e-06
132.0	1331.4468663767273	1.52e-05	0.49254873302294566	0.4925539202359067	0.492561541046606	3.6526204519113564e-06
132.0	1331.4468663767273	1.56e-05	0.49254730416758186	0.492551368905526	0.4925579688681685	2.9523530851652628e-06
132.0	1331.4468663767273	1.6e-05	0.4925458090318289	0.49254925259276555	0.49255489977278	2.430110953670388e-06
132.0	1331.4468663767273	1.6400000000000002e-05	0.4925447382154422	0.49254765261741246	0.4925522528675259	1.938889425620957e-06
132.0	1331.4468663767273	1.68e-05	0.49254381178954443	0.49254624483435955	0.49254994122414164	1.545453729198644e-06
132.0	1331.4468663767273	1.7199999999999998e-05	0.4925430048716457	0.4925450291054307	0.49254789039379165	1.1852327402264503e-06
132.0	1331.4468663767273	1.76e-05	0.4925421555296543	0.49254387549357265	0.4925460366248213	8.959690304403421e-07
132.0	1331.4468663767273	1.8e-05	0.49254175567813974	0.4925428133114361	0.4925443262525864	6.149627393264737e-07
132.0	1331.4468663767273	1.84e-05	0.4925410553317837	0.4925417572768211	0.4925427136172278	3.8901341762413175e-07
132.0	1331.4468663767273	1.88e-05	0.492540280475704	0.4925407135844366	0.4925411586096704	1.8995632394803058e-07
132.0	1331.4468663767273	1.9200000000000003e-05	0.4925394905432272	0.4925396845664062	0.49253987898759277	7.577860342396324e-08
132.0	1331.4468663767273	1.9600000000000002e-05	0.4925380460961595	0.49253867202078927	0.49253932777306986	2.728617451386975e-07
132.0	1331.4468663767273	1.9999999999999998e-05	0.4925364453633678	0.49253762633831977	0.49253853083465504	5.011666170704958e-07
132.0	1331.4468663767273	2.04e-05	0.49253475166050986	0.4925365607210076	0.492537821143622	7.746765699009127e-07
132.0	1331.4468663767273	2.08e-05	0.4925329193911887	0.4925353993872323	0.49253702567554214	1.0713650875152365e-06
132.0	1331.4468663767273	2.12e-05	0.49253089768311664	0.4925341323469241	0.49253616259740784	1.4323870449100177e-06
132.0	1331.4468663767273	2.16e-05	0.4925286328290879	0.4925325437765153	0.49253501202792815	1.8048529670619743e-06
132.0	1331.4468663767273	2.2e-05	0.49252606921964937	0.4925306805311047	0.49253394948637474	2.2915660512758223e-06
132.0	1331.4468663767273	2.2400000000000002e-05	0.49252318672764517	0.4925281381930023	0.4925321882163578	2.8096569245065892e-06
132.0	1331.4468663767273	2.28e-05	0.4925200205893727	0.4925245569045783	0.49252952896432856	3.3399935228661753e-06
132.0	1331.4468663767273	2.32e-05	0.4925161806674234	0.49251643216525187	0.49251672076053676	1.2592551804198031e-07
132.0	1331.4468663767273	2.36e-05	0.4925030714377776	0.4925082824350208	0.49251342950207366	3.4973508706416317e-06
132.0	1331.4468663767273	2.4e-05	0.4925005515001013	0.4925048352480216	0.49251037272583975	2.968119712358497e-06
132.0	1331.4468663767273	2.44e-05	0.4924989527421868	0.49250246487181554	0.4925076616147379	2.4607381383190736e-06
132.0	1331.4468663767273	2.48e-05	0.4924980264677856	0.49250080036769306	0.492505319108294	1.9988708743474907e-06
132.0	1331.4468663767273	2.5200000000000003e-05	0.49249706418386463	0.4924994282358173	0.492503320431946	1.6563284844655417e-06
132.0	1331.4468663767273	2.56e-05	0.4924963837624414	0.49249840400638634	0.49250160868211346	1.3364895177217617e-06
132.0	1331.4468663767273	2.6e-05	0.4924957954790523	0.4924975121490991	0.4925001271149867	1.0818352811853127e-06
132.0	1331.4468663767273	2.64e-05	0.492495292354703	0.49249675440354995	0.49249882640445186	8.495706601546248e-07
132.0	1331.4468663767273	2.68e-05	0.49249477014627097	0.4924960422218501	0.49249766472038026	6.654601337072064e-07
132.0	1331.4468663767273	2.72e-05	0.4924945311441995	0.4924953964052258	0.49249660731921807	4.886496518024977e-07
132.0	1331.4468663767273	2.76e-05	0.4924941064945143	0.49249475877456883	0.4924956251952448	3.506379978697335e-07
132.0	1331.4468663767273	2.8e-05	0.49249364181622823	0.49249413390904445	0.49249469352317377	2.316865132413625e-07
132.0	1331.4468663767273	2.8400000000000003e-05	0.4924931792908218	0.4924935232008177	0.49249379015601047	1.2251229484451343e-07
132.0	1331.4468663767273	2.88e-05	0.4924927250070299	0.4924929268518344	0.4924931646984607	7.45310118528331e-08
132.0	1331.4468663767273	2.92e-05	0.49249188854884896	0.4924923223193896	0.4924927066984761	1.7169396234061624e-07
132.0	1331.4468663767273	2.96e-05	0.49249101316541566	0.49249171424062754	0.4924922948897805	3.12823089426131e-07
132.0	1331.4468663767273	2.9999999999999997e-05	0.4924900226807143	0.49249106804777626	0.49249184349660613	4.692990317579366e-07
132.0	1331.4468663767273	3.04e-05	0.49248893725046106	0.4924903759224354	0.49249136186447373	6.587109479604272e-07
132.0	1331.4468663767273	3.0799999999999996e-05	0.49248774107655713	0.49248953021566566	0.49249071177381776	8.513629296134437e-07
132.0	1331.4468663767273	3.12e-05	0.4924864110498266	0.49248855205516984	0.4924901453717698	1.0998431847933382e-06
132.0	1331.4468663767273	3.16e-05	0.4924849326043299	0.49248724224470436	0.4924892224488939	1.3606155228555153e-06
132.0	1331.4468663767273	3.2e-05	0.4924832665472785	0.4924854242079056	0.4924878593270696	1.6254925626197908e-06
132.0	1331.4468663767273	3.2399999999999995e-05	0.4924811341204549	0.4924813820546494	0.49248166795053194	1.2703496205591912e-07
132.0	1331.4468663767273	3.2800000000000004e-05	0.4924746489211991	0.49247731406684053	0.4924800364007069	1.783945385621586e-06
132.0	1331.4468663767273	3.32e-05	0.4924734279078695	0.49247562929566974	0.49247853935876673	1.5200195886888114e-06
132.0	1331.4468663767273	3.36e-05	0.4924726717429557	0.4924744905460492	0.49247722994576026	1.2696852531717184e-06
132.0	1331.4468663767273	3.4e-05	0.49247224426187675	0.49247371019752423	0.49247612060252344	1.045615525271198e-06
132.0	1331.4468663767273	3.4399999999999996e-05	0.49247181126969863	0.4924730799111103	0.49247519144194296	8.823450105092265e-07
132.0	1331.4468663767273	3.4800000000000006e-05	0.4924715178477337	0.49247262947218196	0.4924744144811424	7.332684020816484e-07
132.0	1331.4468663767273	3.52e-05	0.4924712664154489	0.492472251623668	0.49247376222653294	6.169598929403163e-07
132.0	1331.4468663767273	3.56e-05	0.49247106490802306	0.49247194994851934	0.49247321044271253	5.121393811226062e-07
132.0	1331.4468663767273	3.6e-05	0.492470867078425	0.4924716772339837	0.49247273916726186	4.326027721732674e-07
132.0	1331.4468663767273	3.64e-05	0.4924707879129544	0.492471445722966	0.49247233249648925	3.590349726534121e-07
132.0	1331.4468663767273	3.68e-05	0.4924706373055381	0.4924712243425132	0.4924719779612401	3.072952390205797e-07
132.0	1331.4468663767273	3.72e-05	0.4924704818037444	0.49247101603687077	0.4924716658517889	2.672443190356912e-07
132.0	1331.4468663767273	3.76e-05	0.49247033754438707	0.49247082125152747	0.4924713886199763	2.3368005981534898e-07
132.0	1331.4468663767273	3.7999999999999995e-05	0.4924702144242339	0.49247063860917695	0.49247114038711626	2.0511294208998308e-07
132.0	1331.4468663767273	3.8400000000000005e-05	0.49247011570304977	0.49247047227144797	0.4924709165502348	1.8072413438982233e-07
132.0	1331.4468663767273	3.88e-05	0.4924700128748434	0.4924703184164448	0.49247071346988314	1.5828993810319096e-07
132.0	1331.4468663767273	3.9200000000000004e-05	0.49246993921053406	0.4924701830668505	0.49247052822217174	1.3616205544860436e-07
132.0	1331.4468663767273	3.96e-05	0.49246984795633164	0.49247006048018316	0.4924703583967709	1.1483044372742923e-07
132.0	1331.4468663767273	3.9999999999999996e-05	0.49246976052790625	0.49246994945971695	0.492470201918489	9.768264968453006e-08
132.0	1331.4468663767273	4.0400000000000006e-05	0.49246968266570956	0.4924698453410131	0.49247005687127654	8.210635560311599e-08
132.0	1331.4468663767273	4.08e-05	0.49246961572905157	0.49246974957723627	0.4924699213849566	6.969796309142224e-08
132.0	1331.4468663767273	4.12e-05	0.4924695557049805	0.49246966211932236	0.49246979425824033	5.963718370668768e-08
132.0	1331.4468663767273	4.16e-05	0.49246948488148945	0.4924695845016882	0.49246968491401244	5.360913162039526e-08
132.0	1331.4468663767273	4.2e-05	0.49246944235197443	0.4924695420812069	0.49246963090116136	4.9036796706809236e-08
133.0	1334.2216843486683	0.0	0.49439048948194486	0.4943935932836128	0.49439514599351053	1.024572035872527e-06
133.0	1334.2216843486683	4e-07	0.4943885094047946	0.4943916958237481	0.4943933381973382	1.061912339560329e-06
133.0	1334.2216843486683	8e-07	0.4943863305205012	0.49438981840073	0.49439184062773034	1.1832167942448445e-06
133.0	1334.2216843486683	1.2000000000000002e-06	0.49438393948888937	0.4943879649615542	0.4943910017318416	1.4188511668436236e-06
133.0	1334.2216843486683	1.6e-06	0.4943813034863105	0.49438601180780045	0.4943894118239154	1.707124009599724e-06
133.0	1334.2216843486683	2e-06	0.49437837237276394	0.4943840099342953	0.49438797823291125	2.1192740978430084e-06
133.0	1334.2216843486683	2.4000000000000003e-06	0.49437507846532647	0.49438179027109586	0.4943863649043454	2.6095872214532974e-06
133.0	1334.2216843486683	2.8000000000000003e-06	0.4943713374916605	0.49437934234940484	0.49438466899461453	3.240828150058509e-06
133.0	1334.2216843486683	3.2e-06	0.4943670446388948	0.49437622987967955	0.4943823438754791	3.9192562947716055e-06
133.0	1334.2216843486683	3.6e-06	0.4943621118444401	0.4943725643819272	0.4943802335576333	4.841156420155879e-06
133.0	1334.2216843486683	4e-06	0.49435650388609265	0.4943675182418161	0.4943767054399615	5.837288850609469e-06
133.0	1334.2216843486683	4.4e-06	0.49435028659521496	0.49436036875558265	0.49437134818651973	6.863222874645095e-06
133.0	1334.2216843486683	4.800000000000001e-06	0.49434329522210163	0.4943440124840247	0.49434467500684676	3.404039579361293e-07
133.0	1334.2216843486683	5.2e-06	0.4943176827105509	0.49432768194070664	0.4943372683879552	6.914525395926813e-06
133.0	1334.2216843486683	5.600000000000001e-06	0.4943125109804942	0.4943207022977684	0.49433108616467525	5.851535901965104e-06
133.0	1334.2216843486683	6e-06	0.4943091864879836	0.49431586234572394	0.4943256121803996	4.82973468703251e-06
133.0	1334.2216843486683	6.4e-06	0.49430723614068395	0.4943124239723144	0.49432084381850583	3.892263693163501e-06
133.0	1334.2216843486683	6.8e-06	0.49430519277999174	0.4943095631875189	0.4943167292921453	3.1916401895794536e-06
133.0	1334.2216843486683	7.2e-06	0.4943037138321005	0.49430738738122376	0.494313171027593	2.529079807572193e-06
133.0	1334.2216843486683	7.6e-06	0.49430239168833445	0.49430546311252865	0.4943100493433823	1.9978170425225104e-06
133.0	1334.2216843486683	8e-06	0.4943013269740666	0.49430378889581056	0.49430726530774827	1.509744206674256e-06
133.0	1334.2216843486683	8.4e-06	0.49430013655441574	0.4943021933025112	0.4943047337575788	1.115728706838958e-06
133.0	1334.2216843486683	8.8e-06	0.4942995661660641	0.49430071403876225	0.4943023825098729	7.306474039323182e-07
133.0	1334.2216843486683	9.2e-06	0.4942985318486546	0.494299238837708	0.4943001495725525	4.1700341840905016e-07
133.0	1334.2216843486683	9.600000000000001e-06	0.4942973948385765	0.49429777551333837	0.4942980241891002	1.403817953802787e-07
133.0	1334.2216843486683	9.999999999999999e-06	0.4942957841473472	0.4942963273428468	0.49429662799547813	1.850409874390871e-07
133.0	1334.2216843486683	1.04e-05	0.4942935881254922	0.49429489773083285	0.4942960587913561	5.124901049991651e-07
133.0	1334.2216843486683	1.08e-05	0.4942912995149804	0.4942934097950906	0.4942949614385004	8.472470795991221e-07
133.0	1334.2216843486683	1.1200000000000001e-05	0.49428885885329077	0.49429188545257746	0.49429395557743394	1.2484572572207548e-06
133.0	1334.2216843486683	1.16e-05	0.4942861987850433	0.4942902076628741	0.49429284838692755	1.6842259022600504e-06
133.0	1334.2216843486683	1.2e-05	0.4942832434682032	0.4942883638964824	0.4942916002443427	2.2158532246768564e-06
133.0	1334.2216843486683	1.24e-05	0.4942799110367506	0.49428603030786683	0.49428991508793807	2.7680541998799116e-06
133.0	1334.2216843486683	1.28e-05	0.49427611571039254	0.4942832794162722	0.49428835284548	3.493090239175648e-06
133.0	1334.2216843486683	1.32e-05	0.4942718323568398	0.49427950067881943	0.49428574445210494	4.268487153657745e-06
133.0	1334.2216843486683	1.36e-05	0.4942671074744762	0.49427415044831635	0.49428177762481607	5.063853905626681e-06
133.0	1334.2216843486683	1.4e-05	0.49426170085723786	0.49426193019890996	0.4942621675346013	1.134655024203698e-07
133.0	1334.2216843486683	1.44e-05	0.49424195636064105	0.4942496882872587	0.49425721761059016	5.213300435906246e-06
133.0	1334.2216843486683	1.48e-05	0.4942381285494397	0.4942444739794616	0.4942526018407598	4.417736123872294e-06
133.0	1334.2216843486683	1.52e-05	0.4942356811887798	0.4942408685011882	0.4942484894385455	3.6526462782836687e-06
133.0	1334.2216843486683	1.56e-05	0.4942342523243832	0.49423831714293315	0.49424491722431796	2.9523746052612893e-06
133.0	1334.2216843486683	1.6e-05	0.4942327571723384	0.49423620080685077	0.49424184809629335	2.430128136821275e-06
133.0	1334.2216843486683	1.6400000000000002e-05	0.49423168635431036	0.4942346008108629	0.49423920116246745	1.938904769005117e-06
133.0	1334.2216843486683	1.68e-05	0.4942307599058875	0.49423319300775137	0.4942368894931759	1.5454688365957135e-06
133.0	1334.2216843486683	1.7199999999999998e-05	0.4942299529858385	0.4942319772615245	0.4942348386390423	1.1852468498487684e-06
133.0	1334.2216843486683	1.76e-05	0.49422910364280437	0.49423082363463827	0.4942329848479279	8.959806769047302e-07
133.0	1334.2216843486683	1.8e-05	0.4942287037725075	0.49422976143828384	0.494231274454747	6.149736940733267e-07
133.0	1334.2216843486683	1.84e-05	0.49422800341517803	0.4942287053897151	0.4942296617992161	3.890239030814204e-07
133.0	1334.2216843486683	1.88e-05	0.49422722853891976	0.4942276616838526	0.4942281067718266	1.8996869044921562e-07
133.0	1334.2216843486683	1.9200000000000003e-05	0.4942264385334596	0.49422663265285666	0.4942268271121568	7.580250595485698e-08
133.0	1334.2216843486683	1.9600000000000002e-05	0.4942249942173298	0.49422562009467613	0.4942262759924487	2.7287459066063727e-07
133.0	1334.2216843486683	1.9999999999999998e-05	0.4942233934625637	0.4942245743988264	0.49422547904136316	5.011798377635501e-07
133.0	1334.2216843486683	2.04e-05	0.49422169973570007	0.49422350876933985	0.49422476921310654	7.74695361969314e-07
133.0	1334.2216843486683	2.08e-05	0.49421986743944313	0.49422234742242416	0.49422397371394133	1.0713916467407864e-06
133.0	1334.2216843486683	2.12e-05	0.49421784570047045	0.4942210803656951	0.49422311061193813	1.4324220561385024e-06
133.0	1334.2216843486683	2.16e-05	0.494215580810466	0.4942194917707287	0.4942219600240829	1.8048944596966234e-06
133.0	1334.2216843486683	2.2e-05	0.49421301715920674	0.4942176284962313	0.4942208974590123	2.29161791492724e-06
133.0	1334.2216843486683	2.2400000000000002e-05	0.49421013461831453	0.4942150861171885	0.494219136156798	2.809722253487009e-06
133.0	1334.2216843486683	2.28e-05	0.4942069684250212	0.4942115047692063	0.4942164768572912	3.340078355043582e-06
133.0	1334.2216843486683	2.32e-05	0.49420312831091007	0.4942033798719266	0.49420366853783193	1.2594883808637084e-07
133.0	1334.2216843486683	2.36e-05	0.49419001884655334	0.4941952300050144	0.49420037722021615	3.497392731925598e-06
133.0	1334.2216843486683	2.4e-05	0.49418749886182756	0.4941917827505652	0.494197320388027	2.9681623465956753e-06
133.0	1334.2216843486683	2.44e-05	0.4941859000750366	0.4941894123267216	0.4941946092262137	2.4607763071672974e-06
133.0	1334.2216843486683	2.48e-05	0.49418497378814497	0.4941877477883425	0.49419226667478355	1.9989030133342285e-06
133.0	1334.2216843486683	2.5200000000000003e-05	0.49418401148460944	0.4941863756280364	0.4941902679583894	1.6563550619614102e-06
133.0	1334.2216843486683	2.56e-05	0.4941833310595376	0.4941853513743855	0.4941885561736745	1.3365132109484508e-06
133.0	1334.2216843486683	2.6e-05	0.4941827427515353	0.49418445949408574	0.4941870745754269	1.08185796165662e-06
133.0	1334.2216843486683	2.64e-05	0.49418223962343255	0.49418370172899756	0.49418577383679807	8.495917382865664e-07
133.0	1334.2216843486683	2.68e-05	0.4941817174128804	0.49418298953030465	0.49418461212701725	6.654784220051984e-07
133.0	1334.2216843486683	2.72e-05	0.4941814783916465	0.49418234369787123	0.49418355470196573	4.886670162591648e-07
133.0	1334.2216843486683	2.76e-05	0.4941810537298199	0.49418170605177203	0.4941825725554114	3.506548205129356e-07
133.0	1334.2216843486683	2.8e-05	0.49418058902964734	0.4941810811714346	0.494181640861564	2.3170392864952673e-07
133.0	1334.2216843486683	2.8400000000000003e-05	0.4941801264920551	0.4941804704490659	0.4941807374729157	1.225358152701688e-07
133.0	1334.2216843486683	2.88e-05	0.49417967213383385	0.49417987408645925	0.49418011208100676	7.456983343593784e-08
133.0	1334.2216843486683	2.92e-05	0.4941788356519803	0.49417926953977986	0.4941796540680663	1.7171616070951974e-07
133.0	1334.2216843486683	2.96e-05	0.49417796024248695	0.494178661448156	0.49417924224592014	3.128452964100598e-07
133.0	1334.2216843486683	2.9999999999999997e-05	0.49417696990107096	0.4941780152418126	0.49417879084976146	4.693269103788051e-07
133.0	1334.2216843486683	3.04e-05	0.49417588444037275	0.4941773230999341	0.49417830920369177	6.587460183761438e-07
133.0	1334.2216843486683	3.0799999999999996e-05	0.4941746882314364	0.4941764773689165	0.49417765910069633	8.514035365334439e-07
133.0	1334.2216843486683	3.12e-05	0.4941733581641454	0.4941754991800176	0.4941770926829099	1.099893285158199e-06
133.0	1334.2216843486683	3.16e-05	0.4941718796726162	0.4941741893301238	0.49417616973709855	1.360678297499551e-06
133.0	1334.2216843486683	3.2e-05	0.4941702133627883	0.49417237123650903	0.4941748065789451	1.6255741982177279e-06
133.0	1334.2216843486683	3.2399999999999995e-05	0.4941680809232558	0.4941683289334571	0.4941686149108264	1.2706598318921075e-07
133.0	1334.2216843486683	3.2800000000000004e-05	0.4941615955032086	0.49416426081644876	0.4941669833053979	1.7839873803046434e-06
133.0	1334.2216843486683	3.32e-05	0.49416037444561933	0.49416257598166063	0.49416548621116085	1.5200632001265018e-06
133.0	1334.2216843486683	3.36e-05	0.49415961825419785	0.4941614371873946	0.4941641767510738	1.2697253815370891e-06
133.0	1334.2216843486683	3.4e-05	0.4941591907620042	0.49416065680716137	0.4941630673667179	1.0456506795058323e-06
133.0	1334.2216843486683	3.4399999999999996e-05	0.49415875775214246	0.49416002649469676	0.49416213817031807	8.823756094283082e-07
133.0	1334.2216843486683	3.4800000000000006e-05	0.4941584643283239	0.4941595760338997	0.49416136117834686	7.332971489302674e-07
133.0	1334.2216843486683	3.52e-05	0.49415821287279194	0.49415919816486353	0.494160708896513	6.169885618519794e-07
133.0	1334.2216843486683	3.56e-05	0.49415801136296267	0.4941588964729961	0.49416015708880234	5.12167400765259e-07
133.0	1334.2216843486683	3.6e-05	0.4941578135335174	0.4941586237444962	0.4941596857922903	4.326289824445044e-07
133.0	1334.2216843486683	3.64e-05	0.4941577343504706	0.49415839222105024	0.49415927910288016	3.590609044166979e-07
133.0	1334.2216843486683	3.68e-05	0.4941575837327177	0.49415817082877433	0.4941589245510869	3.073210002640145e-07
133.0	1334.2216843486683	3.72e-05	0.4941574282110164	0.49415796251226324	0.4941586124269133	2.6726978757228437e-07
133.0	1334.2216843486683	3.76e-05	0.49415728394253566	0.49415776771707165	0.4941583351819734	2.3370509258349178e-07
133.0	1334.2216843486683	3.7999999999999995e-05	0.49415716081391015	0.49415758506567203	0.4941580869373894	2.0513775351888457e-07
133.0	1334.2216843486683	3.8400000000000005e-05	0.49415706208999044	0.4941574187193331	0.4941578630900141	1.8075004957842392e-07
133.0	1334.2216843486683	3.88e-05	0.4941569592512032	0.49415726485792033	0.49415766000025574	1.5831602245979442e-07
133.0	1334.2216843486683	3.9200000000000004e-05	0.49415688557108695	0.49415712950349905	0.4941574747441049	1.3618893122183353e-07
133.0	1334.2216843486683	3.96e-05	0.494156794303807	0.4941570069111874	0.4941573049111394	1.14860828134402e-07
133.0	1334.2216843486683	3.9999999999999996e-05	0.4941567068858337	0.4941568958830098	0.49415714842611624	9.771937704552649e-08
133.0	1334.2216843486683	4.0400000000000006e-05	0.4941566290128465	0.49415679175766686	0.4941570033729912	8.215098056259837e-08
133.0	1334.2216843486683	4.08e-05	0.4941565620540862	0.4941566959887471	0.49415686788170365	6.97511318591887e-08
133.0	1334.2216843486683	4.12e-05	0.4941565019862546	0.49415660852877014	0.4941567407514933	5.969995058183159e-08
133.0	1334.2216843486683	4.16e-05	0.4941564312028097	0.49415653091410244	0.4941566314112835	5.3676979373787263e-08
133.0	1334.2216843486683	4.2e-05	0.494156388672935	0.49415648853986505	0.4941565774129444	4.909757143098541e-08
134.0	1336.9965023206094	0.0	0.4960806226478409	0.4960837264289097	0.4960852791118766	1.024559898926425e-06
134.0	1336.9965023206094	4e-07	0.4960786425703887	0.49608182896887504	0.49608347136617414	1.0619010430267769e-06
134.0	1336.9965023206094	8e-07	0.49607646368496017	0.49607995154562085	0.49608197379725194	1.1832082022559986e-06
134.0	1336.9965023206094	1.2000000000000002e-06	0.4960740726513153	0.4960780981061288	0.4960811349152001	1.418847371412243e-06
134.0	1336.9965023206094	1.6e-06	0.496071436645642	0.4960761449510727	0.49607954499622764	1.707123190035781e-06
134.0	1336.9965023206094	2e-06	0.49606850552769366	0.4960741430774446	0.49607811139459024	2.119278570581667e-06
134.0	1336.9965023206094	2.4000000000000003e-06	0.49606521161422457	0.49607192341373246	0.49607649807198406	2.6095977424449244e-06
134.0	1336.9965023206094	2.8000000000000003e-06	0.49606147063250816	0.4960694754889402	0.4960748021482013	3.2408441941928406e-06
134.0	1336.9965023206094	3.2e-06	0.49605717776921754	0.4960663630111348	0.49607247702147195	3.919275447492896e-06
134.0	1336.9965023206094	3.6e-06	0.4960522449613105	0.4960626975037545	0.49607036669091453	4.8411812179075385e-06
134.0	1336.9965023206094	4e-06	0.49604663698653706	0.4960576513493926	0.4960668385588072	5.837321563423993e-06
134.0	1336.9965023206094	4.4e-06	0.49604041967653334	0.4960505018417798	0.4960614812844124	6.863268974512549e-06
134.0	1336.9965023206094	4.800000000000001e-06	0.496033428305128	0.4960341455012141	0.4960348079329693	3.40355057952758e-07
134.0	1336.9965023206094	5.2e-06	0.496007815692284	0.4960178149123466	0.49602740128631684	6.914523869208999e-06
134.0	1336.9965023206094	5.600000000000001e-06	0.496002643849633	0.4960108352406427	0.4960212191838469	5.851540657921347e-06
134.0	1336.9965023206094	6e-06	0.495999319344695	0.49600599526748923	0.49601574518012015	4.829740323368102e-06
134.0	1336.9965023206094	6.4e-06	0.4959973689944599	0.49600255687830797	0.4960109768002319	3.8922680663268115e-06
134.0	1336.9965023206094	6.8e-06	0.4959953256239009	0.4959996960802218	0.4960068622562055	3.191642493477621e-06
134.0	1336.9965023206094	7.2e-06	0.4959938466786342	0.49599752026088406	0.49600330397632675	2.5290822167068883e-06
134.0	1336.9965023206094	7.6e-06	0.4959925245454606	0.49599559597879594	0.4960001822777489	1.997820702695463e-06
134.0	1336.9965023206094	8e-06	0.49599145981803083	0.49599392175045265	0.49599739822851596	1.5097479425753494e-06
134.0	1336.9965023206094	8.4e-06	0.4959902694433076	0.49599232614745353	0.4959948666653311	1.1157304836349345e-06
134.0	1336.9965023206094	8.8e-06	0.4959896991100594	0.4959908468743518	0.49599251540500955	7.306480589349092e-07
134.0	1336.9965023206094	9.2e-06	0.49598866478538817	0.4959893716641587	0.4959902824552609	4.170010319067874e-07
134.0	1336.9965023206094	9.600000000000001e-06	0.49598752776323085	0.49598790833102735	0.4959881569227651	1.4036801375928316e-07
134.0	1336.9965023206094	9.999999999999999e-06	0.4959859170047505	0.4959864601521744	0.4959867607556161	1.8503170127925786e-07
134.0	1336.9965023206094	1.04e-05	0.49598372096924415	0.49598503053210174	0.4959861915979209	5.124923296409761e-07
134.0	1336.9965023206094	1.08e-05	0.49598143234390246	0.49598354258759064	0.49598509422847137	8.472532912943525e-07
134.0	1336.9965023206094	1.1200000000000001e-05	0.4959789916656252	0.49598201823754	0.495984088352869	1.2484697823108216e-06
134.0	1336.9965023206094	1.16e-05	0.49597633157833254	0.4959803404396366	0.4959829811659775	1.6842458386613567e-06
134.0	1336.9965023206094	1.2e-05	0.49597337623916093	0.4959784966621859	0.49598173300356674	2.215880737596475e-06
134.0	1336.9965023206094	1.24e-05	0.49597004378137477	0.4959761630556919	0.49598004783370975	2.7680871579419948e-06
134.0	1336.9965023206094	1.28e-05	0.4959662484233851	0.4959734121427523	0.49597848557219937	3.4931319733853685e-06
134.0	1336.9965023206094	1.32e-05	0.4959619650326772	0.4959696333747648	0.4959758771540752	4.268540536965954e-06
134.0	1336.9965023206094	1.36e-05	0.4959572401080159	0.4959642830991808	0.49597191029010723	5.063924797284873e-06
134.0	1336.9965023206094	1.4e-05	0.49595183338825866	0.4959520627241462	0.4959523001230792	1.134640746721361e-07
134.0	1336.9965023206094	1.44e-05	0.4959320886460885	0.495939820707871	0.49594735015278335	5.213327071033995e-06
134.0	1336.9965023206094	1.48e-05	0.49592826079738295	0.4959346063458468	0.495942734338751	4.4177654543098266e-06
134.0	1336.9965023206094	1.52e-05	0.49592581341353537	0.49593100082881264	0.4959386218960429	3.652672970112979e-06
134.0	1336.9965023206094	1.56e-05	0.495924384539963	0.4959284494423068	0.49593504964544355	2.952396860687378e-06
134.0	1336.9965023206094	1.6e-05	0.49592288937141404	0.4959263330825825	0.49593198048426324	2.4301459680135857e-06
134.0	1336.9965023206094	1.6400000000000002e-05	0.4959218185516665	0.4959247330657377	0.49592933352141255	1.938920668184874e-06
134.0	1336.9965023206094	1.68e-05	0.49592089208051693	0.49592332524239885	0.4959270218258114	1.545484386844894e-06
134.0	1336.9965023206094	1.7199999999999998e-05	0.49592008515818975	0.4959221094787039	0.4959249709475353	1.1852613422140055e-06
134.0	1336.9965023206094	1.76e-05	0.49591923581403385	0.495920955836604	0.4959231171339491	8.959926797745577e-07
134.0	1336.9965023206094	1.8e-05	0.49591883592510744	0.49591989362586153	0.4959214067195168	6.149849769290195e-07
134.0	1336.9965023206094	1.84e-05	0.49591813555674413	0.49591883756316085	0.49591979404352404	3.8903472534494773e-07
134.0	1336.9965023206094	1.88e-05	0.4959173606601146	0.49591779384363305	0.4959182389960217	1.8998150378929308e-07
134.0	1336.9965023206094	1.9200000000000003e-05	0.4959165705819055	0.4959167647994755	0.4959169592980004	7.5827114704401e-08
134.0	1336.9965023206094	1.9600000000000002e-05	0.49591512639998925	0.49591575222852957	0.49591640827287353	2.7288755904744845e-07
134.0	1336.9965023206094	1.9999999999999998e-05	0.4959135256229583	0.4959147065190907	0.4959156113091101	5.011931354790938e-07
134.0	1336.9965023206094	2.04e-05	0.49591183187177457	0.49591364087719125	0.4959149013408197	7.747142304043065e-07
134.0	1336.9965023206094	2.08e-05	0.495909999548239	0.4959124795168437	0.49591410580944206	1.0714182625257576e-06
134.0	1336.9965023206094	2.12e-05	0.495907977777982	0.4959112124434042	0.4959132426833053	1.432457165572924e-06
134.0	1336.9965023206094	2.16e-05	0.4959057128515596	0.49590962382354076	0.49591209207681963	1.8049361113160302e-06
134.0	1336.9965023206094	2.2e-05	0.49590314915793154	0.49590776051954844	0.4959110294879343	2.2916700073171187e-06
134.0	1336.9965023206094	2.2400000000000002e-05	0.49590026656754915	0.4959052180990145	0.4959092681530839	2.8097878795372234e-06
134.0	1336.9965023206094	2.28e-05	0.49589710031855017	0.49590163669069964	0.495906608805492	3.3401635232018494e-06
134.0	1336.9965023206094	2.32e-05	0.49589326000684064	0.49589351163387524	0.49589380037232367	1.2597301274405876e-07
134.0	1336.9965023206094	2.36e-05	0.4958801503046475	0.4958853616281842	0.4958905089947967	3.49743584919869e-06
134.0	1336.9965023206094	2.4e-05	0.4958776302723251	0.49588191430547135	0.495887452105924	2.9682060425255686e-06
134.0	1336.9965023206094	2.44e-05	0.49587603145634773	0.49587954383343424	0.4958847408927314	2.4608153828097177e-06
134.0	1336.9965023206094	2.48e-05	0.49587510515682	0.49587787926041504	0.49588239829572256	1.9989359274230667e-06
134.0	1336.9965023206094	2.5200000000000003e-05	0.4958741428334559	0.4958765070713554	0.49588039953866403	1.656382327044309e-06
134.0	1336.9965023206094	2.56e-05	0.49587346240465635	0.49587548279326416	0.4958786877186121	1.33653750044082e-06
134.0	1336.9965023206094	2.6e-05	0.49587287407184544	0.4958745908897879	0.4958772060888412	1.081881127622617e-06
134.0	1336.9965023206094	2.64e-05	0.4958723709398658	0.49587383310499783	0.4958759053217614	8.496132458079249e-07
134.0	1336.9965023206094	2.68e-05	0.4958718487271172	0.49587312088913515	0.49587474358594896	6.654971180964016e-07
134.0	1336.9965023206094	2.72e-05	0.4958716096868816	0.49587247504073334	0.49587368613671323	4.886847662404862e-07
134.0	1336.9965023206094	2.76e-05	0.49587118501286387	0.495871837379026	0.4958727039672981	3.5067203613292756e-07
134.0	1336.9965023206094	2.8e-05	0.4958707202906325	0.49587121248370136	0.49587177225141055	2.3172179387845385e-07
134.0	1336.9965023206094	2.8400000000000003e-05	0.4958702577407106	0.4958706017470087	0.49587086884101694	1.2255998971814854e-07
134.0	1336.9965023206094	2.88e-05	0.49586980330830244	0.49587000537059234	0.4958702435140294	7.46094622932489e-08
134.0	1336.9965023206094	2.92e-05	0.4958689668025098	0.4958694008094884	0.49586978548813665	1.7173867194081953e-07
134.0	1336.9965023206094	2.96e-05	0.4958680913666651	0.49586879270478584	0.4958693736524742	3.1286767108205954e-07
134.0	1336.9965023206094	2.9999999999999997e-05	0.4958671011716751	0.4958681464846863	0.4958689222529964	4.6935487663373746e-07
134.0	1336.9965023206094	3.04e-05	0.4958660156802077	0.4958674543260154	0.49586844059297785	6.587811802897213e-07
134.0	1336.9965023206094	3.0799999999999996e-05	0.4958648194358739	0.4958666085704616	0.4958677904774085	8.51444269164392e-07
134.0	1336.9965023206094	3.12e-05	0.4958634893276015	0.4958656303528153	0.4958672240437503	1.0999435507614168e-06
134.0	1336.9965023206094	3.16e-05	0.4958620107893097	0.4958643204630375	0.49586630107472107	1.3607412766541546e-06
134.0	1336.9965023206094	3.2e-05	0.4958603442227485	0.4958625023119754	0.49586493787976593	1.6256560469680635e-06
134.0	1336.9965023206094	3.2399999999999995e-05	0.4958582117690762	0.4958584598578871	0.495858745918639	1.270978544980349e-07
134.0	1336.9965023206094	3.2800000000000004e-05	0.49585172612573736	0.4958543916099277	0.49585711425700296	1.7840305089959114e-06
134.0	1336.9965023206094	3.32e-05	0.4958505050234816	0.4958527067108813	0.49585561710989623	1.5201077745364748e-06
134.0	1336.9965023206094	3.36e-05	0.4958497488053393	0.4958515678715476	0.49585430760221616	1.2697663427906267e-06
134.0	1336.9965023206094	3.4e-05	0.4958493213019537	0.49585078745933125	0.4958531981758778	1.0456865613105082e-06
134.0	1336.9965023206094	3.4399999999999996e-05	0.49584888827426976	0.49585015712059305	0.4958522689432643	8.824068698967391e-07
134.0	1336.9965023206094	3.4800000000000006e-05	0.49584859484857446	0.4958497066377973	0.4958514919197867	7.333264869860953e-07
134.0	1336.9965023206094	3.52e-05	0.4958483433696603	0.49584932874816423	0.49585083961044685	6.170177319119644e-07
134.0	1336.9965023206094	3.56e-05	0.49584814185733705	0.4958490270395046	0.49585028777860884	5.12195883251281e-07
134.0	1336.9965023206094	3.6e-05	0.49584794402795396	0.49584875429695574	0.4958498164608365	4.326556477528452e-07
134.0	1336.9965023206094	3.64e-05	0.4958478648276099	0.4958485227610168	0.4958494097526165	3.590872759579096e-07
134.0	1336.9965023206094	3.68e-05	0.4958477141995523	0.4958483013568498	0.4958490551841308	3.073471995231612e-07
134.0	1336.9965023206094	3.72e-05	0.495847558657867	0.4958480930293969	0.49584874304510773	2.672957055398558e-07
134.0	1336.9965023206094	3.76e-05	0.4958474143801954	0.4958478982242782	0.4958484657869322	2.3373060114511403e-07
134.0	1336.9965023206094	3.7999999999999995e-05	0.4958472912430141	0.49584771556374596	0.49584821753052655	2.0516307850010073e-07
134.0	1336.9965023206094	3.8400000000000005e-05	0.4958471925162078	0.4958475492087267	0.4958479936725766	1.8077650591625842e-07
134.0	1336.9965023206094	3.88e-05	0.49584708966680946	0.4958473953408129	0.4958477905733405	1.5834270155958486e-07
134.0	1336.9965023206094	3.9200000000000004e-05	0.4958470159709387	0.4958472599814474	0.49584760530868444	1.3621651096333346e-07
134.0	1336.9965023206094	3.96e-05	0.49584692469059366	0.49584713738340996	0.4958474354680975	1.1489202024938822e-07
134.0	1336.9965023206094	3.9999999999999996e-05	0.49584683728269674	0.4958470263474787	0.49584727897628333	9.775700550925893e-08
134.0	1336.9965023206094	4.0400000000000006e-05	0.4958467593988134	0.49584692221545085	0.49584713391720214	8.219660924911274e-08
134.0	1336.9965023206094	4.08e-05	0.49584669241815327	0.49584682644132594	0.4958469984209044	6.980542383593279e-08
134.0	1336.9965023206094	4.12e-05	0.4958466323069226	0.49584673897920784	0.4958468712871449	5.976393168869867e-08
134.0	1336.9965023206094	4.16e-05	0.4958465615620895	0.49584666136742417	0.4958467619508182	5.374607489835062e-08
134.0	1336.9965023206094	4.2e-05	0.4958465190308008	0.49584661903885574	0.49584670796654606	4.915993532198866e-08
135.0	1339.7713202925504	0.0	0.4977739269024717	0.49777703066147155	0.4977785833157382	1.024547019187021e-06
135.0	1339.7713202925504	4e-07	0.4977719468247077	0.4977751332012606	0.49777677561990785	1.0618890297841726e-06
135.0	1339.7713202925504	8e-07	0.4977697679381219	0.4977732557777482	0.49777527805159494	1.183198964701425e-06
135.0	1339.7713202925504	1.2000000000000002e-06	0.49776737690240047	0.49777140233790546	0.4977744391831358	1.4188430318839524e-06
135.0	1339.7713202925504	1.6e-06	0.49776474089356526	0.4977694491815012	0.4977728492530167	1.7071219295527093e-06
135.0	1339.7713202925504	2e-06	0.49776180977112094	0.49776744730766825	0.49777141564071137	2.119282694132693e-06
135.0	1339.7713202925504	2.4000000000000003e-06	0.49775851585149233	0.4977652276433048	0.4977698023240933	2.609607949723353e-06
135.0	1339.7713202925504	2.8000000000000003e-06	0.4977547748615514	0.4977627797152756	0.4977681063860917	3.240860005964585e-06
135.0	1339.7713202925504	3.2e-06	0.4977504819875911	0.4977596672292159	0.4977657812516538	3.919294451726246e-06
135.0	1339.7713202925504	3.6e-06	0.49774554916592706	0.4977560017119724	0.49776367090819296	4.841205953703073e-06
135.0	1339.7713202925504	4e-06	0.4977399411743386	0.49775095554301013	0.4977601427613658	5.837354293280113e-06
135.0	1339.7713202925504	4.4e-06	0.4977337238447328	0.49774380601348484	0.4977547854656166	6.863315137156074e-06
135.0	1339.7713202925504	4.800000000000001e-06	0.49772673247474764	0.49772744960274384	0.49772811194105415	3.4030467158397914e-07
135.0	1339.7713202925504	5.2e-06	0.4977011197549359	0.49771111896665166	0.49772070526603773	6.914523341507174e-06
135.0	1339.7713202925504	5.600000000000001e-06	0.4976959477972276	0.4977041392655295	0.4977145232881508	5.851546252750886e-06
135.0	1339.7713202925504	6e-06	0.49769262327962505	0.49769929927081424	0.49770904926443205	4.829746668452069e-06
135.0	1339.7713202925504	6.4e-06	0.4976906729263453	0.4976958608655433	0.49770428086605545	3.8922730325095585e-06
135.0	1339.7713202925504	6.8e-06	0.49768862954574633	0.4976930000538935	0.497700166303928	3.191645312305374e-06
135.0	1339.7713202925504	7.2e-06	0.49768715060305	0.4976908242213229	0.49769660800832405	2.5290850523383465e-06
135.0	1339.7713202925504	7.6e-06	0.49768582848131615	0.4976888999256992	0.4976934862950211	1.997824675983691e-06
135.0	1339.7713202925504	8e-06	0.49768476374074044	0.49768722568558066	0.4976907022318633	1.5097519237097913e-06
135.0	1339.7713202925504	8.4e-06	0.49768357341114644	0.49768563007271377	0.49768817065536375	1.1157324634819542e-06
135.0	1339.7713202925504	8.8e-06	0.4976830031352799	0.49768415079010225	0.4976858193821414	7.306488489118763e-07
135.0	1339.7713202925504	9.2e-06	0.49768196880326876	0.49768267557060464	0.4976835864196909	4.1699870324269563e-07
135.0	1339.7713202925504	9.600000000000001e-06	0.4976808317691255	0.49768121222853545	0.4976814607342739	1.4035407192371567e-07
135.0	1339.7713202925504	9.999999999999999e-06	0.49767922094335404	0.4976797640411345	0.49768006459449143	1.8502214139257424e-07
135.0	1339.7713202925504	1.04e-05	0.49767702489392374	0.49767833441280973	0.49767949548152934	5.124944292960093e-07
135.0	1339.7713202925504	1.08e-05	0.4976747362534617	0.4976768464593263	0.49767839809527636	8.472594555171069e-07
135.0	1339.7713202925504	1.1200000000000001e-05	0.4976722955582842	0.4976753221015034	0.49767739220500395	1.248482314181671e-06
135.0	1339.7713202925504	1.16e-05	0.49766963545159726	0.4976736442951085	0.49767628502162786	1.684265791765552e-06
135.0	1339.7713202925504	1.2e-05	0.49766668008969717	0.49767180050630533	0.49767503683912295	2.215908330106901e-06
135.0	1339.7713202925504	1.24e-05	0.49766334760506936	0.4976694668815814	0.4976733516555498	2.76812027112198e-06
135.0	1339.7713202925504	1.28e-05	0.4976595522148992	0.49766671594687106	0.49767178937468337	3.4931739487589087e-06
135.0	1339.7713202925504	1.32e-05	0.497655268786394	0.49766293714776677	0.4976691809313518	4.268594244833013e-06
135.0	1339.7713202925504	1.36e-05	0.49765054381870044	0.49765758682627537	0.49766521403005903	5.063996067078997e-06
135.0	1339.7713202925504	1.4e-05	0.4976451369935404	0.4976453663238803	0.4976456037880057	1.1346304658817521e-07
135.0	1339.7713202925504	1.44e-05	0.4976253919998248	0.497633124200752	0.4976406537706115	5.213354995925924e-06
135.0	1339.7713202925504	1.48e-05	0.49762156411301284	0.4976279097836199	0.4976360379115894	4.417795870584472e-06
135.0	1339.7713202925504	1.52e-05	0.4976191167056303	0.4976243042272159	0.49763192542766177	3.6527005819398856e-06
135.0	1339.7713202925504	1.56e-05	0.4976176878227099	0.49762175281203164	0.49762835314004317	2.9524198925583544e-06
135.0	1339.7713202925504	1.6e-05	0.4976161926374143	0.4976196364283019	0.4976252839449762	2.430164477570442e-06
135.0	1339.7713202925504	1.6400000000000002e-05	0.4976151218158442	0.49761803639034213	0.49762263695258824	1.9389371427041622e-06
135.0	1339.7713202925504	1.68e-05	0.49761419532174944	0.49761662854657385	0.4976203252302227	1.5455003906063396e-06
135.0	1339.7713202925504	1.7199999999999998e-05	0.49761338839698954	0.4976154127652091	0.49761827432738936	1.1852762192024175e-06
135.0	1339.7713202925504	1.76e-05	0.4976125390516115	0.497614259107679	0.49761642049095123	8.960050330582461e-07
135.0	1339.7713202925504	1.8e-05	0.4976121391442003	0.49761319688234684	0.49761471005490954	6.149965735723548e-07
135.0	1339.7713202925504	1.84e-05	0.4976114387647197	0.49761214080530447	0.4976130973581121	3.8904586154447423e-07
135.0	1339.7713202925504	1.88e-05	0.49761066384750396	0.49761109707189105	0.4976115422901639	1.8999473051330874e-07
135.0	1339.7713202925504	1.9200000000000003e-05	0.49760987369665166	0.49761006801434193	0.49761026255310714	7.585241884348506e-08
135.0	1339.7713202925504	1.9600000000000002e-05	0.49760842965214014	0.4976090554303945	0.4976097116224869	2.729006859839591e-07
135.0	1339.7713202925504	1.9999999999999998e-05	0.49760682885249086	0.4976080097071192	0.49760891464601364	5.012065602940524e-07
135.0	1339.7713202925504	2.04e-05	0.49760513507660953	0.4976069440525272	0.4976082045348269	7.747332400319109e-07
135.0	1339.7713202925504	2.08e-05	0.497603302725377	0.4976057826784079	0.49760740897011324	1.071445015175888e-06
135.0	1339.7713202925504	2.12e-05	0.49760128092335876	0.4976045155879116	0.4976065458195462	1.4324924721412665e-06
135.0	1339.7713202925504	2.16e-05	0.4975990159599739	0.4976029269427344	0.4976053951941255	1.8049780407244963e-06
135.0	1339.7713202925504	2.2e-05	0.4975964522229752	0.49760106360874456	0.49760433258107906	2.291722474193569e-06
135.0	1339.7713202925504	2.2400000000000002e-05	0.49759356958232814	0.4975985211460337	0.4976025712130676	2.809853977834404e-06
135.0	1339.7713202925504	2.28e-05	0.49759040327673976	0.49759493967641427	0.49759991181664187	3.340249232747395e-06
135.0	1339.7713202925504	2.32e-05	0.4975865627621783	0.4975868144579816	0.4975871032710186	1.2599802824422266e-07
135.0	1339.7713202925504	2.36e-05	0.4975734528182816	0.497578664310949	0.497583811832647	3.497480408475175e-06
135.0	1339.7713202925504	2.4e-05	0.4975709327376663	0.4975752169189525	0.497580754886191	2.9682509549309957e-06
135.0	1339.7713202925504	2.44e-05	0.497569333892093	0.4975728463980186	0.4975780436207975	2.4608554894823207e-06
135.0	1339.7713202925504	2.48e-05	0.49756840757972576	0.49757118178986665	0.49757570097748083	1.9989697122325653e-06
135.0	1339.7713202925504	2.5200000000000003e-05	0.49756744523625596	0.49756980957163727	0.49757370217842656	1.6564103530821638e-06
135.0	1339.7713202925504	2.56e-05	0.4975667648036044	0.4975687852688102	0.49757199032244603	1.336562437394018e-06
135.0	1339.7713202925504	2.6e-05	0.4975661764457415	0.4975678933419237	0.4975705086606288	1.081904812371722e-06
135.0	1339.7713202925504	2.64e-05	0.4975656733097207	0.49756713553720405	0.49756920786462366	8.49635198358586e-07
135.0	1339.7713202925504	2.68e-05	0.49756515109466193	0.49756642330393114	0.4975680461023426	6.655162223699402e-07
135.0	1339.7713202925504	2.72e-05	0.4975649120355614	0.49756577743933905	0.497566988628515	4.887028859426869e-07
135.0	1339.7713202925504	2.76e-05	0.4975644873492602	0.4975651397617938	0.49756600643584825	3.506896137094458e-07
135.0	1339.7713202925504	2.8e-05	0.4975640226047453	0.4975645148512425	0.4975650746975351	2.317400617311227e-07
135.0	1339.7713202925504	2.8400000000000003e-05	0.49756356004230007	0.4975639040999775	0.4975641712650125	1.2258475326331153e-07
135.0	1339.7713202925504	2.88e-05	0.4975631055356349	0.4975633077094974	0.49756354600308494	7.464988995701453e-08
135.0	1339.7713202925504	2.92e-05	0.4975622690055239	0.49756270313370515	0.49756308796421767	1.7176156323953952e-07
135.0	1339.7713202925504	2.96e-05	0.4975613935429104	0.4975620950156282	0.4975626761150016	3.1289031682599845e-07
135.0	1339.7713202925504	2.9999999999999997e-05	0.4975604034976069	0.4975614487814166	0.49756222471181033	4.6938306479379834e-07
135.0	1339.7713202925504	3.04e-05	0.49755931797489783	0.4975607566055902	0.4975617430377781	6.588166012258624e-07
135.0	1339.7713202925504	3.0799999999999996e-05	0.49755812169462477	0.49755991082506934	0.4975610929093177	8.514853323319081e-07
135.0	1339.7713202925504	3.12e-05	0.4975567915447492	0.4975589325781594	0.4975605264595728	1.0999942373365406e-06
135.0	1339.7713202925504	3.16e-05	0.49755531295728517	0.4975576226477914	0.49755960346690564	1.3608047642985612e-06
135.0	1339.7713202925504	3.2e-05	0.49755364613069464	0.4975558044382845	0.4975582402344596	1.6257384585169212e-06
135.0	1339.7713202925504	3.2399999999999995e-05	0.4975515136610955	0.49755176183108296	0.49755204797773533	1.2713057836183326e-07
135.0	1339.7713202925504	3.2800000000000004e-05	0.4975450277906228	0.49754769344956934	0.497550416259001	1.7840751289265507e-06
135.0	1339.7713202925504	3.32e-05	0.4975438066430211	0.497546008485258	0.4975489190581781	1.5201536073969218e-06
135.0	1339.7713202925504	3.36e-05	0.4975430503977698	0.497544869600174	0.49754760950214294	1.2698083764051924e-06
135.0	1339.7713202925504	3.4e-05	0.49754262288301376	0.49754408915550286	0.4975465000304915	1.045723365638831e-06
135.0	1339.7713202925504	3.4399999999999996e-05	0.4975421898372163	0.49754345879009915	0.49754557076096884	8.824389538046877e-07
135.0	1339.7713202925504	3.4800000000000006e-05	0.4975418964094782	0.4975430082850409	0.49754479370538807	7.333565465635794e-07
135.0	1339.7713202925504	3.52e-05	0.49754164490665165	0.49754263037461444	0.4975441413680235	6.170475073367848e-07
135.0	1339.7713202925504	3.56e-05	0.49754144339109807	0.4975423286489774	0.4975435895116007	5.122249126731321e-07
135.0	1339.7713202925504	3.6e-05	0.4975412455615169	0.49754205589218475	0.49754311817215857	4.326828392167264e-07
135.0	1339.7713202925504	3.64e-05	0.49754116634482326	0.49754182434359223	0.49754271144476014	3.591141327271214e-07
135.0	1339.7713202925504	3.68e-05	0.49754101570654274	0.49754160292736505	0.4975423568592454	3.073738698844194e-07
135.0	1339.7713202925504	3.72e-05	0.49754086014460075	0.4975413945887923	0.49754204470506114	2.6732210238582916e-07
135.0	1339.7713202925504	3.76e-05	0.49754071585743365	0.49754119977355865	0.497541767433356	2.3375662065876316e-07
135.0	1339.7713202925504	3.7999999999999995e-05	0.49754059271128703	0.49754101710369303	0.4975415191648578	2.0518897173810597e-07
135.0	1339.7713202925504	3.8400000000000005e-05	0.4975404939808614	0.49754085073981047	0.4975412952960756	1.8080357160750123e-07
135.0	1339.7713202925504	3.88e-05	0.497540391120582	0.49754069686518765	0.49754109218712017	1.5837006020048702e-07
135.0	1339.7713202925504	3.9200000000000004e-05	0.4975403174089097	0.497540561500624	0.497540906913736	1.362449174033538e-07
135.0	1339.7713202925504	3.96e-05	0.4975402261158166	0.4975404388966812	0.49754073706531976	1.1492414890968789e-07
135.0	1339.7713202925504	3.9999999999999996e-05	0.49754013871641867	0.4975403278528829	0.4975405805665236	9.779565518799816e-08
135.0	1339.7713202925504	4.0400000000000006e-05	0.4975400608211453	0.4975402237140491	0.49754043550130156	8.224333591844053e-08
135.0	1339.7713202925504	4.08e-05	0.49753999382084846	0.49754012793463886	0.4975402999998044	6.986087430851768e-08
135.0	1339.7713202925504	4.12e-05	0.4975399336666806	0.4975400404702826	0.49754017286225416	5.982910763589118e-08
135.0	1339.7713202925504	4.16e-05	0.4975398629577237	0.497539962861267	0.4975400635298044	5.381635703763612e-08
135.0	1339.7713202925504	4.2e-05	0.4975398204228938	0.4975399205762901	0.49754000955800937	4.922412940895004e-08
136.0	1342.5461382644914	0.0	0.49947038318096304	0.49947348691663046	0.49947503954058803	1.024533477157417e-06
136.0	1342.5461382644914	4e-07	0.49946840310287843	0.4994715894562358	0.49947323189406223	1.061876381224838e-06
136.0	1342.5461382644914	8e-07	0.499466224215098	0.49946971203243967	0.49947173432628134	1.183189165584181e-06
136.0	1342.5461382644914	1.2000000000000002e-06	0.4994638331772361	0.49946785859220566	0.49947089547117685	1.418838236769609e-06
136.0	1342.5461382644914	1.6e-06	0.49946119716514126	0.4994659054343949	0.4994693055298063	1.7071203217143944e-06
136.0	1342.5461382644914	2e-06	0.49945826603806687	0.49946390356025966	0.4994678719067993	2.1192865698397324e-06
136.0	1342.5461382644914	2.4000000000000003e-06	0.499454972112094	0.4994616838950804	0.4994662585961658	2.609617955781116e-06
136.0	1342.5461382644914	2.8000000000000003e-06	0.4994512311136825	0.499459235963642	0.49946456264376504	3.2408757107969068e-06
136.0	1342.5461382644914	3.2e-06	0.4994469382288118	0.49945612346909557	0.49946223750146235	3.9193134485926295e-06
136.0	1342.5461382644914	3.6e-06	0.49944200539297245	0.4994524579416779	0.4994601271448751	4.84123079170173e-06
136.0	1342.5461382644914	4e-06	0.49943639738404233	0.4994474117576473	0.49945659898297556	5.8373872301638075e-06
136.0	1342.5461382644914	4.4e-06	0.49943018003420026	0.4994402622054944	0.49945124166533805	6.863361578775401e-06
136.0	1342.5461382644914	4.800000000000001e-06	0.4994231886652152	0.4994239057229568	0.49942456796553714	3.4025286502078435e-07
136.0	1342.5461382644914	5.2e-06	0.49939757583218736	0.4994075750375362	0.4994171612613485	6.9145239726527835e-06
136.0	1342.5461382644914	5.600000000000001e-06	0.49939240375690375	0.49940059530614384	0.4994109794114392	5.851552815761199e-06
136.0	1342.5461382644914	6e-06	0.4993890792262947	0.49939575528926516	0.4994055053670152	4.829753822390194e-06
136.0	1342.5461382644914	6.4e-06	0.49938712886978376	0.49939231686747065	0.49940073694950193	3.892278664555246e-06
136.0	1342.5461382644914	6.8e-06	0.4993850854788944	0.4993894560418805	0.49939662236869165	3.191648696949221e-06
136.0	1342.5461382644914	7.2e-06	0.4993836065386459	0.499387280195798	0.4993930640568305	2.5290883426728554e-06
136.0	1342.5461382644914	7.6e-06	0.4993822844290783	0.49938535588640903	0.49938994232831657	1.9978289732139666e-06
136.0	1342.5461382644914	8e-06	0.49938121967532023	0.49938368163428093	0.4993871582507845	1.5097561428415428e-06
136.0	1342.5461382644914	8.4e-06	0.4993800293909789	0.4993820860112933	0.49938462666054484	1.1157346229461136e-06
136.0	1342.5461382644914	8.8e-06	0.49937945917462123	0.49938060671892937	0.49938227537401314	7.306497337634593e-07
136.0	1342.5461382644914	9.2e-06	0.49937842483513517	0.4993791314898728	0.49938004239845935	4.169963774795056e-07
136.0	1342.5461382644914	9.600000000000001e-06	0.4993772877890228	0.499377668138598	0.4993779165563499	1.4033991331521164e-07
136.0	1342.5461382644914	9.999999999999999e-06	0.49937567689549134	0.49937621994236875	0.49937652044489145	1.8501241091146915e-07
136.0	1342.5461382644914	1.04e-05	0.4993734808317001	0.4993747903055022	0.49937595137504687	5.124965357574836e-07
136.0	1342.5461382644914	1.08e-05	0.49937119217564696	0.4993733023427351	0.49937485397171244	8.472657333808625e-07
136.0	1342.5461382644914	1.1200000000000001e-05	0.4993687514630487	0.4993717779767889	0.4993738480665675	1.2484950515393081e-06
136.0	1342.5461382644914	1.16e-05	0.49936609133638044	0.4993701001614727	0.49937274088649897	1.6842860041163382e-06
136.0	1342.5461382644914	1.2e-05	0.49936313595107507	0.4993682563608599	0.49937149268353576	2.215936296986887e-06
136.0	1342.5461382644914	1.24e-05	0.4993598034387565	0.49936592271733155	0.49936980748582904	2.768153891445802e-06
136.0	1342.5461382644914	1.28e-05	0.49935600801546887	0.4993631717601511	0.49936824518516154	3.493216595087606e-06
136.0	1342.5461382644914	1.32e-05	0.499351724548073	0.49935939292895354	0.4993656367159014	4.268648791597834e-06
136.0	1342.5461382644914	1.36e-05	0.4993469995361046	0.49935404256015004	0.4993616697762189	5.064068315855337e-06
136.0	1342.5461382644914	1.4e-05	0.4993415926022644	0.4993418219272874	0.49934205945841903	1.1346238871610303e-07
136.0	1342.5461382644914	1.44e-05	0.49932184734897156	0.4993295796937295	0.49933710939255427	5.213384752540698e-06
136.0	1342.5461382644914	1.48e-05	0.49931801942301046	0.4993243652200114	0.49933249348722253	4.417827824043584e-06
136.0	1342.5461382644914	1.52e-05	0.4993155719914446	0.4993207596232014	0.4993283809608675	3.652729477920258e-06
136.0	1342.5461382644914	1.56e-05	0.4993141430988093	0.49931820817859435	0.49932480863514694	2.952443983532453e-06
136.0	1342.5461382644914	1.6e-05	0.4993126478963319	0.49931609177022335	0.4993217394050582	2.4301838854724834e-06
136.0	1342.5461382644914	1.6400000000000002e-05	0.4993115770726746	0.4993144917106705	0.49931909238227323	1.9389543505610054e-06
136.0	1342.5461382644914	1.68e-05	0.4993106505552962	0.4993130838460657	0.49931678063236795	1.5455169566034593e-06
136.0	1342.5461382644914	1.7199999999999998e-05	0.49930984362782027	0.4993118680466404	0.4993147297042686	1.1852915415438604e-06
136.0	1342.5461382644914	1.76e-05	0.49930899428097497	0.49931071437327673	0.49931287584431416	8.960177561641438e-07
136.0	1342.5461382644914	1.8e-05	0.49930859435514563	0.4993096521329715	0.4993111653860298	6.150084605630241e-07
136.0	1342.5461382644914	1.84e-05	0.4993078939643416	0.4993085960411916	0.4993095526678104	3.8905724846752565e-07
136.0	1342.5461382644914	1.88e-05	0.49930711902618885	0.4993075522934839	0.4993079975787955	1.9000826630466404e-07
136.0	1342.5461382644914	1.9200000000000003e-05	0.49930632880224746	0.4993065232221221	0.49930671780214464	7.58784321703585e-08
136.0	1342.5461382644914	1.9600000000000002e-05	0.4993048848977377	0.49930551062474415	0.49930616696599994	2.729141444607906e-07
136.0	1342.5461382644914	1.9999999999999998e-05	0.49930328407477376	0.4993044648871739	0.49930536997662145	5.012203488593339e-07
136.0	1342.5461382644914	2.04e-05	0.49930159027342746	0.499303399219386	0.4993046597196713	7.747526993373304e-07
136.0	1342.5461382644914	2.08e-05	0.49929975789364	0.4993022378308942	0.4993038641203924	1.0714722921634908e-06
136.0	1342.5461382644914	2.12e-05	0.4992977360588853	0.4993009707226943	0.4993030009449111	1.4325284573649616e-06
136.0	1342.5461382644914	2.16e-05	0.49929547105740646	0.49929938205138596	0.4993018502999629	1.80502083086918e-06
136.0	1342.5461382644914	2.2e-05	0.4992929072753034	0.4992975186864106	0.49930078766215136	2.2917760343408714e-06
136.0	1342.5461382644914	2.2400000000000002e-05	0.4992900245828187	0.49929497618014457	0.4992990262599877	2.8099214139680808e-06
136.0	1342.5461382644914	2.28e-05	0.4992868582188681	0.49929139464724187	0.4992963668132404	3.3403364994059905e-06
136.0	1342.5461382644914	2.32e-05	0.49928301749557846	0.4992832692627729	0.49928355815230496	1.2602383523698325e-07
136.0	1342.5461382644914	2.36e-05	0.4992699073022866	0.49927511896949683	0.49928026665119063	3.497527367939195e-06
136.0	1342.5461382644914	2.4e-05	0.49926738717191643	0.49927167150617113	0.49927720964534394	2.9682978867806884e-06
136.0	1342.5461382644914	2.44e-05	0.49926578829583157	0.49926930093490907	0.49927449832610016	2.460897280826291e-06
136.0	1342.5461382644914	2.48e-05	0.49926486197010433	0.49926763629059756	0.49927215563501104	1.9990048833672374e-06
136.0	1342.5461382644914	2.5200000000000003e-05	0.4992638996059213	0.4992662640423263	0.499270156791904	1.6564395505706351e-06
136.0	1342.5461382644914	2.56e-05	0.49926321916903227	0.4992652397141054	0.49926844489882605	1.3365883294648154e-06
136.0	1342.5461382644914	2.6e-05	0.4992626307856618	0.49926434776324113	0.4992669632039153	1.0819292420674782e-06
136.0	1342.5461382644914	2.64e-05	0.49926212764504374	0.49926358993805986	0.49926566237803005	8.496577460329221e-07
136.0	1342.5461382644914	2.68e-05	0.4992616054271908	0.4992628776868376	0.4992645005883949	6.655358221233973e-07
136.0	1342.5461382644914	2.72e-05	0.49926136634948115	0.4992622318055474	0.49926344308912984	4.887213960180665e-07
136.0	1342.5461382644914	2.76e-05	0.4992609416506575	0.4992615941116434	0.49926246087239257	3.507075178295966e-07
136.0	1342.5461382644914	2.8e-05	0.49926047688341946	0.49926096918533147	0.4992615291108402	2.317586453871965e-07
136.0	1342.5461382644914	2.8400000000000003e-05	0.4992600143080148	0.4992603584189472	0.4992606256553609	1.2260997993270468e-07
136.0	1342.5461382644914	2.88e-05	0.4992595597261902	0.49925976201384675	0.4992600004581931	7.469116957249945e-08
136.0	1342.5461382644914	2.92e-05	0.4992587231709198	0.49925915742278143	0.499259542405988	1.7178507066659687e-07
136.0	1342.5461382644914	2.96e-05	0.49925784768061376	0.49925854929069613	0.49925913054318816	3.12913568647084e-07
136.0	1342.5461382644914	2.9999999999999997e-05	0.49925685778732465	0.49925790304162593	0.4992586791358544	4.6941189133481904e-07
136.0	1342.5461382644914	3.04e-05	0.4992557722322095	0.4992572108478503	0.49925819744764777	6.588528105616724e-07
136.0	1342.5461382644914	3.0799999999999996e-05	0.49925457591466227	0.4992563650413858	0.49925754730551386	8.515273826340129e-07
136.0	1342.5461382644914	3.12e-05	0.49925324572164165	0.4992553867640517	0.4992569808395144	1.100046174200221e-06
136.0	1342.5461382644914	3.16e-05	0.4992517670816161	0.4992540767914711	0.4992560578221896	1.3608697525164548e-06
136.0	1342.5461382644914	3.2e-05	0.49925009999077474	0.4992522585212136	0.49925469455061133	1.6258225876255972e-06
136.0	1342.5461382644914	3.2399999999999995e-05	0.4992479675021215	0.4992482157559151	0.49924850199067805	1.2716416457310956e-07
136.0	1342.5461382644914	3.2800000000000004e-05	0.4992414813958108	0.4992441472351458	0.4992468702126942	1.7841226158225346e-06
136.0	1342.5461382644914	3.32e-05	0.499240260201149	0.499242462203268	0.49924537295612836	1.5202018671369821e-06
136.0	1342.5461382644914	3.36e-05	0.49923950392767846	0.4992413232708384	0.49924406334992	1.2698524594712912e-06
136.0	1342.5461382644914	3.4e-05	0.49923907640049503	0.4992405427925729	0.4992429538292109	1.045761912348519e-06
136.0	1342.5461382644914	3.4399999999999996e-05	0.4992386433355698	0.499239912399552	0.4992420245213296	8.824725699810654e-07
136.0	1342.5461382644914	3.4800000000000006e-05	0.499238349905303	0.4992394618715512	0.4992412474323853	7.333879208183119e-07
136.0	1342.5461382644914	3.52e-05	0.4992380983769724	0.4992390839397962	0.4992405950658938	6.170783482785966e-07
136.0	1342.5461382644914	3.56e-05	0.4992378968579487	0.499238782196691	0.49924004318391013	5.122548513461544e-07
136.0	1342.5461382644914	3.6e-05	0.49923769902790394	0.4992385094251637	0.49923957182192424	4.327108450498309e-07
136.0	1342.5461382644914	3.64e-05	0.4992376197961521	0.49923827786348846	0.49923916507455246	3.591416820072412e-07
136.0	1342.5461382644914	3.68e-05	0.49923746914763445	0.499238056434751	0.49923881047127594	3.0740117104754107e-07
136.0	1342.5461382644914	3.72e-05	0.4992373135647954	0.49923784808459226	0.4992384983012519	2.6734911333705874e-07
136.0	1342.5461382644914	3.76e-05	0.49923716926739203	0.49923765325875946	0.49923822101538473	2.3378328391703936e-07
136.0	1342.5461382644914	3.7999999999999995e-05	0.4992370461112756	0.49923747057905327	0.499237972734198	2.052155830902684e-07
136.0	1342.5461382644914	3.8400000000000005e-05	0.49923694737513635	0.49923730420581497	0.49923774885402405	1.8083142093455017e-07
136.0	1342.5461382644914	3.88e-05	0.4992368445035913	0.49923715032396165	0.49923754573482704	1.583982979840123e-07
136.0	1342.5461382644914	3.9200000000000004e-05	0.49923677077624085	0.49923701495360867	0.4992373604522271	1.3627440400636765e-07
136.0	1342.5461382644914	3.96e-05	0.49923667947112804	0.4992368923432801	0.4992371905955313	1.149574981240892e-07
136.0	1342.5461382644914	3.9999999999999996e-05	0.4992365920745865	0.49923678129126203	0.4992370340893366	9.783560486647437e-08
136.0	1342.5461382644914	4.0400000000000006e-05	0.4992365141677233	0.49923667714521547	0.4992368890175891	8.229145666404763e-08
136.0	1342.5461382644914	4.08e-05	0.49923644715351045	0.4992365813601604	0.49923675351051067	6.99178041020685e-08
136.0	1342.5461382644914	4.12e-05	0.4992363869568237	0.499236493893197	0.4992366263687211	5.98957799495947e-08
136.0	1342.5461382644914	4.16e-05	0.49923631628004905	0.49923641628670506	0.49923651703994043	5.38880560943303e-08
136.0	1342.5461382644914	4.2e-05	0.4992362737403466	0.4992363740422928	0.49923646307836567	4.9289906913784355e-08
137.0	1345.3209562364325	0.0	0.5011699626719981	0.5011730663834851	0.5011746189758348	1.0245194355245383e-06
137.0	1345.3209562364325	4e-07	0.5011679825935751	0.5011711689228964	0.5011728113781224	1.0618632623929783e-06
137.0	1345.3209562364325	8e-07	0.5011658037045388	0.5011692914987828	0.5011713138107936	1.1831789772921375e-06
137.0	1345.3209562364325	1.2000000000000002e-06	0.5011634126644227	0.5011674380581038	0.5011704749688093	1.418833170802439e-06
137.0	1345.3209562364325	1.6e-06	0.5011607766489039	0.5011654848988014	0.5011688850160869	1.707118564947754e-06
137.0	1345.3209562364325	2e-06	0.5011578455169658	0.5011634830242292	0.5011674513823321	2.1192904158271152e-06
137.0	1345.3209562364325	2.4000000000000003e-06	0.5011545515843387	0.5011612633580127	0.5011658380776094	2.6096280056736955e-06
137.0	1345.3209562364325	2.8000000000000003e-06	0.5011508105770526	0.5011588154229112	0.5011641421106061	3.2408915842992175e-06
137.0	1345.3209562364325	3.2e-06	0.5011465176808061	0.5011557029195147	0.5011618169601881	3.919332750864942e-06
137.0	1345.3209562364325	3.6e-06	0.5011415848301173	0.5011520373814402	0.5011597065901823	4.8412560977606085e-06
137.0	1345.3209562364325	4e-06	0.5011359768030132	0.5011469911816047	0.5011561784126872	5.837420798770932e-06
137.0	1345.3209562364325	4.4e-06	0.5011297594319348	0.5011398416056955	0.5011508210723346	6.863408784094463e-06
137.0	1345.3209562364325	4.800000000000001e-06	0.5011227680632322	0.5011234850487144	0.5011241471934245	3.401997522647073e-07
137.0	1345.3209562364325	5.2e-06	0.501097155109381	0.5011071543108904	0.5011167404588006	6.914526126565353e-06
137.0	1345.3209562364325	5.600000000000001e-06	0.501091982913846	0.5011001745479262	0.5011105587395202	5.851560641595739e-06
137.0	1345.3209562364325	6e-06	0.5010886583696399	0.5010953345079474	0.5011050846733021	4.829762014304665e-06
137.0	1345.3209562364325	6.4e-06	0.501086708009538	0.501091896068933	0.501100316235652	3.892285130222844e-06
137.0	1345.3209562364325	6.8e-06	0.5010846646079452	0.5010890352287928	0.5010962016352165	3.191652766063983e-06
137.0	1345.3209562364325	7.2e-06	0.5010831856698559	0.5010868593687191	0.5010926433062632	2.5290921554572467e-06
137.0	1345.3209562364325	7.6e-06	0.5010818635729457	0.5010849350451392	0.5010895215617666	1.9978336236799255e-06
137.0	1345.3209562364325	8e-06	0.5010807988058437	0.5010832607805781	0.5010867374691319	1.5097605887962793e-06
137.0	1345.3209562364325	8.4e-06	0.501079608566716	0.5010816651470266	0.5010842058644513	1.115736914738692e-06
137.0	1345.3209562364325	8.8e-06	0.5010790384117145	0.5010801858444754	0.5010818545639211	7.306506287681592e-07
137.0	1345.3209562364325	9.2e-06	0.5010780040645182	0.5010787106054067	0.501079621574573	4.1699393535413295e-07
137.0	1345.3209562364325	9.600000000000001e-06	0.5010768670062848	0.5010772472444541	0.5010774955721544	1.4032540741252384e-07
137.0	1345.3209562364325	9.999999999999999e-06	0.5010752560435785	0.5010757990389062	0.5010760994901302	1.850027251221208e-07
137.0	1345.3209562364325	1.04e-05	0.5010730599646287	0.5010743693929944	0.5010755304619456	5.124989330543109e-07
137.0	1345.3209562364325	1.08e-05	0.5010707712921088	0.5010728814203916	0.5010744330410963	8.472724750161738e-07
137.0	1345.3209562364325	1.1200000000000001e-05	0.5010683305611101	0.5010713570457126	0.50107342712072	1.2485084289307093e-06
137.0	1345.3209562364325	1.16e-05	0.5010656704133432	0.5010696792207372	0.5010723199435176	1.6843070076180194e-06
137.0	1345.3209562364325	1.2e-05	0.5010627150033411	0.501067835407495	0.5010710717195197	2.215965286566529e-06
137.0	1345.3209562364325	1.24e-05	0.5010593824616789	0.5010655017440929	0.5010693865069031	2.768188794717448e-06
137.0	1345.3209562364325	1.28e-05	0.5010555870034707	0.5010627507631371	0.5010678241856779	3.4932608603889783e-06
137.0	1345.3209562364325	1.32e-05	0.5010513034950872	0.5010589718979942	0.5010652156891879	4.268705312390142e-06
137.0	1345.3209562364325	1.36e-05	0.5010465784364628	0.5010536214791902	0.5010612487091111	5.064142870288333e-06
137.0	1345.3209562364325	1.4e-05	0.5010411713897724	0.5010414007097104	0.5010416383094531	1.134620452750203e-07
137.0	1345.3209562364325	1.44e-05	0.5010214258642565	0.5010291583591592	0.5010366881925119	5.2134175458892825e-06
137.0	1345.3209562364325	1.48e-05	0.5010175978971185	0.5010239438260566	0.5010320722383792	4.417862319134915e-06
137.0	1345.3209562364325	1.52e-05	0.5010151504400611	0.5010203381868595	0.5010279596673124	3.6527604695149237e-06
137.0	1345.3209562364325	1.56e-05	0.5010137215369248	0.5010177867113843	0.5010243873014506	2.9524697661341864e-06
137.0	1345.3209562364325	1.6e-05	0.5010122263163996	0.5010156702771339	0.501021318034204	2.430204686422601e-06
137.0	1345.3209562364325	1.6400000000000002e-05	0.5010111554900352	0.501014070195024	0.501018670979394	1.938972650043275e-06
137.0	1345.3209562364325	1.68e-05	0.5010102289487719	0.5010126623087224	0.5010163592004728	1.5455343355858292e-06
137.0	1345.3209562364325	1.7199999999999998e-05	0.5010094220179244	0.5010114464904278	0.5010143082457432	1.185307455820427e-06
137.0	1345.3209562364325	1.76e-05	0.5010085726689608	0.5010102928004159	0.5010124543609846	8.960309068771266e-07
137.0	1345.3209562364325	1.8e-05	0.50100817272474	0.5010092305443534	0.5010107438792168	6.150206021697073e-07
137.0	1345.3209562364325	1.84e-05	0.5010074723221649	0.5010081744370319	0.5010091311383453	3.890687651186361e-07
137.0	1345.3209562364325	1.88e-05	0.5010066973624312	0.5010071306742063	0.5010075760270221	1.9002190444641207e-07
137.0	1345.3209562364325	1.9200000000000003e-05	0.5010059070637665	0.5010061015881903	0.5010062962104573	7.590519425331692e-08
137.0	1345.3209562364325	1.9600000000000002e-05	0.5010044633007533	0.501005088976527	0.5010057454683716	2.7292829118299283e-07
137.0	1345.3209562364325	1.9999999999999998e-05	0.5010028624530323	0.5010040432237411	0.5010049484655879	5.012349930235321e-07
137.0	1345.3209562364325	2.04e-05	0.5010011686246312	0.5010029775417654	0.5010042380603812	7.74773251730163e-07
137.0	1345.3209562364325	2.08e-05	0.5009993362144955	0.5010018161377319	0.5010034424249445	1.0715008997244097e-06
137.0	1345.3209562364325	2.12e-05	0.5009973143449509	0.5010005490105289	0.5010025792237549	1.4325661246565462e-06
137.0	1345.3209562364325	2.16e-05	0.5009950493029995	0.5009989603114098	0.5010014285580304	1.805065700318068e-06
137.0	1345.3209562364325	2.2e-05	0.5009924854722758	0.500997096913422	0.5010003658943614	2.291832199280105e-06
137.0	1345.3209562364325	2.2400000000000002e-05	0.5009896027246867	0.5009945543607309	0.5009986044560577	2.809991996088729e-06
137.0	1345.3209562364325	2.28e-05	0.5009864362986924	0.5009909727604037	0.5009959449559203	3.3404274265727865e-06
137.0	1345.3209562364325	2.32e-05	0.5009825953594307	0.500982847200484	0.500983136168287	1.2605037331713202e-07
137.0	1345.3209562364325	2.36e-05	0.5009694849009021	0.5009746967510372	0.5009798446004918	3.4975788296002227e-06
137.0	1345.3209562364325	2.4e-05	0.5009669647176747	0.500971249212171	0.5009767875315108	2.968348592601589e-06
137.0	1345.3209562364325	2.44e-05	0.5009653658090665	0.5009688785876132	0.5009740761550185	2.4609421853058666e-06
137.0	1345.3209562364325	2.48e-05	0.500964439468663	0.5009672139049778	0.5009717334131443	1.9990425874936163e-06
137.0	1345.3209562364325	2.5200000000000003e-05	0.5009634770823927	0.5009658416248269	0.5009697345221005	1.6564708520705016e-06
137.0	1345.3209562364325	2.56e-05	0.5009627966401471	0.5009648172697928	0.5009680225895368	1.3366158998492441e-06
137.0	1345.3209562364325	2.6e-05	0.5009622082297112	0.5009639252936964	0.5009665408593893	1.0819549604321705e-06
137.0	1345.3209562364325	2.64e-05	0.5009617050831867	0.5009631674468957	0.5009652400016664	8.496812724061749e-07
137.0	1345.3209562364325	2.68e-05	0.5009611828616363	0.5009624551765748	0.5009640781828528	6.655561718801355e-07
137.0	1345.3209562364325	2.72e-05	0.5009609437661959	0.5009618092775053	0.5009630206564193	4.887404027478948e-07
137.0	1345.3209562364325	2.76e-05	0.5009605190543533	0.5009611715661335	0.5009620384139284	3.507257404374002e-07
137.0	1345.3209562364325	2.8e-05	0.5009600542633814	0.500960546622929	0.5009611066274662	2.317774398534236e-07
137.0	1345.3209562364325	2.8400000000000003e-05	0.5009595916739213	0.5009599358402723	0.5009602031473381	1.2263550501057893e-07
137.0	1345.3209562364325	2.88e-05	0.5009591370150055	0.5009593394193772	0.5009595780152445	7.473345897294784e-08
137.0	1345.3209562364325	2.92e-05	0.5009583004328224	0.5009587348118011	0.5009591199487877	1.7180962304229967e-07
137.0	1345.3209562364325	2.96e-05	0.5009574249129001	0.5009581266643892	0.5009587080713507	3.1293801337389547e-07
137.0	1345.3209562364325	2.9999999999999997e-05	0.500956435172343	0.5009574803989254	0.5009582566591231	4.6944205698769616e-07
137.0	1345.3209562364325	3.04e-05	0.5009553495822834	0.5009567881855714	0.5009577749554204	6.588907258226087e-07
137.0	1345.3209562364325	3.0799999999999996e-05	0.5009541532245532	0.5009559423511467	0.5009571247983864	8.515715825713256e-07
137.0	1345.3209562364325	3.12e-05	0.5009528229850311	0.5009549640409795	0.500956558314817	1.1001008121382712e-06
137.0	1345.3209562364325	3.16e-05	0.5009513442878806	0.5009536540228974	0.5009556352706843	1.3609380760492355e-06
137.0	1345.3209562364325	3.2e-05	0.5009496769260764	0.5009518356871819	0.5009542719574709	1.625910678185457e-06
137.0	1345.3209562364325	3.2399999999999995e-05	0.5009475444125657	0.5009477927532319	0.5009480790773653	1.271986927459847e-07
137.0	1345.3209562364325	3.2800000000000004e-05	0.5009410580520237	0.5009437240816714	0.5009464472355116	1.784175540936563e-06
137.0	1345.3209562364325	3.32e-05	0.500939836805534	0.5009420389773922	0.5009449499188676	1.5202548163626026e-06
137.0	1345.3209562364325	3.36e-05	0.5009390805012197	0.5009408999942325	0.5009436402586163	1.2699005473928116e-06
137.0	1345.3209562364325	3.4e-05	0.5009386529604205	0.5009401194800083	0.5009425306866682	1.0458037996465914e-06
137.0	1345.3209562364325	3.4399999999999996e-05	0.5009382198744747	0.5009394890573703	0.5009416013377042	8.825090918561908e-07
137.0	1345.3209562364325	3.4800000000000006e-05	0.5009379264408462	0.5009390385049663	0.5009408242130382	7.334217611800892e-07
137.0	1345.3209562364325	3.52e-05	0.5009376748859502	0.5009386605506918	0.5009401718153592	6.171111866662064e-07
137.0	1345.3209562364325	3.56e-05	0.5009374733626775	0.5009383587890383	0.5009396199059992	5.122864800241864e-07
137.0	1345.3209562364325	3.6e-05	0.5009372755311619	0.5009380860017206	0.5009391485198469	4.3274033997043147e-07
137.0	1345.3209562364325	3.64e-05	0.5009371962852276	0.5009378544260348	0.5009387417510371	3.591704747658828e-07
137.0	1345.3209562364325	3.68e-05	0.5009370456260989	0.5009376329838224	0.5009383871286621	3.074295947779409e-07
137.0	1345.3209562364325	3.72e-05	0.5009368900217934	0.5009374246210955	0.5009380749415628	2.673772090917396e-07
137.0	1345.3209562364325	3.76e-05	0.5009367457126084	0.50093722978367	0.5009377976403888	2.3381106130689064e-07
137.0	1345.3209562364325	3.7999999999999995e-05	0.5009366225446081	0.5009370470931124	0.5009375493454415	2.0524339465354114e-07
137.0	1345.3209562364325	3.8400000000000005e-05	0.5009365238007684	0.5009368807095728	0.5009373254528748	1.8086050912156356e-07
137.0	1345.3209562364325	3.88e-05	0.5009364209180154	0.5009367268195145	0.5009371223224992	1.584278569897486e-07
137.0	1345.3209562364325	3.9200000000000004e-05	0.500936347174803	0.5009365914423063	0.5009369370298113	1.3630545507146664e-07
137.0	1345.3209562364325	3.96e-05	0.5009362558574537	0.5009364688246469	0.5009367671640286	1.1499261783943353e-07
137.0	1345.3209562364325	3.9999999999999996e-05	0.5009361684607221	0.5009363577636265	0.5009366106496964	9.787749423629366e-08
137.0	1345.3209562364325	4.0400000000000006e-05	0.5009360905415461	0.5009362536095976	0.5009364655707529	8.234168853416647e-08
137.0	1345.3209562364325	4.08e-05	0.500936023513316	0.5009361578183424	0.5009363300574812	6.99769230765041e-08
137.0	1345.3209562364325	4.12e-05	0.5009359632773212	0.5009360703483038	0.5009362029108324	5.99645772373682e-08
137.0	1345.3209562364325	4.16e-05	0.5009358926279717	0.5009359927441002	0.5009360935846949	5.3961744628101104e-08
137.0	1345.3209562364325	4.2e-05	0.5009358500836942	0.5009359505379513	0.5009360396319709	4.935764224975861e-08
138.0	1348.0957742083735	0.0	0.5028726273293955	0.502875731016415	0.5028772835762894	1.0245051149700694e-06
138.0	1348.0957742083735	4e-07	0.5028706472506101	0.5028738335556183	0.5028754760269578	1.0618498974647382e-06
138.0	1348.0957742083735	8e-07	0.5028684683602167	0.5028719561311414	0.5028739784599372	1.1831686337410742e-06
138.0	1348.0957742083735	1.2000000000000002e-06	0.5028660773176723	0.502870102689944	0.5028731396305837	1.418828083122765e-06
138.0	1348.0957742083735	1.6e-06	0.5028634412984685	0.502868149529028	0.5028715496665157	1.7071169283354766e-06
138.0	1348.0957742083735	2e-06	0.502860510161308	0.5028661476538346	0.5028701160221924	2.119294529264211e-06
138.0	1348.0957742083735	2.4000000000000003e-06	0.5028572162215488	0.5028639279862798	0.5028685027232092	2.609638433286988e-06
138.0	1348.0957742083735	2.8000000000000003e-06	0.5028534752047626	0.5028614800471465	0.5028668067413689	3.240908001497617e-06
138.0	1348.0957742083735	3.2e-06	0.5028491822963241	0.5028583675343563	0.5028644815824608	3.919352785603967e-06
138.0	1348.0957742083735	3.6e-06	0.5028442494297565	0.5028547019849074	0.5028623711986464	4.841282374593315e-06
138.0	1348.0957742083735	4e-06	0.502838641383212	0.5028496557681565	0.5028588430048027	5.837455579307718e-06
138.0	1348.0957742083735	4.4e-06	0.5028324239893971	0.5028425061667868	0.5028534856404985	6.8634574090007255e-06
138.0	1348.0957742083735	4.800000000000001e-06	0.5028254326198525	0.5028261495313098	0.5028268115761927	3.401454819062457e-07
138.0	1348.0957742083735	5.2e-06	0.5027998195356957	0.5028098187366571	0.5028194048092356	6.9145303163562755e-06
138.0	1348.0957742083735	5.600000000000001e-06	0.5027946472170068	0.5028028389402025	0.5028132232222822	5.8515701426565474e-06
138.0	1348.0957742083735	6e-06	0.5027913226582772	0.5027979988757266	0.5028077491326535	4.829771562921839e-06
138.0	1348.0957742083735	6.4e-06	0.5027893722939858	0.5027945604184325	0.5028029806733834	3.892292665369879e-06
138.0	1348.0957742083735	6.8e-06	0.5027873288810447	0.5027916995628097	0.5027988660517932	3.1916576888879994e-06
138.0	1348.0957742083735	7.2e-06	0.5027858499445959	0.5027895236879897	0.5027953077044947	2.5290965892748544e-06
138.0	1348.0957742083735	7.6e-06	0.5027845278605279	0.502787599349523	0.5027921859428455	1.9978386726913155e-06
138.0	1348.0957742083735	8e-06	0.5027834630797576	0.5027859250718448	0.5027894018339936	1.509765252689072e-06
138.0	1348.0957742083735	8.4e-06	0.5027822728851117	0.5027843294270228	0.5027868702137894	1.1157392825604262e-06
138.0	1348.0957742083735	8.8e-06	0.5027817027931896	0.502782850113586	0.5027845188981841	7.30651423481446e-07
138.0	1348.0957742083735	9.2e-06	0.5027806684381249	0.5027813748637794	0.5027822858939466	4.169912186885642e-07
138.0	1348.0957742083735	9.600000000000001e-06	0.5027795313673886	0.5027799114923955	0.5027801597278589	1.4031037760361567e-07
138.0	1348.0957742083735	9.999999999999999e-06	0.5027779203328553	0.5027784632767491	0.5027787636765657	1.8499336416131204e-07
138.0	1348.0957742083735	1.04e-05	0.5027757242374618	0.5027770336209911	0.5027781946881591	5.125019884374592e-07
138.0	1348.0957742083735	1.08e-05	0.5027734355470566	0.5027755456376715	0.5027770972492096	8.47280137673408e-07
138.0	1348.0957742083735	1.1200000000000001e-05	0.5027709947960615	0.5027740212532964	0.5027760913134154	1.2485230157435464e-06
138.0	1348.0957742083735	1.16e-05	0.502768334625368	0.5027723434175014	0.502774984138366	1.6843294969939544e-06
138.0	1348.0957742083735	1.2e-05	0.5027653791885474	0.5027704995903152	0.5027737358925677	2.215996145814791e-06
138.0	1348.0957742083735	1.24e-05	0.5027620466146177	0.5027681659053034	0.5027720506637623	2.7682259983070186e-06
138.0	1348.0957742083735	1.28e-05	0.5027582511185225	0.5027654148984557	0.5027704883208628	3.493307997427395e-06
138.0	1348.0957742083735	1.32e-05	0.5027539675657025	0.502761635996331	0.5027678797950612	4.268765295909257e-06
138.0	1348.0957742083735	1.36e-05	0.5027492424565132	0.5027562855231037	0.5027639127713304	5.064221451186133e-06
138.0	1348.0957742083735	1.4e-05	0.5027438352916889	0.5027440646068319	0.5027443022765823	1.134619608717571e-07
138.0	1348.0957742083735	1.44e-05	0.5027240894751017	0.5027318221286858	0.5027393521043129	5.213455042517989e-06
138.0	1348.0957742083735	1.48e-05	0.5027202614634358	0.502726607531649	0.5027347360973158	4.4179007353794635e-06
138.0	1348.0957742083735	1.52e-05	0.5027178139786805	0.5027230018468304	0.5027306234778264	3.652794669360514e-06
138.0	1348.0957742083735	1.56e-05	0.5027163850636036	0.5027204503381008	0.5027270510685087	2.952498123819827e-06
138.0	1348.0957742083735	1.6e-05	0.5027148898235616	0.5027183338759283	0.5027239817603819	2.430227586979195e-06
138.0	1348.0957742083735	1.6400000000000002e-05	0.5027138189932367	0.5027167337696533	0.5027213346708903	1.938992571439644e-06
138.0	1348.0957742083735	1.68e-05	0.5027128924267128	0.5027153258602026	0.5027190228605436	1.5455529102605826e-06
138.0	1348.0957742083735	1.7199999999999998e-05	0.5027120854909723	0.5027141100216834	0.5027169718769544	1.185324210054403e-06
138.0	1348.0957742083735	1.76e-05	0.5027112361387989	0.5027129563136699	0.5027151179652876	8.960446229421128e-07
138.0	1348.0957742083735	1.8e-05	0.5027108361768153	0.5027118940405538	0.5027134074579998	6.150330071016685e-07
138.0	1348.0957742083735	1.84e-05	0.5027101357618236	0.5027108379163591	0.5027117946924697	3.890803146257951e-07
138.0	1348.0957742083735	1.88e-05	0.5027093607794351	0.5027097941370531	0.5027102395568104	1.9003545126076536e-07
138.0	1348.0957742083735	1.9200000000000003e-05	0.5027085704032475	0.5027087650349922	0.5027089597002661	7.593276422627952e-08
138.0	1348.0957742083735	1.9600000000000002e-05	0.5027071267820586	0.5027077524076283	0.5027084090512028	2.729434867893574e-07
138.0	1348.0957742083735	1.9999999999999998e-05	0.5027055259072171	0.5027067066381095	0.5027076120338627	5.012509940097786e-07
138.0	1348.0957742083735	2.04e-05	0.5027038320491517	0.5027056409403233	0.5027069014788106	7.747955517434447e-07
138.0	1348.0957742083735	2.08e-05	0.5027019996057325	0.5027044795188437	0.5027061058042683	1.071531625694164e-06
138.0	1348.0957742083735	2.12e-05	0.5026999776980361	0.5027032123705386	0.5027052425759324	1.4326064781856754e-06
138.0	1348.0957742083735	2.16e-05	0.5026977126117229	0.5027016236409108	0.502704091887721	1.805113898920441e-06
138.0	1348.0957742083735	2.2e-05	0.5026951487269242	0.5026997602066667	0.5027030291969066	2.291892539164682e-06
138.0	1348.0957742083735	2.2400000000000002e-05	0.5026922659191158	0.5026972176029849	0.5027012677194165	2.81006765176852e-06
138.0	1348.0957742083735	2.28e-05	0.5026890994253437	0.5026936359286458	0.5026986081613272	3.3405243177926374e-06
138.0	1348.0957742083735	2.32e-05	0.5026852582607511	0.5026855101782215	0.5026857992254783	1.2607762823811253e-07
138.0	1348.0957742083735	2.36e-05	0.5026721475118832	0.502677359556815	0.5026825075846322	3.497637331245312e-06
138.0	1348.0957742083735	2.4e-05	0.5026696272704259	0.5026739119356696	0.5026794504464869	2.96840525421772e-06
138.0	1348.0957742083735	2.44e-05	0.5026680283258464	0.5026715412530595	0.5026767390072955	2.4609920396791737e-06
138.0	1348.0957742083735	2.48e-05	0.5026671019682603	0.5026698765286572	0.5026743962098337	1.999084322693931e-06
138.0	1348.0957742083735	2.5200000000000003e-05	0.5026661395572765	0.5026685042137066	0.5026723972667213	1.656505514966112e-06
138.0	1348.0957742083735	2.56e-05	0.5026654591082824	0.5026674798296175	0.5026706852910063	1.3366461621570952e-06
138.0	1348.0957742083735	2.6e-05	0.5026648706686645	0.5026665878263323	0.5026692035223368	1.0819827311966562e-06
138.0	1348.0957742083735	2.64e-05	0.5026643675151616	0.5026658299561144	0.5026679026297858	8.49706347141529e-07
138.0	1348.0957742083735	2.68e-05	0.5026638452886045	0.5026651176649193	0.5026667407790208	6.655776898894809e-07
138.0	1348.0957742083735	2.72e-05	0.5026636061761618	0.5026644717464012	0.5026656832227898	4.887601718396498e-07
138.0	1348.0957742083735	2.76e-05	0.5026631814504867	0.5026638340158459	0.502664700952006	3.507444432428255e-07
138.0	1348.0957742083735	2.8e-05	0.5026627166342736	0.5026632090539981	0.5026637691381337	2.3179654014453335e-07
138.0	1348.0957742083735	2.8400000000000003e-05	0.5026622540289871	0.5026625982532851	0.5026628656308434	1.2266142067846813e-07
138.0	1348.0957742083735	2.88e-05	0.5026617992901237	0.5026620018147763	0.5026622405626595	7.477700616390108e-08
138.0	1348.0957742083735	2.92e-05	0.5026609626784388	0.5026613971887889	0.5026617824805513	1.718354743748891e-07
138.0	1348.0957742083735	2.96e-05	0.5026600871260998	0.5026607890240529	0.5026613705868934	3.129639538867062e-07
138.0	1348.0957742083735	2.9999999999999997e-05	0.5026590975377676	0.5026601427399053	0.5026609191675524	4.694738921785367e-07
138.0	1348.0957742083735	3.04e-05	0.5026580119092072	0.5026594505045698	0.5026604374465782	6.589307848397363e-07
138.0	1348.0957742083735	3.0799999999999996e-05	0.5026568155072679	0.502658604639316	0.5026597872723944	8.516185493916874e-07
138.0	1348.0957742083735	3.12e-05	0.5026554852166631	0.5026576262928856	0.5026592207679164	1.1001589171566139e-06
138.0	1348.0957742083735	3.16e-05	0.5026540064575853	0.5026563162246973	0.502658297693725	1.3610106563837388e-06
138.0	1348.0957742083735	3.2e-05	0.5026523388152855	0.5026544978170516	0.5026569343343006	1.6260037902655704e-06
138.0	1348.0957742083735	3.2399999999999995e-05	0.5026502062685294	0.5026504547004229	0.5026507411152243	1.2723445632859214e-07
138.0	1348.0957742083735	3.2800000000000004e-05	0.5026437196252616	0.5026463858621336	0.5026491092033982	1.7842361879957782e-06
138.0	1348.0957742083735	3.32e-05	0.5026424983218325	0.5026447006789706	0.5026476118209766	1.5203143984469552e-06
138.0	1348.0957742083735	3.36e-05	0.5026417419835063	0.502643561640619	0.5026463021016179	1.2699542820261541e-06
138.0	1348.0957742083735	3.4e-05	0.5026413144288142	0.5026427810873778	0.5026451924760149	1.0458504038674217e-06
138.0	1348.0957742083735	3.4399999999999996e-05	0.5026408813194125	0.5026421506325415	0.5026442630824413	8.825497639812354e-07
138.0	1348.0957742083735	3.4800000000000006e-05	0.5026405878818148	0.5026417000539422	0.5026434859190605	7.334591488867541e-07
138.0	1348.0957742083735	3.52e-05	0.5026403362975538	0.502641322075742	0.5026428334876494	6.171469310169826e-07
138.0	1348.0957742083735	3.56e-05	0.5026401347698526	0.5026410202942871	0.5026422815487308	5.123206260397734e-07
138.0	1348.0957742083735	3.6e-05	0.5026399369361672	0.502640747489961	0.502641810136522	4.327721310117055e-07
138.0	1348.0957742083735	3.64e-05	0.5026398576768649	0.5026405158992442	0.5026414033446205	3.5920129310474136e-07
138.0	1348.0957742083735	3.68e-05	0.5026397070064466	0.502640294442536	0.5026410487016877	3.074599109161684e-07
138.0	1348.0957742083735	3.72e-05	0.5026395513792954	0.5026400860662591	0.5026407364962173	2.6740711777021326e-07
138.0	1348.0957742083735	3.76e-05	0.5026394070573339	0.5026398912163088	0.5026404591785711	2.3384059267468068e-07
138.0	1348.0957742083735	3.7999999999999995e-05	0.5026392838768077	0.5026397085139913	0.5026402108688206	2.0527293550959224e-07
138.0	1348.0957742083735	3.8400000000000005e-05	0.5026391851244316	0.5026395421193354	0.502639986962917	1.8089126683091946e-07
138.0	1348.0957742083735	3.88e-05	0.5026390822311848	0.5026393882202181	0.5026397838205119	1.5845911343233574e-07
138.0	1348.0957742083735	3.9200000000000004e-05	0.5026390084724683	0.5026392528352083	0.5026395985169705	1.363384271469777e-07
138.0	1348.0957742083735	3.96e-05	0.502638917142952	0.5026391302094101	0.5026394286414222	1.1502986177301111e-07
138.0	1348.0957742083735	3.9999999999999996e-05	0.502638829744317	0.5026390191388	0.5026392721183592	9.792164213832287e-08
138.0	1348.0957742083735	4.0400000000000006e-05	0.5026387518121744	0.5026389149762284	0.5026391270317108	8.239430820794633e-08
138.0	1348.0957742083735	4.08e-05	0.5026386847693054	0.5026388191784027	0.5026389915118044	7.003849985196565e-08
138.0	1348.0957742083735	4.12e-05	0.5026386244969769	0.502638731705021	0.5026388643598683	6.003576186771126e-08
138.0	1348.0957742083735	4.16e-05	0.5026385538707325	0.5026386541030267	0.5026387550355027	5.4037671275210826e-08
138.0	1348.0957742083735	4.2e-05	0.5026385113234015	0.5026386119334337	0.5026387010899915	4.94270372704156e-08
139.0	1350.8705921803146	0.0	0.5045783245000282	0.5045814281626086	0.5045829806896798	1.0244907865298688e-06
139.0	1350.8705921803146	4e-07	0.5045763444208387	0.5045795307015835	0.5045811731882655	1.0618365609709346e-06
139.0	1350.8705921803146	8e-07	0.5045741655289451	0.5045776532766773	0.5045796756211862	1.1831584177987266e-06
139.0	1350.8705921803146	1.2000000000000002e-06	0.504571774483721	0.5045757998348489	0.5045788368030681	1.4188232603767975e-06
139.0	1350.8705921803146	1.6e-06	0.5045691384604574	0.5045738466721444	0.5045772468275311	1.7071157167486028e-06
139.0	1350.8705921803146	2e-06	0.5045662073175565	0.5045718447960722	0.5045758131728606	2.1192992373964325e-06
139.0	1350.8705921803146	2.4000000000000003e-06	0.5045629133699743	0.5045696251267596	0.5045741998799311	2.609649582114008e-06
139.0	1350.8705921803146	2.8000000000000003e-06	0.504559172342792	0.5045671771830806	0.5045725038832272	3.2409253491598035e-06
139.0	1350.8705921803146	3.2e-06	0.5045548794197421	0.5045640646601405	0.5045701787153583	3.919374004747281e-06
139.0	1350.8705921803146	3.6e-06	0.5045499465358549	0.5045603990983253	0.5045680683176377	4.841310170408739e-06
139.0	1350.8705921803146	4e-06	0.5045443384681079	0.5045553528630958	0.5045645401064567	5.8374922005970524e-06
139.0	1350.8705921803146	4.4e-06	0.5045381210494781	0.5045482032338591	0.5045591827165028	6.863508151948278e-06
139.0	1350.8705921803146	4.800000000000001e-06	0.5045311296775346	0.5045318465142178	0.5045325084574799	3.40090237006554e-07
139.0	1350.8705921803146	5.2e-06	0.5045055164519479	0.5045155156566009	0.5045251016555135	6.914537251134379e-06
139.0	1350.8705921803146	5.600000000000001e-06	0.5045003440070523	0.5045085358240002	0.5045189202016234	5.851581882698489e-06
139.0	1350.8705921803146	6e-06	0.5044970194324296	0.5045036957330744	0.5045134460863103	4.829782907497432e-06
139.0	1350.8705921803146	6.4e-06	0.5044950690626928	0.5045002572559886	0.5045086776033374	3.892301618000699e-06
139.0	1350.8705921803146	6.8e-06	0.504493025637383	0.5044973963835521	0.5045045629576119	3.191663738924081e-06
139.0	1350.8705921803146	7.2e-06	0.5044915467015629	0.5044952204929005	0.5045010045902094	2.529101830973886e-06
139.0	1350.8705921803146	7.6e-06	0.5044902246309073	0.5044932961385441	0.504497882809753	1.9978442168862066e-06
139.0	1350.8705921803146	8e-06	0.5044891598359351	0.5044916218467598	0.5044950986831003	1.5097701571519967e-06
139.0	1350.8705921803146	8.4e-06	0.5044879696832263	0.5044900261896501	0.5044925670458245	1.1157416880896989e-06
139.0	1350.8705921803146	8.8e-06	0.5044873996561021	0.5044885468643265	0.5044902157135969	7.306519964077826e-07
139.0	1350.8705921803146	9.2e-06	0.5044863652939062	0.5044870716027328	0.5044879826928899	4.1698804199377306e-07
139.0	1350.8705921803146	9.600000000000001e-06	0.504485228210064	0.5044856082198249	0.5044858563606605	1.4029460049999172e-07
139.0	1350.8705921803146	9.999999999999999e-06	0.5044836170996261	0.5044841599929463	0.5044844603415317	1.8498461686657296e-07
139.0	1350.8705921803146	1.04e-05	0.5044814209859352	0.5044827303261691	0.5044838913901941	5.125060790219431e-07
139.0	1350.8705921803146	1.08e-05	0.5044791322755957	0.5044812423308467	0.5044827939321159	8.472891882414861e-07
139.0	1350.8705921803146	1.1200000000000001e-05	0.5044766915022922	0.5044797179353749	0.5044817879799961	1.2485393841145459e-06
139.0	1350.8705921803146	1.16e-05	0.5044740313060219	0.5044780400870703	0.5044806808067266	1.6843541312261646e-06
139.0	1350.8705921803146	1.2e-05	0.5044710758392998	0.5044761962440447	0.5044794325379058	2.2160296937863905e-06
139.0	1350.8705921803146	1.24e-05	0.5044677432280373	0.5044738625349335	0.5044777472913813	2.768266511962515e-06
139.0	1350.8705921803146	1.28e-05	0.5044639476898354	0.5044711114991636	0.5044761849257346	3.4933592660607498e-06
139.0	1350.8705921803146	1.32e-05	0.5044596640876877	0.5044673325557197	0.5044735763677783	4.268830279818229e-06
139.0	1350.8705921803146	1.36e-05	0.5044549389224109	0.5044619820217415	0.5044696092960184	5.064305886376082e-06
139.0	1350.8705921803146	1.4e-05	0.504449531633326	0.5044497609440748	0.5044499986847342	1.1346208862949332e-07
139.0	1350.8705921803146	1.44e-05	0.504429785499843	0.5044375183231211	0.5044450484509628	5.21349921594476e-06
139.0	1350.8705921803146	1.48e-05	0.5044259574384853	0.5044323036555981	0.5044404323852199	4.4179447569164336e-06
139.0	1350.8705921803146	1.52e-05	0.5044235099226606	0.504428697920488	0.5044363197119495	3.652833482414941e-06
139.0	1350.8705921803146	1.56e-05	0.504422080993062	0.5044261463750698	0.5044327472544126	2.9525301923870152e-06
139.0	1350.8705921803146	1.6e-05	0.5044205857309523	0.5044240298820359	0.5044296779004664	2.4302535278490395e-06
139.0	1350.8705921803146	1.6400000000000002e-05	0.5044195148951376	0.5044224297492934	0.504427030772546	1.9390148499853707e-06
139.0	1350.8705921803146	1.68e-05	0.5044185883011236	0.5044210218146394	0.5044247189273676	1.545573198706701e-06
139.0	1350.8705921803146	1.7199999999999998e-05	0.5044177813593063	0.5044198059539756	0.5044226679117667	1.185342150867428e-06
139.0	1350.8705921803146	1.76e-05	0.5044169320025196	0.5044186522260483	0.5044208139702109	8.960591123745014e-07
139.0	1350.8705921803146	1.8e-05	0.5044165320235194	0.5044175899340457	0.5044191034345289	6.15045734461071e-07
139.0	1350.8705921803146	1.84e-05	0.5044158315951757	0.5044165337910876	0.5044174906415009	3.8909184291758196e-07
139.0	1350.8705921803146	1.88e-05	0.5044150565884387	0.5044154899933642	0.5044159354786455	1.9004876635697987e-07
139.0	1350.8705921803146	1.9200000000000003e-05	0.5044142661308317	0.5044144608732766	0.5044146555822202	7.596127422252428e-08
139.0	1350.8705921803146	1.9600000000000002e-05	0.5044128226505586	0.5044134482281881	0.5044141050251447	2.729600853098512e-07
139.0	1350.8705921803146	1.9999999999999998e-05	0.5044112217453076	0.5044124024397679	0.5044133079917401	5.012688166127464e-07
139.0	1350.8705921803146	2.04e-05	0.5044095278539507	0.5044113367238648	0.5044125972846238	7.748201938160727e-07
139.0	1350.8705921803146	2.08e-05	0.5044076953731729	0.5044101752822443	0.504411801566583	1.071565168192642e-06
139.0	1350.8705921803146	2.12e-05	0.5044056734226752	0.5044089081098935	0.5044109383089426	1.4326504093451613e-06
139.0	1350.8705921803146	2.16e-05	0.5044034082866311	0.5044073193460362	0.5044097875955504	1.8051665718914292e-06
139.0	1350.8705921803146	2.2e-05	0.5044008443407897	0.5044054558710322	0.5044087248742279	2.29195845690049e-06
139.0	1350.8705921803146	2.2400000000000002e-05	0.5043979614658705	0.5044029132101079	0.5044069633532127	2.810150119951427e-06
139.0	1350.8705921803146	2.28e-05	0.5043947948966148	0.504399331452754	0.5044043037315191	3.3406292526607556e-06
139.0	1350.8705921803146	2.32e-05	0.50439095349412	0.5043912054913672	0.5043914946188535	1.2610571733877618e-07
139.0	1350.8705921803146	2.36e-05	0.5043778424185756	0.5043830546763199	0.5043882028962878	3.4977055627801547e-06
139.0	1350.8705921803146	2.4e-05	0.5043753221108505	0.5043796069636765	0.5043851456807955	2.968470200853068e-06
139.0	1350.8705921803146	2.44e-05	0.5043737231256573	0.5043772362165183	0.5043824341715331	2.4610488278933415e-06
139.0	1350.8705921803146	2.48e-05	0.5043727967491449	0.5043755714457041	0.5043800913120133	1.9991317071373587e-06
139.0	1350.8705921803146	2.5200000000000003e-05	0.5043718343103007	0.5043741990919771	0.504378092312856	1.6565449628505011e-06
139.0	1350.8705921803146	2.56e-05	0.5043711538526505	0.5043731746758282	0.5043763802892061	1.3366803215730925e-06
139.0	1350.8705921803146	2.6e-05	0.5043705653817243	0.5043722826427626	0.5043748984777698	1.0820135401462192e-06
139.0	1350.8705921803146	2.64e-05	0.5043700622197216	0.5043715247467564	0.5043735975465653	8.497338199488362e-07
139.0	1350.8705921803146	2.68e-05	0.5043695399862287	0.5043708124323651	0.5043724356603319	6.656011396110869e-07
139.0	1350.8705921803146	2.72e-05	0.5043693008572143	0.5043701664922654	0.5043713780710162	4.887813502119224e-07
139.0	1350.8705921803146	2.76e-05	0.5043688761164136	0.504369528740338	0.504370395768805	3.507642307977274e-07
139.0	1350.8705921803146	2.8e-05	0.5043684112732434	0.5043689037576363	0.5043694639244709	2.3181654873353693e-07
139.0	1350.8705921803146	2.8400000000000003e-05	0.5043679486495387	0.5043682929366492	0.5043685603869896	1.2268835996610158e-07
139.0	1350.8705921803146	2.88e-05	0.50436749382978	0.5043676964782965	0.5043679353768411	7.482203183819491e-08
139.0	1350.8705921803146	2.92e-05	0.5043666571855656	0.5043670918316353	0.5043674772771016	1.7186247821930373e-07
139.0	1350.8705921803146	2.96e-05	0.5043657815975973	0.5043664836472008	0.5043670653645735	3.1299119193801093e-07
139.0	1350.8705921803146	2.9999999999999997e-05	0.5043647921616845	0.5043658373416686	0.5043666139376395	4.6950713395498433e-07
139.0	1350.8705921803146	3.04e-05	0.5043637064908539	0.5043651450815322	0.5043661321969335	6.5897265718646e-07
139.0	1350.8705921803146	3.0799999999999996e-05	0.5043625100405142	0.504364299182187	0.5043654820035766	8.51667865274335e-07
139.0	1350.8705921803146	3.12e-05	0.5043611796941185	0.5043633207957389	0.5043649154753558	1.100220030697556e-06
139.0	1350.8705921803146	3.16e-05	0.5043597008682363	0.5043620106726777	0.5043639923681065	1.3610870952059714e-06
139.0	1350.8705921803146	3.2e-05	0.5043580329339026	0.5043601921865146	0.5043626289579652	1.626101566619291e-06
139.0	1350.8705921803146	3.2399999999999995e-05	0.5043559003439997	0.5043561488731025	0.5043564353816974	1.272718183784248e-07
139.0	1350.8705921803146	3.2800000000000004e-05	0.5043494133900293	0.5043520798513068	0.5043548033938086	1.7843052917596954e-06
139.0	1350.8705921803146	3.32e-05	0.5043481920242598	0.5043503945825129	0.5043533059399472	1.5203813020629822e-06
139.0	1350.8705921803146	3.36e-05	0.5043474356489117	0.504349255484419	0.5043519961564753	1.2700143135944438e-06
139.0	1350.8705921803146	3.4e-05	0.5043470080795176	0.5043484748892366	0.5043508864724497	1.0459022532442166e-06
139.0	1350.8705921803146	3.4399999999999996e-05	0.5043465749444644	0.5043478443998736	0.5043499570305707	8.825949373031006e-07
139.0	1350.8705921803146	3.4800000000000006e-05	0.5043462815028334	0.5043473937936134	0.5043491798253799	7.335002489513077e-07
139.0	1350.8705921803146	3.52e-05	0.5043460298866638	0.504347015790369	0.5043485273576387	6.171856360252651e-07
139.0	1350.8705921803146	3.56e-05	0.5043458283543822	0.5043467139881106	0.5043479753869642	5.123572766247416e-07
139.0	1350.8705921803146	3.6e-05	0.504345630518511	0.5043464411657873	0.5043475039468275	4.32806152860125e-07
139.0	1350.8705921803146	3.64e-05	0.5043455512464918	0.5043462095592198	0.5043470971302222	3.5923403972134883e-07
139.0	1350.8705921803146	3.68e-05	0.5043454005645156	0.5043459880871871	0.5043467424653274	3.074919781786079e-07
139.0	1350.8705921803146	3.72e-05	0.5043452449139814	0.504345779696538	0.5043464302402496	2.6743867510698606e-07
139.0	1350.8705921803146	3.76e-05	0.504345100578675	0.5043455848332403	0.5043461529050388	2.3387174393186408e-07
139.0	1350.8705921803146	3.7999999999999995e-05	0.5043449773847897	0.5043454021183303	0.5043459045795045	2.053041285049689e-07
139.0	1350.8705921803146	3.8400000000000005e-05	0.5043448786228248	0.5043452357117955	0.5043456806593873	1.8092368073941025e-07
139.0	1350.8705921803146	3.88e-05	0.5043447757189607	0.5043450818028091	0.5043454775041623	1.5849211103460222e-07
139.0	1350.8705921803146	3.9200000000000004e-05	0.5043447019451532	0.5043449464091068	0.5043452921890621	1.363733989022756e-07
139.0	1350.8705921803146	3.96e-05	0.5043446106032556	0.5043448237744064	0.504345122303123	1.1506934953191833e-07
139.0	1350.8705921803146	3.9999999999999996e-05	0.5043445232007908	0.5043447126935802	0.5043449657707875	9.796827613463576e-08
139.0	1350.8705921803146	4.0400000000000006e-05	0.5043444452544694	0.5043446085218433	0.5043448206759775	8.244968154181774e-08
139.0	1350.8705921803146	4.08e-05	0.5043443781973265	0.5043445127170367	0.504344685149059	7.010301489332536e-08
139.0	1350.8705921803146	4.12e-05	0.5043443178917082	0.504344425240038	0.5043445579914678	6.010989944646846e-08
139.0	1350.8705921803146	4.16e-05	0.5043442472839885	0.5043443476402795	0.5043444486682143	5.411639378653768e-08
139.0	1350.8705921803146	4.2e-05	0.5043442047360553	0.5043443055067411	0.5043443947272586	4.949847951872496e-08
140.0	1353.6454101522556	0.0	0.5062869873392097	0.5062900909767696	0.5062916434709148	1.0244766046707403e-06
140.0	1353.6454101522556	4e-07	0.5062850072595655	0.5062881935154886	0.5062898360171317	1.0618234132762906e-06
140.0	1353.6454101522556	8e-07	0.5062828283659764	0.5062863160900588	0.5062883384494574	1.1831485000263386e-06
140.0	1353.6454101522556	1.2000000000000002e-06	0.5062804373177281	0.5062844626474379	0.506287499641064	1.418818877807477e-06
140.0	1353.6454101522556	1.6e-06	0.5062778012898947	0.5062825094826994	0.5062859096539558	1.7071151101299333e-06
140.0	1353.6454101522556	2e-06	0.506274870140552	0.5062805076053988	0.5062844759886591	2.119304723070976e-06
140.0	1353.6454101522556	2.4000000000000003e-06	0.5062715761842158	0.5062782879337644	0.5062828627015055	2.609661605059806e-06
140.0	1353.6454101522556	2.8000000000000003e-06	0.5062678351454277	0.5062758399848829	0.5062811666894182	3.2409438058920546e-06
140.0	1353.6454101522556	3.2e-06	0.5062635422017108	0.5062727274508573	0.506278841512267	3.919396644565392e-06
140.0	1353.6454101522556	3.6e-06	0.5062586092988486	0.5062690618754322	0.5062767311002707	4.841339762113908e-06
140.0	1353.6454101522556	4e-06	0.5062530012078792	0.5062640156198335	0.5062732028707417	5.8375310532903285e-06
140.0	1353.6454101522556	4.4e-06	0.5062467837620535	0.5062568659597901	0.506267845453996	6.863561532286748e-06
140.0	1353.6454101522556	4.800000000000001e-06	0.5062397923860615	0.50624050914897	0.5062411709886039	3.400340199926861e-07
140.0	1353.6454101522556	5.2e-06	0.506214179007177	0.5062241782207136	0.5062337641482699	6.914547621575055e-06
140.0	1353.6454101522556	5.600000000000001e-06	0.506209006431547	0.5062171983485967	0.506227582827318	5.851596495218587e-06
140.0	1353.6454101522556	6e-06	0.5062056818390692	0.5062123582287235	0.5062221086833452	4.829796615902701e-06
140.0	1353.6454101522556	6.4e-06	0.5062037314625023	0.5062089197299569	0.506217340173964	3.892312433505668e-06
140.0	1353.6454101522556	6.8e-06	0.5062016880232294	0.506206058839026	0.506213225500411	3.191671297570538e-06
140.0	1353.6454101522556	7.2e-06	0.5062002090872584	0.5062038829311917	0.5062096671108156	2.529108173568201e-06
140.0	1353.6454101522556	7.6e-06	0.5061988870312923	0.5062019585597234	0.506206545309575	1.9978504230543077e-06
140.0	1353.6454101522556	8e-06	0.506197822221651	0.5062002842526145	0.5062037611632109	1.5097753855361419e-06
140.0	1353.6454101522556	8.4e-06	0.5061966321080265	0.5061986885819613	0.5062012295069822	1.115744147364138e-06
140.0	1353.6454101522556	8.8e-06	0.506196062146846	0.5061972092435135	0.5061988781562423	7.306522826217884e-07
140.0	1353.6454101522556	9.2e-06	0.5061950277778067	0.5061957339688222	0.5061966451171322	4.169842813635692e-07
140.0	1353.6454101522556	9.600000000000001e-06	0.5061938906803221	0.5061942705730179	0.5061945186163754	1.4027790517351304e-07
140.0	1353.6454101522556	9.999999999999999e-06	0.5061922794886753	0.5061928223334743	0.5061931226312035	1.8497664625961874e-07
140.0	1353.6454101522556	1.04e-05	0.506190083354408	0.5061913926541838	0.5061925537139622	5.125114230209321e-07
140.0	1353.6454101522556	1.08e-05	0.5061877946216073	0.5061899046452265	0.5061914562356131	8.472998924259973e-07
140.0	1353.6454101522556	1.1200000000000001e-05	0.5061853538231453	0.5061883802368881	0.506190450266037	1.2485578555747992e-06
140.0	1353.6454101522556	1.16e-05	0.5061826935980296	0.5061867023739395	0.5061893430926787	1.6843812542958789e-06
140.0	1353.6454101522556	1.2e-05	0.5061797380976119	0.5061848585127132	0.5061880947991693	2.216066365036888e-06
140.0	1353.6454101522556	1.24e-05	0.5061764054436937	0.5061825247764676	0.506186409532777	2.7683109184413095e-06
140.0	1353.6454101522556	1.28e-05	0.5061726098583748	0.5061797737080432	0.5061848471415846	3.493415364441925e-06
140.0	1353.6454101522556	1.32e-05	0.506168326201113	0.5061759947180201	0.5061822385479076	4.268901146952877e-06
140.0	1353.6454101522556	1.36e-05	0.5061636009732213	0.5061706441156228	0.5061782714235363	5.064397243848743e-06
140.0	1353.6454101522556	1.4e-05	0.5061581935525785	0.5061584228589942	0.5061586606704633	1.1346238777462525e-07
140.0	1353.6454101522556	1.44e-05	0.5061384470682171	0.5061461800765986	0.5061537103676725	5.213551691414653e-06
140.0	1353.6454101522556	1.48e-05	0.5061346189500409	0.5061409653306036	0.5061490942360365	4.4179958047798144e-06
140.0	1353.6454101522556	1.52e-05	0.5061321713990461	0.5061373595395113	0.5061449815024934	3.652878136397584e-06
140.0	1353.6454101522556	1.56e-05	0.5061307424532835	0.5061348079532744	0.5061414089909855	2.9525669677818136e-06
140.0	1353.6454101522556	1.6e-05	0.5061292471663181	0.5061326914258027	0.5061383395879506	2.4302834062992453e-06
140.0	1353.6454101522556	1.6400000000000002e-05	0.5061281763231769	0.5061310912638392	0.5061356924172582	1.9390402514282103e-06
140.0	1353.6454101522556	1.68e-05	0.5061272497000431	0.5061296833015587	0.5061333805333277	1.5455958170283826e-06
140.0	1353.6454101522556	1.7199999999999998e-05	0.5061264427506122	0.5061284674164837	0.5061313294821153	1.1853618151660854e-06
140.0	1353.6454101522556	1.76e-05	0.506125593387325	0.5061273136663951	0.506129475507298	8.960748646809835e-07
140.0	1353.6454101522556	1.8e-05	0.5061251933917443	0.5061262513533925	0.5061277649399942	6.150591985765314e-07
140.0	1353.6454101522556	1.84e-05	0.5061244929488584	0.5061251951894812	0.5061261521163196	3.8910375771344614e-07
140.0	1353.6454101522556	1.88e-05	0.5061237179162239	0.5061241513711021	0.5061245969231294	1.9006231688514017e-07
140.0	1353.6454101522556	1.9200000000000003e-05	0.5061229273740615	0.5061231222307117	0.5061233169856125	7.599099810631796e-08
140.0	1353.6454101522556	1.9600000000000002e-05	0.5061214840334589	0.5061221095655781	0.5061227665154009	2.729778295495564e-07
140.0	1353.6454101522556	1.9999999999999998e-05	0.5061198830943354	0.5061210637558372	0.5061219694639991	5.012881519631485e-07
140.0	1353.6454101522556	2.04e-05	0.5061181891659379	0.5061199980192561	0.5061212586038648	7.748468240878382e-07
140.0	1353.6454101522556	2.08e-05	0.5061163566436591	0.5061188365545259	0.5061204628368756	1.0716010644562175e-06
140.0	1353.6454101522556	2.12e-05	0.5061143346457078	0.5061175693549442	0.50611959954706	1.4326973526104653e-06
140.0	1353.6454101522556	2.16e-05	0.5061120694546402	0.5061159805529775	0.5061184488058261	1.8052230498467873e-06
140.0	1353.6454101522556	2.2e-05	0.5061095054432956	0.5061141170326093	0.5061173860501125	2.292029146306092e-06
140.0	1353.6454101522556	2.2400000000000002e-05	0.5061066224943804	0.5061115743082935	0.5061156244814624	2.810238496636167e-06
140.0	1353.6454101522556	2.28e-05	0.5061034558419859	0.5061079924592398	0.5061129647895424	3.3407412073725523e-06
140.0	1353.6454101522556	2.32e-05	0.5060996141855583	0.5060998662676705	0.5061001554764912	1.2613494089065698e-07
140.0	1353.6454101522556	2.36e-05	0.5060865027462915	0.5060917152374567	0.5060968636639789	3.4977839648811163e-06
140.0	1353.6454101522556	2.4e-05	0.5060839823657286	0.5060882674243852	0.5060938063634	2.9685438395698574e-06
140.0	1353.6454101522556	2.44e-05	0.5060823833354817	0.5060858966064982	0.5060910947771236	2.4611129499712536e-06
140.0	1353.6454101522556	2.48e-05	0.5060814569388494	0.5060842317850338	0.5060887518494921	1.99918508541502e-06
140.0	1353.6454101522556	2.5200000000000003e-05	0.5060804944690354	0.5060828593889961	0.5060867527910986	1.6565894700025916e-06
140.0	1353.6454101522556	2.56e-05	0.506079814001839	0.5060818349382542	0.5060850407150594	1.3367185772218265e-06
140.0	1353.6454101522556	2.6e-05	0.5060792254959656	0.5060809428732805	0.5060835588569734	1.08204752738146e-06
140.0	1353.6454101522556	2.64e-05	0.5060787223249505	0.5060801849495312	0.506082257883679	8.497638430154685e-07
140.0	1353.6454101522556	2.68e-05	0.5060782000835804	0.5060794726100052	0.506081095958888	6.656267273081141e-07
140.0	1353.6454101522556	2.72e-05	0.5060779609384403	0.506078826646572	0.5060800383336526	4.888042156885936e-07
140.0	1353.6454101522556	2.76e-05	0.5060775361813823	0.5060781888715015	0.506079055997354	3.507854283833095e-07
140.0	1353.6454101522556	2.8e-05	0.5060770713095302	0.5060775638661926	0.5060781241200143	2.3183780598553397e-07
140.0	1353.6454101522556	2.8400000000000003e-05	0.5060766086662865	0.5060769530231967	0.5060772205498525	1.2271665423202637e-07
140.0	1353.6454101522556	2.88e-05	0.5060761537674772	0.5060763565432563	0.506076595589434	7.486857733937617e-08
140.0	1353.6454101522556	2.92e-05	0.5060753170882597	0.5060757518741552	0.506076137470477	1.7189045371403082e-07
140.0	1353.6454101522556	2.96e-05	0.5060744414620348	0.5060751436681405	0.506075725537702	3.1301947463914436e-07
140.0	1353.6454101522556	2.9999999999999997e-05	0.5060734521794048	0.5060744973390445	0.5060752741033525	4.695414625631937e-07
140.0	1353.6454101522556	3.04e-05	0.5060723664631261	0.5060738050518359	0.506074792340895	6.590159671664308e-07
140.0	1353.6454101522556	3.0799999999999996e-05	0.5060711699608307	0.5060729591157839	0.5060741421273622	8.51719124656524e-07
140.0	1353.6454101522556	3.12e-05	0.5060698395546259	0.5060719806862498	0.5060735755732768	1.1002836833442033e-06
140.0	1353.6454101522556	3.16e-05	0.506068360659655	0.5060706705042963	0.506072652430066	1.361166784127604e-06
140.0	1353.6454101522556	3.2e-05	0.5060666924212285	0.5060688519339925	0.5060712889659511	1.626203273641376e-06
140.0	1353.6454101522556	3.2399999999999995e-05	0.5060645597794595	0.506064808411644	0.5060650950162708	1.2731074120436725e-07
140.0	1353.6454101522556	3.2800000000000004e-05	0.5060580724910082	0.5060607391918703	0.5060634629469511	1.7843817807441028e-06
140.0	1353.6454101522556	3.32e-05	0.5060568510580135	0.5060590538315933	0.5060619654166159	1.520454574672283e-06
140.0	1353.6454101522556	3.36e-05	0.5060560946432062	0.5060579146697701	0.5060606555645455	1.2700797824923636e-06
140.0	1353.6454101522556	3.4e-05	0.5060556670582415	0.506057134029972	0.5060595458207517	1.0459586426166594e-06
140.0	1353.6454101522556	3.4399999999999996e-05	0.5060552338951139	0.5060565035038755	0.5060586163272847	8.826440413535851e-07
140.0	1353.6454101522556	3.4800000000000006e-05	0.506054940449153	0.5060560528684797	0.5060578390774939	7.335446281656621e-07
140.0	1353.6454101522556	3.52e-05	0.5060546887988329	0.5060556748390119	0.5060571865710415	6.172269837985056e-07
140.0	1353.6454101522556	3.56e-05	0.5060544872613884	0.5060553730148801	0.50605663456657	5.123961837598921e-07
140.0	1353.6454101522556	3.6e-05	0.5060542894231199	0.506055100173488	0.5060561630967397	4.328422140980182e-07
140.0	1353.6454101522556	3.64e-05	0.5060542101387124	0.5060548685501526	0.5060557562538905	3.592685682292194e-07
140.0	1353.6454101522556	3.68e-05	0.5060540594448302	0.506054647061858	0.506055401565682	3.075256932460098e-07
140.0	1353.6454101522556	3.72e-05	0.5060539037697458	0.5060544386558887	0.5060550893198021	2.6747183455936365e-07
140.0	1353.6454101522556	3.76e-05	0.5060537594202117	0.5060542437782902	0.5060548119659654	2.3390452039511496e-07
140.0	1353.6454101522556	3.7999999999999995e-05	0.5060536362121457	0.5060540610498293	0.5060545636237048	2.053370180579671e-07
140.0	1353.6454101522556	3.8400000000000005e-05	0.5060535374396551	0.5060538946305164	0.5060543396885402	1.809578467759372e-07
140.0	1353.6454101522556	3.88e-05	0.5060534345246861	0.5060537407107384	0.506054136519765	1.5852696378082602e-07
140.0	1353.6454101522556	3.9200000000000004e-05	0.5060533607356614	0.5060536053073181	0.5060539511924755	1.364105378974884e-07
140.0	1353.6454101522556	3.96e-05	0.5060532693822006	0.5060534826629322	0.5060537812956163	1.151112212201017e-07
140.0	1353.6454101522556	3.9999999999999996e-05	0.5060531819719705	0.5060533715712716	0.5060536247535845	9.801749969944547e-08
140.0	1353.6454101522556	4.0400000000000006e-05	0.506053104011456	0.5060532673897941	0.5060534796503093	8.250784746595056e-08
140.0	1353.6454101522556	4.08e-05	0.5060530369421032	0.5060531715776341	0.5060533441161992	7.017049507795991e-08
140.0	1353.6454101522556	4.12e-05	0.5060529766047814	0.5060530840967523	0.5060532169528642	6.018707403815506e-08
140.0	1353.6454101522556	4.16e-05	0.5060529060128847	0.5060530064992562	0.506053107629187	5.419808560273933e-08
140.0	1353.6454101522556	4.2e-05	0.5060528634651433	0.5060529644020192	0.5060530536921721	4.957283656833884e-08
141.0	1356.4202281241967	0.0	0.5079985271195868	0.5080016307311597	0.5080031831912191	1.0244622115294658e-06
141.0	1356.4202281241967	4e-07	0.5079965470394399	0.5079997332695937	0.5080013757842767	1.0618100949926173e-06
141.0	1356.4202281241967	8e-07	0.5079943681439847	0.5079978558435424	0.5079998782154869	1.1831385160663114e-06
141.0	1356.4202281241967	1.2000000000000002e-06	0.5079919770924128	0.5079960023999451	0.5079990394153464	1.4188145367837571e-06
141.0	1356.4202281241967	1.6e-06	0.5079893410595693	0.5079940492329407	0.5079974494165027	1.7071147036756776e-06
141.0	1356.4202281241967	2e-06	0.5079864099031788	0.507992047354073	0.5079960157400212	2.119310560217452e-06
141.0	1356.4202281241967	2.4000000000000003e-06	0.5079831159372903	0.5079898276795456	0.5079944024582312	2.609673989946528e-06
141.0	1356.4202281241967	2.8000000000000003e-06	0.5079793748858679	0.5079873797248355	0.5079927064301843	3.240962789681018e-06
141.0	1356.4202281241967	3.2e-06	0.5079750819172899	0.5079842671789242	0.5079903812432258	3.919420089618012e-06
141.0	1356.4202281241967	3.6e-06	0.5079701489940742	0.5079806015887742	0.5079882708150354	4.8413704032706976e-06
141.0	1356.4202281241967	4e-06	0.5079645408781923	0.5079755553111753	0.5079847425661645	5.837571253954467e-06
141.0	1356.4202281241967	4.4e-06	0.5079583234031588	0.5079684056178292	0.507979385121132	6.863616506787725e-06
141.0	1356.4202281241967	4.800000000000001e-06	0.5079513320219817	0.5079520487102963	0.5079527104435124	3.3997630514995304e-07
141.0	1356.4202281241967	5.2e-06	0.507925718473869	0.5079357177043096	0.507945303561919	6.914561556531858e-06
141.0	1356.4202281241967	5.600000000000001e-06	0.5079205457627545	0.5079287377897451	0.5079391223753831	5.851614090899705e-06
141.0	1356.4202281241967	6e-06	0.5079172211508247	0.5079238976387761	0.5079336482002015	4.829812798597245e-06
141.0	1356.4202281241967	6.4e-06	0.5079152707678372	0.5079204591167483	0.5079288796620931	3.892325212207885e-06
141.0	1356.4202281241967	6.8e-06	0.5079132273133871	0.5079175982058715	0.5079247649585081	3.191680527679526e-06
141.0	1356.4202281241967	7.2e-06	0.5079117483767428	0.5079154222797536	0.5079212065449825	2.5291158007645173e-06
141.0	1356.4202281241967	7.6e-06	0.5079104263379071	0.5079134978902171	0.5079180847213332	1.997857457265805e-06
141.0	1356.4202281241967	8e-06	0.5079093615133523	0.507911823566785	0.507915300553714	1.509781157405674e-06
141.0	1356.4202281241967	8.4e-06	0.5079081714360676	0.5079102278815396	0.507912768877028	1.1157469505490195e-06
141.0	1356.4202281241967	8.8e-06	0.5079076015436419	0.5079087485289708	0.5079104175062872	7.306526040369707e-07
141.0	1356.4202281241967	9.2e-06	0.5079065671663834	0.5079072732401075	0.5079081844472704	4.1698032508828675e-07
141.0	1356.4202281241967	9.600000000000001e-06	0.5079054300553683	0.5079058098302823	0.507906057773206	1.4026072178758315e-07
141.0	1356.4202281241967	9.999999999999999e-06	0.5079038187801261	0.5079043615769059	0.5079046618237655	1.8496895620062065e-07
141.0	1356.4202281241967	1.04e-05	0.5079016226235549	0.507902931883876	0.5079040929355534	5.125173391391379e-07
141.0	1356.4202281241967	1.08e-05	0.5078993338664146	0.5079014438599929	0.5079029954356962	8.473114707151245e-07
141.0	1356.4202281241967	1.1200000000000001e-05	0.5078968930407131	0.5078999194373629	0.5079019894467951	1.248577489995029e-06
141.0	1356.4202281241967	1.16e-05	0.5078942327844063	0.5078982415580212	0.5079008822732956	1.684409669812347e-06
141.0	1356.4202281241967	1.2e-05	0.507891277247607	0.5078963976767119	0.507899633953163	2.2161046644660962e-06
141.0	1356.4202281241967	1.24e-05	0.507887944548326	0.5078940639110491	0.5078979486654989	2.768357404197313e-06
141.0	1356.4202281241967	1.28e-05	0.5078841489123427	0.5078913128072161	0.5078963862459878	3.4934740615845446e-06
141.0	1356.4202281241967	1.32e-05	0.5078798651958802	0.5078875337669493	0.5078937776142514	4.268975273777759e-06
141.0	1356.4202281241967	1.36e-05	0.5078751399007695	0.5078821830908955	0.5078898104332783	5.064492478628731e-06
141.0	1356.4202281241967	1.4e-05	0.507869732341983	0.5078699616437938	0.5078701995272379	1.1346305098042413e-07
141.0	1356.4202281241967	1.44e-05	0.5078499854775878	0.5078577186862883	0.507865249150278	5.213610877407014e-06
141.0	1356.4202281241967	1.48e-05	0.5078461572984327	0.5078525038561715	0.5078606329478443	4.418052575686819e-06
141.0	1356.4202281241967	1.52e-05	0.5078437097093298	0.5078488980051378	0.5078565201495779	3.6529276265537222e-06
141.0	1356.4202281241967	1.56e-05	0.507842280747064	0.5078463463753642	0.5078529475801705	2.952607667735993e-06
141.0	1356.4202281241967	1.6e-05	0.5078407854330571	0.5078442298111446	0.5078498781258594	2.430316589489838e-06
141.0	1356.4202281241967	1.6400000000000002e-05	0.5078397145822091	0.507842629618298	0.5078472309094542	1.939068282167772e-06
141.0	1356.4202281241967	1.68e-05	0.5078387879269695	0.5078412216269821	0.5078449189841638	1.5456203829257025e-06
141.0	1356.4202281241967	1.7199999999999998e-05	0.5078379809697768	0.507840005716122	0.5078428678949862	1.1853829990311161e-06
141.0	1356.4202281241967	1.76e-05	0.5078371315993255	0.5078388519424623	0.5078410138847431	8.96091875000108e-07
141.0	1356.4202281241967	1.8e-05	0.5078367315878252	0.5078377896071614	0.507839303283788	6.150736006914946e-07
141.0	1356.4202281241967	1.84e-05	0.5078360311295143	0.5078367334209575	0.5078376904275164	3.8911644374002536e-07
141.0	1356.4202281241967	1.88e-05	0.5078352560693746	0.5078356895805802	0.5078361352020773	1.9007665693014603e-07
141.0	1356.4202281241967	1.9200000000000003e-05	0.5078344654448061	0.5078346604185454	0.507834855222173	7.602199931435161e-08
141.0	1356.4202281241967	1.9600000000000002e-05	0.5078330222455509	0.5078336477319986	0.5078343048322767	2.7299610396684927e-07
141.0	1356.4202281241967	1.9999999999999998e-05	0.5078314212705184	0.5078326018995255	0.5078335077615161	5.013082005887526e-07
141.0	1356.4202281241967	2.04e-05	0.5078297273028927	0.5078315361407187	0.5078327967488745	7.748744104035929e-07
141.0	1356.4202281241967	2.08e-05	0.5078278947367192	0.5078303746510067	0.5078320009280723	1.0716379760075254e-06
141.0	1356.4202281241967	2.12e-05	0.5078258726886355	0.5078291074222088	0.5078311376039428	1.432745585767042e-06
141.0	1356.4202281241967	2.16e-05	0.507823607439498	0.5078275185798403	0.5078299868340244	1.8052812461181912e-06
141.0	1356.4202281241967	2.2e-05	0.5078210433602637	0.5078256550114022	0.507828924041803	2.2921020647982726e-06
141.0	1356.4202281241967	2.2400000000000002e-05	0.5078181603333123	0.5078231122201606	0.5078271624228341	2.810329759209471e-06
141.0	1356.4202281241967	2.28e-05	0.5078149935932537	0.5078195302743848	0.5078245026578072	3.340856653155316e-06
141.0	1356.4202281241967	2.32e-05	0.5078111516694976	0.5078114038416778	0.5078116931341379	1.2616534250694503e-07
141.0	1356.4202281241967	2.36e-05	0.507798039844487	0.5078032525830019	0.5078084012267761	3.497869110146439e-06
141.0	1356.4202281241967	2.4e-05	0.5077955193862058	0.5077998046640602	0.5078053438364627	2.968623264147387e-06
141.0	1356.4202281241967	2.44e-05	0.5077939203086315	0.5077974337716732	0.507802632168973	2.4611819946742543e-06
141.0	1356.4202281241967	2.48e-05	0.507792993890992	0.5077957688970137	0.5078002891695386	1.9992425071788074e-06
141.0	1356.4202281241967	2.5200000000000003e-05	0.5077920313879156	0.5077943964565487	0.5077982900497	1.656637401059025e-06
141.0	1356.4202281241967	2.56e-05	0.5077913509109306	0.5077933719697859	0.5077965779184659	1.3367595457382343e-06
141.0	1356.4202281241967	2.6e-05	0.5077907623679732	0.5077924798717095	0.5077950960112689	1.082083538260385e-06
141.0	1356.4202281241967	2.64e-05	0.5077902591873737	0.5077917219190573	0.5077937949936908	8.497954595544628e-07
141.0	1356.4202281241967	2.68e-05	0.5077897369378581	0.5077910095532033	0.5077926330283553	6.656536361843542e-07
141.0	1356.4202281241967	2.72e-05	0.507789497776959	0.5077903635653452	0.5077915753653617	4.88828085808009e-07
141.0	1356.4202281241967	2.76e-05	0.5077890730032282	0.5077897257659859	0.5077905929932474	3.508074571139801e-07
141.0	1356.4202281241967	2.8e-05	0.5077886081017544	0.507789100736878	0.507789661081234	2.3185986876815436e-07
141.0	1356.4202281241967	2.8400000000000003e-05	0.5077881454378348	0.5077884898706359	0.5077887574767468	1.2274607771715653e-07
141.0	1356.4202281241967	2.88e-05	0.5077876904609235	0.5077878933678346	0.5077881325610445	7.491676867905999e-08
141.0	1356.4202281241967	2.92e-05	0.5077868537449213	0.5077872886749898	0.5077876744216123	1.7191940704404692e-07
141.0	1356.4202281241967	2.96e-05	0.5077859780785268	0.507786680445979	0.5077872624676427	3.130486224940271e-07
141.0	1356.4202281241967	2.9999999999999997e-05	0.507784988952495	0.5077860340916518	0.5077868110256736	4.695765344610996e-07
141.0	1356.4202281241967	3.04e-05	0.5077839031884563	0.5077853417756687	0.5077863292399698	6.59060201075649e-07
141.0	1356.4202281241967	3.0799999999999996e-05	0.5077827066315965	0.5077844958009416	0.5077856790054627	8.517715800575065e-07
141.0	1356.4202281241967	3.12e-05	0.5077813761626109	0.5077835173260262	0.507785112423659	1.1003488455814692e-06
141.0	1356.4202281241967	3.16e-05	0.5077798971976666	0.5077822070822999	0.5077841892425559	1.3612484555403006e-06
141.0	1356.4202281241967	3.2e-05	0.5077782286429064	0.507780388423849	0.5077828257215993	1.6263074143024147e-06
141.0	1356.4202281241967	3.2399999999999995e-05	0.5077760959421456	0.5077763446839809	0.5077766313871148	1.2735142937621506e-07
141.0	1356.4202281241967	3.2800000000000004e-05	0.5077696083008538	0.5077722752552284	0.5077749992322866	1.7844642592020327e-06
141.0	1356.4202281241967	3.32e-05	0.5077683867972071	0.5077705897990106	0.507773501621636	1.5205331083147663e-06
141.0	1356.4202281241967	3.36e-05	0.5077676303407985	0.5077694505704224	0.5077721916975309	1.2701498522426605e-06
141.0	1356.4202281241967	3.4e-05	0.5077672027400286	0.5077686698840843	0.50777108189562	1.0460189095541907e-06
141.0	1356.4202281241967	3.4399999999999996e-05	0.5077667695472456	0.5077680393197026	0.5077701523483009	8.826965354813072e-07
141.0	1356.4202281241967	3.4800000000000006e-05	0.507766476097105	0.507767588654187	0.5077693750520096	7.335919054854356e-07
141.0	1356.4202281241967	3.52e-05	0.5077662244113066	0.5077672105978371	0.5077687225052552	6.172706430462412e-07
141.0	1356.4202281241967	3.56e-05	0.5077660228687568	0.5077669087512127	0.5077681704656509	5.124370941542769e-07
141.0	1356.4202281241967	3.6e-05	0.5077658250282369	0.5077666358901451	0.5077676989650008	4.328800690492384e-07
141.0	1356.4202281241967	3.64e-05	0.5077657457317724	0.5077664042495444	0.5077672920949565	3.593046552277156e-07
141.0	1356.4202281241967	3.68e-05	0.507765595025905	0.5077661827444534	0.5077669373826268	3.0756084304757347e-07
141.0	1356.4202281241967	3.72e-05	0.5077654393261479	0.5077659743226035	0.507766625115261	2.675063807965757e-07
141.0	1356.4202281241967	3.76e-05	0.5077652949622076	0.5077657794301197	0.5077663477422147	2.3393870333083338e-07
141.0	1356.4202281241967	3.7999999999999995e-05	0.5077651717397034	0.5077655966874841	0.507766099382736	2.053714055553358e-07
141.0	1356.4202281241967	3.8400000000000005e-05	0.5077650729560599	0.5077654302547985	0.5077658754321055	1.8099359651457416e-07
141.0	1356.4202281241967	3.88e-05	0.507764970029827	0.5077652763236076	0.5077656722494286	1.5856351378083626e-07
141.0	1356.4202281241967	3.9200000000000004e-05	0.5077648962255665	0.5077651409097078	0.5077654869096593	1.364497152367173e-07
141.0	1356.4202281241967	3.96e-05	0.5077648048604537	0.5077650182551307	0.5077653170016445	1.1515534730783463e-07
141.0	1356.4202281241967	3.9999999999999996e-05	0.5077647174408888	0.507764907152251	0.5077651604497451	9.806918679051088e-08
141.0	1356.4202281241967	4.0400000000000006e-05	0.5077646394660515	0.5077648029606404	0.5077650153378954	8.25686985158341e-08
141.0	1356.4202281241967	4.08e-05	0.5077645723849349	0.5077647071407375	0.5077648797965582	7.024096084499012e-08
141.0	1356.4202281241967	4.12e-05	0.5077645120157097	0.5077646196554907	0.5077647526274864	6.026752616476561e-08
141.0	1356.4202281241967	4.16e-05	0.5077644414379261	0.5077645420599297	0.5077646433013578	5.428317908679589e-08
141.0	1356.4202281241967	4.2e-05	0.5077643988898224	0.5077644999995901	0.5077645893686125	4.965094034750541e-08
142.0	1359.1950460961377	0.0	0.5097128559848603	0.5097159595692551	0.5097175119937587	1.0244470728558467e-06
142.0	1359.1950460961377	4e-07	0.5097108759041973	0.509714062107385	0.5097157046298104	1.0617960564373615e-06
142.0	1359.1950460961377	8e-07	0.5097086970068299	0.5097121846806745	0.509714207059834	1.1831278936132663e-06
142.0	1359.1950460961377	1.2000000000000002e-06	0.5097063059518492	0.5097103312360115	0.509713368266719	1.4188096316643485e-06
142.0	1359.1950460961377	1.6e-06	0.5097036699138702	0.5097083780666378	0.509711778255534	1.7071138634233876e-06
142.0	1359.1950460961377	2e-06	0.5097007387502588	0.5097063761859764	0.5097103445669333	2.1193160257399174e-06
142.0	1359.1950460961377	2.4000000000000003e-06	0.5096974447745835	0.5097041565081042	0.5097087312924566	2.609685830923849e-06
142.0	1359.1950460961377	2.8000000000000003e-06	0.5096937037102158	0.509701708547109	0.5097070352472635	3.2409811527779767e-06
142.0	1359.1950460961377	3.2e-06	0.5096894107169705	0.5096985959888921	0.5097047100508574	3.919442932594799e-06
142.0	1359.1950460961377	3.6e-06	0.5096844777728613	0.5096949303834989	0.509702599605447	4.841400410666988e-06
142.0	1359.1950460961377	4e-06	0.509678869631383	0.5096898840833732	0.5096990713369047	5.837610923335763e-06
142.0	1359.1950460961377	4.4e-06	0.5096726521262962	0.5096827343559086	0.5096937138635376	6.863670970882222e-06
142.0	1359.1950460961377	4.800000000000001e-06	0.5096656607400547	0.5096663773501849	0.5096670389741318	3.39916881056236e-07
142.0	1359.1950460961377	5.2e-06	0.5096400470097597	0.5096500462626236	0.5096596320500772	6.914578085133923e-06
142.0	1359.1950460961377	5.600000000000001e-06	0.5096348741591097	0.5096430663041689	0.5096534510015802	5.851633939194906e-06
142.0	1359.1950460961377	6e-06	0.5096315495270254	0.5096382261210756	0.5096479767941	4.8298309738456586e-06
142.0	1359.1950460961377	6.4e-06	0.5096295991380391	0.5096347875752111	0.5096432082262652	3.892339607429996e-06
142.0	1359.1950460961377	6.8e-06	0.5096275556674001	0.5096319266439054	0.5096390934924155	3.191691123785636e-06
142.0	1359.1950460961377	7.2e-06	0.509626076730795	0.5096297506992891	0.5096355350541435	2.529124434396448e-06
142.0	1359.1950460961377	7.6e-06	0.5096247547123296	0.5096278262915493	0.5096324132073429	1.997865078453867e-06
142.0	1359.1950460961377	8e-06	0.5096236898734983	0.5096261519515203	0.5096296290177795	1.509787339420519e-06
142.0	1359.1950460961377	8.4e-06	0.5096224998289243	0.5096245562513149	0.509627097319993	1.1157500941637975e-06
142.0	1359.1950460961377	8.8e-06	0.5096219300089215	0.5096230768842842	0.5096247459286287	7.306531065948053e-07
142.0	1359.1950460961377	9.2e-06	0.5096208956225219	0.5096216015808576	0.5096225128490905	4.1697645104683415e-07
142.0	1359.1950460961377	9.600000000000001e-06	0.5096197584974407	0.5096201381565998	0.5096203859966462	1.4024345815819416e-07
142.0	1359.1950460961377	9.999999999999999e-06	0.5096181471414738	0.5096186898889579	0.5096189900847907	1.8496120269256823e-07
142.0	1359.1950460961377	1.04e-05	0.5096159509619476	0.5096172601817063	0.5096184212190789	5.125232772685325e-07
142.0	1359.1950460961377	1.08e-05	0.5096136621797598	0.5096157721423917	0.5096173236968138	8.473232240119817e-07
142.0	1359.1950460961377	1.1200000000000001e-05	0.5096112213260371	0.5096142477048421	0.5096163176878168	1.2485973837516119e-06
142.0	1359.1950460961377	1.16e-05	0.5096085610376528	0.5096125698082327	0.5096152105155616	1.6844382043275087e-06
142.0	1359.1950460961377	1.2e-05	0.5096056054634488	0.5096107259059272	0.5096139621674434	2.216143084004319e-06
142.0	1359.1950460961377	1.24e-05	0.5096022727178866	0.5096083921098826	0.5096122768586655	2.7684041551408285e-06
142.0	1359.1950460961377	1.28e-05	0.5095984770297672	0.5096056409694726	0.5096107144096349	3.493533155176855e-06
142.0	1359.1950460961377	1.32e-05	0.5095941932523784	0.5096018618774917	0.5096081057385939	4.2690500382807446e-06
142.0	1359.1950460961377	1.36e-05	0.5095894678880617	0.5095965111256411	0.5096041385003138	5.0645885240220864e-06
142.0	1359.1950460961377	1.4e-05	0.5095840601869606	0.5095842894836284	0.5095845274413717	1.1346415468108014e-07
142.0	1359.1950460961377	1.44e-05	0.5095643129259741	0.5095720463443197	0.5095795769879539	5.213673926480519e-06
142.0	1359.1950460961377	1.48e-05	0.5095604846829982	0.5095668314274211	0.5095749607124924	4.418112661441041e-06
142.0	1359.1950460961377	1.52e-05	0.5095580370547665	0.5095632255145686	0.509570847847435	3.6529799679289612e-06
142.0	1359.1950460961377	1.56e-05	0.5095566080758225	0.5095606738400225	0.5095672752182674	2.9526507027307915e-06
142.0	1359.1950460961377	1.6e-05	0.5095551127332119	0.5095585572380035	0.5095642057111265	2.4303517575149485e-06
142.0	1359.1950460961377	1.6400000000000002e-05	0.5095540418749245	0.5095569570136262	0.5095615584475004	1.939097826239929e-06
142.0	1359.1950460961377	1.68e-05	0.5095531151858008	0.5095555489927464	0.509559246479486	1.545645957864388e-06
142.0	1359.1950460961377	1.7199999999999998e-05	0.5095523082206892	0.5095543330554934	0.5095571953510882	1.185404922178341e-06
142.0	1359.1950460961377	1.76e-05	0.5095514588431511	0.5095531792575805	0.5095553413042451	8.961094707457228e-07
142.0	1359.1950460961377	1.8e-05	0.5095510588163341	0.5095521168993412	0.5095536306685089	6.150883692858505e-07
142.0	1359.1950460961377	1.84e-05	0.5095503583424721	0.5095510606901389	0.5095520177785327	3.891293959294994e-07
142.0	1359.1950460961377	1.88e-05	0.5095495832543904	0.5095500168270002	0.5095504625197318	1.900913641140192e-07
142.0	1359.1950460961377	1.9200000000000003e-05	0.5095487925482001	0.5095489876424985	0.5095491824970626	7.605428453923544e-08
142.0	1359.1950460961377	1.9600000000000002e-05	0.5095473494939675	0.5095479749336586	0.5095486321838685	2.730150156437237e-07
142.0	1359.1950460961377	1.9999999999999998e-05	0.5095457484816901	0.509546929077528	0.5095478350928548	5.013289520105133e-07
142.0	1359.1950460961377	2.04e-05	0.5095440544733592	0.5095458632954417	0.5095471239259313	7.749028165247733e-07
142.0	1359.1950460961377	2.08e-05	0.5095422218616177	0.5095447017794301	0.5095463280474872	1.0716756856055653e-06
142.0	1359.1950460961377	2.12e-05	0.5095401997614779	0.5095434345200187	0.5095454646874327	1.4327948106440198e-06
142.0	1359.1950460961377	2.16e-05	0.5095379344520268	0.5095418456355791	0.5095443138883482	1.8053407321486603e-06
142.0	1359.1950460961377	2.2e-05	0.5095353703026246	0.5095399820170419	0.5095432510578091	2.292176605753355e-06
142.0	1359.1950460961377	2.2400000000000002e-05	0.5095324871946882	0.5095374391561858	0.5095414893865673	2.8104230902102365e-06
142.0	1359.1950460961377	2.28e-05	0.5095293203636162	0.5095338571098313	0.5095388295457406	3.340974570832112e-06
142.0	1359.1950460961377	2.32e-05	0.509525478159504	0.5095257304275876	0.5095260198064242	1.2619710212884472e-07
142.0	1359.1950460961377	2.36e-05	0.5095123659310863	0.5095175789298716	0.5095227278002961	3.4979598398606472e-06
142.0	1359.1950460961377	2.4e-05	0.5095098453916567	0.5095141309007098	0.5095196703164904	2.9687074963535792e-06
142.0	1359.1950460961377	2.44e-05	0.5095082462646365	0.5095117599307685	0.5095169585643546	2.4612551551106116e-06
142.0	1359.1950460961377	2.48e-05	0.5095073198254747	0.5095100950008321	0.509514615490076	1.9993033253835185e-06
142.0	1359.1950460961377	2.5200000000000003e-05	0.5095063572871474	0.5095087225141598	0.509512616307628	1.6566882501997963e-06
142.0	1359.1950460961377	2.56e-05	0.5095056768002193	0.5095076979901103	0.5095109041189323	1.3368029196122148e-06
142.0	1359.1950460961377	2.6e-05	0.5095050882181411	0.5095068058579035	0.5095094221606091	1.082121382856698e-06
142.0	1359.1950460961377	2.64e-05	0.5095045850275017	0.5095060478753382	0.5095081210969408	8.498285833259798e-07
142.0	1359.1950460961377	2.68e-05	0.5095040627696328	0.5095053354821153	0.5095069590894088	6.656818543861176e-07
142.0	1359.1950460961377	2.72e-05	0.5095038235932217	0.509504689468885	0.5095059013871275	4.888530224881748e-07
142.0	1359.1950460961377	2.76e-05	0.5095033988024102	0.5095040516442402	0.5095049189777514	3.5083044869751137e-07
142.0	1359.1950460961377	2.8e-05	0.5095029338702055	0.5095034265902985	0.5095039870296754	2.3188293216231558e-07
142.0	1359.1950460961377	2.8400000000000003e-05	0.5095024711848746	0.5095028156997411	0.5095030833895056	1.227768743383084e-07
142.0	1359.1950460961377	2.88e-05	0.5095020161314681	0.509502219172967	0.5095024585124666	7.496660248495624e-08
142.0	1359.1950460961377	2.92e-05	0.5095011793772901	0.5095016144552456	0.5095020003513682	1.719490374375621e-07
142.0	1359.1950460961377	2.96e-05	0.5095003036692569	0.5095010062020364	0.5095015883751168	3.130782105639054e-07
142.0	1359.1950460961377	2.9999999999999997e-05	0.5094993147037838	0.5095003598210358	0.5095011369253637	4.696117508128483e-07
142.0	1359.1950460961377	3.04e-05	0.5094982288903154	0.5094996674749668	0.5095006551149606	6.591047021507061e-07
142.0	1359.1950460961377	3.0799999999999996e-05	0.5094970322770571	0.5094988214601283	0.509500004858987	8.518245105754566e-07
142.0	1359.1950460961377	3.12e-05	0.5094957017432389	0.5094978429381808	0.5094994382477749	1.1004147004812122e-06
142.0	1359.1950460961377	3.16e-05	0.5094942227077093	0.5094965326306272	0.5094985150272935	1.3613311484208239e-06
142.0	1359.1950460961377	3.2e-05	0.509492553825762	0.5094947138811947	0.5094971514477669	1.6264128769875906e-06
142.0	1359.1950460961377	3.2399999999999995e-05	0.5094904210601605	0.5094906699178524	0.5094909567229884	1.2739379899915127e-07
142.0	1359.1950460961377	3.2800000000000004e-05	0.5094839330513832	0.509486600271704	0.5094893244798611	1.7845515950076801e-06
142.0	1359.1950460961377	3.32e-05	0.5094827114743241	0.5094849147162053	0.5094878267862439	1.5206158864909101e-06
142.0	1359.1950460961377	3.36e-05	0.5094819549753415	0.5094837754186031	0.5094865167877103	1.2702236190745583e-06
142.0	1359.1950460961377	3.4e-05	0.5094815273588367	0.5094829946842759	0.5094854069266495	1.0460823274319874e-06
142.0	1359.1950460961377	3.4399999999999996e-05	0.5094810941352392	0.5094823640804518	0.5094844773236975	8.827518141281877e-07
142.0	1359.1950460961377	3.4800000000000006e-05	0.5094808006812439	0.509481913384132	0.5094836999794268	7.33641569945052e-07
142.0	1359.1950460961377	3.52e-05	0.5094805489594565	0.5094815353005571	0.5094830473911465	6.173161240610943e-07
142.0	1359.1950460961377	3.56e-05	0.5094803474120715	0.5094812334310557	0.5094824953153916	5.12479560071129e-07
142.0	1359.1950460961377	3.6e-05	0.5094801495695389	0.5094809605499234	0.5094820237830708	4.329192881915968e-07
142.0	1359.1950460961377	3.64e-05	0.5094800702612288	0.5094807288917231	0.5094816168851146	3.593419063367064e-07
142.0	1359.1950460961377	3.68e-05	0.5094799195432307	0.5094805073694384	0.5094812621480518	3.0759706650532305e-07
142.0	1359.1950460961377	3.72e-05	0.5094797638191473	0.5094802989312701	0.5094809498586699	2.675419763226988e-07
142.0	1359.1950460961377	3.76e-05	0.5094796194404294	0.5094801040234178	0.5094806724659504	2.3397398041279667e-07
142.0	1359.1950460961377	3.7999999999999995e-05	0.5094794962028715	0.5094799212660667	0.5094804240888351	2.0540700703897999e-07
142.0	1359.1950460961377	3.8400000000000005e-05	0.5094793974071656	0.5094797548194859	0.5094802001223586	1.8103065046522327e-07
142.0	1359.1950460961377	3.88e-05	0.5094792944694353	0.5094796008763208	0.5094799969254256	1.5860147433880477e-07
142.0	1359.1950460961377	3.9200000000000004e-05	0.5094792206499124	0.5094794654512467	0.5094798115728372	1.364905934395761e-07
142.0	1359.1950460961377	3.96e-05	0.509479129272699	0.5094793427859554	0.5094796416533418	1.1520138886270857e-07
142.0	1359.1950460961377	3.9999999999999996e-05	0.5094790418430843	0.5094792316713267	0.5094794850912558	9.812304904410602e-08
142.0	1359.1950460961377	4.0400000000000006e-05	0.5094789638531223	0.5094791274689457	0.5094793399705297	8.263207058643999e-08
142.0	1359.1950460961377	4.08e-05	0.5094788967597816	0.5094790316404897	0.5094792044216874	7.031445779254061e-08
142.0	1359.1950460961377	4.12e-05	0.5094788363569931	0.5094789441499288	0.5094790772466071	6.035154861977635e-08
142.0	1359.1950460961377	4.16e-05	0.5094787657917381	0.5094788665550871	0.5094789679155323	5.437225806133497e-08
142.0	1359.1950460961377	4.2e-05	0.5094787232413456	0.5094788245323648	0.5094789139878282	4.9733428737787095e-08
143.0	1361.9698640680788	0.0	0.5114298976270772	0.5114330011838807	0.5114345535719247	1.0244314160289399e-06
143.0	1361.9698640680788	4e-07	0.5114279175458734	0.5114311037216818	0.5114327462472081	1.0617815380313249e-06
143.0	1361.9698640680788	8e-07	0.5114257386464924	0.5114292262942164	0.511431248675585	1.1831168787497893e-06
143.0	1361.9698640680788	1.2000000000000002e-06	0.5114233475879297	0.5114273728483161	0.5114304098885842	1.418804417599599e-06
143.0	1361.9698640680788	1.6e-06	0.5114207115445533	0.5114254196763682	0.511428819864344	1.707112857039507e-06
143.0	1361.9698640680788	2e-06	0.5114177803733595	0.5114234177935828	0.5114273861633034	2.1193214254919316e-06
143.0	1361.9698640680788	2.4000000000000003e-06	0.5114144863874115	0.5114211981118113	0.5114257728971188	2.609697518494282e-06
143.0	1361.9698640680788	2.8000000000000003e-06	0.5114107453094592	0.5114187501439376	0.5114240768337499	3.2409994094765846e-06
143.0	1361.9698640680788	3.2e-06	0.5114064522916291	0.5114156375727547	0.5114217516283022	3.9194658297263e-06
143.0	1361.9698640680788	3.6e-06	0.5114015193255117	0.5114119719512377	0.5114196411646166	4.841430604878144e-06
143.0	1361.9698640680788	4e-06	0.5113959111570514	0.5114069256273791	0.5114161128753567	5.837650976606534e-06
143.0	1361.9698640680788	4.4e-06	0.5113896936202424	0.5113997758639687	0.5114107553728688	6.863725956645245e-06
143.0	1361.9698640680788	4.800000000000001e-06	0.5113827022283743	0.5113834187561674	0.5113840802676206	3.398555523276401e-07
143.0	1361.9698640680788	5.2e-06	0.5113570882993921	0.5113670875810347	0.5113766732988152	6.914598082141979e-06
143.0	1361.9698640680788	5.600000000000001e-06	0.5113519153038402	0.5113601075762882	0.5113704923918894	5.8516567399006045e-06
143.0	1361.9698640680788	6e-06	0.5113485906506163	0.5113552673593477	0.5113650181502081	4.829851651692697e-06
143.0	1361.9698640680788	6.4e-06	0.511346640255514	0.5113518287884511	0.5113602495509024	3.892356026330053e-06
143.0	1361.9698640680788	6.8e-06	0.5113445967670343	0.511348967835652	0.5113561347857916	3.191703434534696e-06
143.0	1361.9698640680788	7.2e-06	0.5113431178306058	0.5113467918718134	0.5113525763212774	2.5291343662808185e-06
143.0	1361.9698640680788	7.6e-06	0.5113417958352402	0.5113448674452621	0.5113494544499408	1.9978735176889914e-06
143.0	1361.9698640680788	8e-06	0.5113407309816376	0.5113431930879551	0.5113466702371348	1.509794063504839e-06
143.0	1361.9698640680788	8.4e-06	0.511339540967553	0.5113415973720314	0.5113441385170017	1.115753604114353e-06
143.0	1361.9698640680788	8.8e-06	0.5113389711823935	0.5113401179898202	0.5113417871037971	7.306536881085181e-07
143.0	1361.9698640680788	9.2e-06	0.5113379368279451	0.5113386426710425	0.5113395540025234	4.169724232223727e-07
143.0	1361.9698640680788	9.600000000000001e-06	0.5113367996883209	0.5113371792314964	0.5113374269650732	1.4022571667409024e-07
143.0	1361.9698640680788	9.999999999999999e-06	0.5113351882516026	0.5113357309486676	0.5113360310931574	1.8495354748379253e-07
143.0	1361.9698640680788	1.04e-05	0.5113329920477536	0.5113343012262147	0.5113354622439248	5.125295723924163e-07
143.0	1361.9698640680788	1.08e-05	0.511330703239028	0.5113328131704324	0.511334364697861	8.473355916047289e-07
143.0	1361.9698640680788	1.1200000000000001e-05	0.5113282623556188	0.5113312887167903	0.5113333586678568	1.2486181181799063e-06
143.0	1361.9698640680788	1.16e-05	0.5113256020332688	0.5113296108014478	0.511332251497195	1.6844676284227453e-06
143.0	1361.9698640680788	1.2e-05	0.5113226464194733	0.5113277668765882	0.5113310031193397	2.216182664293518e-06
143.0	1361.9698640680788	1.24e-05	0.5113193136254299	0.511325433048271	0.5113293177888076	2.76845243213967e-06
143.0	1361.9698640680788	1.28e-05	0.5113155178822284	0.5113226818689833	0.5113277553082689	3.493594191261871e-06
143.0	1361.9698640680788	1.32e-05	0.5113112340404848	0.5113189027222202	0.5113251465957589	4.269127290396852e-06
143.0	1361.9698640680788	1.36e-05	0.5113065086030595	0.5113135518901563	0.5113211792970773	5.064687562673397e-06
143.0	1361.9698640680788	1.4e-05	0.5113011007526183	0.511301330043478	0.5113015680782409	1.1346585646293882e-07
143.0	1361.9698640680788	1.44e-05	0.511281353068445	0.5112890867103866	0.5112966175438824	5.213743129896239e-06
143.0	1361.9698640680788	1.48e-05	0.5112775247577463	0.5112838717017286	0.5112920011910891	4.4181780246887795e-06
143.0	1361.9698640680788	1.52e-05	0.5112750770879586	0.5112802657235512	0.5112878882553016	3.65303679467827e-06
143.0	1361.9698640680788	1.56e-05	0.5112736480916524	0.5112777140018175	0.5112843155628681	2.9526974021003796e-06
143.0	1361.9698640680788	1.6e-05	0.5112721527182176	0.5112755973599301	0.5112812460010288	2.4303900320787087e-06
143.0	1361.9698640680788	1.6400000000000002e-05	0.5112710818521906	0.5112739971025194	0.5112785986875004	1.939129882261106e-06
143.0	1361.9698640680788	1.68e-05	0.5112701551269314	0.5112725890508228	0.511276286674363	1.5456733978426051e-06
143.0	1361.9698640680788	1.7199999999999998e-05	0.5112693481532631	0.5112713730859472	0.5112742355045699	1.1854283156013741e-06
143.0	1361.9698640680788	1.76e-05	0.5112684987682972	0.5112702192625161	0.5112723814191158	8.961282800801039e-07
143.0	1361.9698640680788	1.8e-05	0.5112680987263429	0.5112691568801657	0.5112706707467094	6.151040423105209e-07
143.0	1361.9698640680788	1.84e-05	0.5112673982363747	0.5112681006467336	0.5112690578212176	3.8914310453883666e-07
143.0	1361.9698640680788	1.88e-05	0.5112666231189431	0.5112670567595541	0.5112675025272839	1.9010693909713653e-07
143.0	1361.9698640680788	1.9200000000000003e-05	0.511265832332664	0.5112660275512632	0.5112662224600992	7.60881301691401e-08
143.0	1361.9698640680788	1.9600000000000002e-05	0.5112643894273061	0.5112650148187617	0.5112656722186317	2.7303441926274834e-07
143.0	1361.9698640680788	1.9999999999999998e-05	0.5112627883758893	0.5112639689375541	0.5112648751059377	5.013502191007101e-07
143.0	1361.9698640680788	2.04e-05	0.5112610943248397	0.5112629031306688	0.5112641637824993	7.749318775795976e-07
143.0	1361.9698640680788	2.08e-05	0.5112592616653471	0.511261741586539	0.5112633678416385	1.0717139756369775e-06
143.0	1361.9698640680788	2.12e-05	0.5112572395107335	0.5112604742947355	0.5112625044434846	1.4328448907699164e-06
143.0	1361.9698640680788	2.16e-05	0.5112549741382484	0.5112588853661652	0.5112613536142891	1.8054014162050044e-06
143.0	1361.9698640680788	2.2e-05	0.5112524099170965	0.5112570216951309	0.5112602907430324	2.2922527401936624e-06
143.0	1361.9698640680788	2.2400000000000002e-05	0.5112495267246482	0.5112544787616142	0.5112585290172129	2.8105185746846363e-06
143.0	1361.9698640680788	2.28e-05	0.5112463597986068	0.5112508966104226	0.5112558690976146	3.3410952076725058e-06
143.0	1361.9698640680788	2.32e-05	0.5112425172990873	0.5112427696692416	0.5112430591375654	1.2623036418789892e-07
143.0	1361.9698640680788	2.36e-05	0.5112294046470307	0.5112346179205607	0.5112397670283491	3.4980568681842032e-06
143.0	1361.9698640680788	2.4e-05	0.5112268840226548	0.5112311697762325	0.5112367094469388	2.968797222982944e-06
143.0	1361.9698640680788	2.44e-05	0.5112252848441949	0.5112287987253509	0.5112339976064364	2.4613330466000062e-06
143.0	1361.9698640680788	2.48e-05	0.5112243583832887	0.5112271337379102	0.5112316544540452	1.9993680675273286e-06
143.0	1361.9698640680788	2.5200000000000003e-05	0.511223395808047	0.5112257612032143	0.5112296552078552	1.6567424609074243e-06
143.0	1361.9698640680788	2.56e-05	0.5112227153112752	0.5112247366406707	0.5112279429593212	1.3368490733406126e-06
143.0	1361.9698640680788	2.6e-05	0.5112221266890717	0.5112238444734978	0.5112264609478192	1.0821612824654238e-06
143.0	1361.9698640680788	2.64e-05	0.5112216234884315	0.5112230864601851	0.5112251598362612	8.498633533145421e-07
143.0	1361.9698640680788	2.68e-05	0.5112211012221408	0.511222374038759	0.5112239977849322	6.657114142791638e-07
143.0	1361.9698640680788	2.72e-05	0.5112208620303234	0.5112217279993932	0.5112229400419057	4.888789869880246e-07
143.0	1361.9698640680788	2.76e-05	0.5112204372220672	0.5112210901486306	0.5112219575939099	3.5085430966422286e-07
143.0	1361.9698640680788	2.8e-05	0.5112199722591564	0.5112204650689742	0.5112210256084753	2.3190685283804453e-07
143.0	1361.9698640680788	2.8400000000000003e-05	0.5112195095518963	0.5112198541531743	0.5112201219313448	1.2280885677455094e-07
143.0	1361.9698640680788	2.88e-05	0.5112190544217778	0.5112192576014388	0.511219497087418	7.501807062226436e-08
143.0	1361.9698640680788	2.92e-05	0.5112182176280795	0.5112186528578097	0.5112190389038291	1.719795038457743e-07
143.0	1361.9698640680788	2.96e-05	0.5112173418769581	0.511218044579295	0.5112186269043484	3.1310844277279823e-07
143.0	1361.9698640680788	2.9999999999999997e-05	0.5112163530763887	0.5112173981702565	0.5112181754459151	4.696473774221064e-07
143.0	1361.9698640680788	3.04e-05	0.5112152672118659	0.511216705792867	0.5112176936098658	6.591497978167313e-07
143.0	1361.9698640680788	3.0799999999999996e-05	0.5112140705403938	0.5112158597365003	0.5112170433318974	8.518783192551701e-07
143.0	1361.9698640680788	3.12e-05	0.5112127399396869	0.5112148811658463	0.5112164766901008	1.1004817588562605e-06
143.0	1361.9698640680788	3.16e-05	0.5112112608320558	0.5112135707921873	0.5112155534286451	1.3614154118163707e-06
143.0	1361.9698640680788	3.2e-05	0.511209591611677	0.5112117519484781	0.5112141897890474	1.6265201251674627e-06
143.0	1361.9698640680788	3.2399999999999995e-05	0.5112074587748818	0.5112077077548669	0.5112079946668171	1.2743785926471553e-07
143.0	1361.9698640680788	3.2800000000000004e-05	0.5112009703843485	0.5112036378822172	0.5112063623324472	1.7846439754919667e-06
143.0	1361.9698640680788	3.32e-05	0.5111997487308839	0.5112019522238921	0.511204864553032	1.5207029221204567e-06
143.0	1361.9698640680788	3.36e-05	0.5111989921879134	0.5112008128547936	0.5112035544774747	1.2703010349402952e-06
143.0	1361.9698640680788	3.4e-05	0.5111985645550625	0.5112000320707357	0.5112024445528087	1.0461488561489597e-06
143.0	1361.9698640680788	3.4399999999999996e-05	0.5111981312993708	0.5111994014260219	0.5112015148919484	8.82809841300155e-07
143.0	1361.9698640680788	3.4800000000000006e-05	0.5111978378411175	0.5111989506979028	0.5112007374977505	7.336936076951804e-07
143.0	1361.9698640680788	3.52e-05	0.5111975860829112	0.5111985725864475	0.5112000848662692	6.173634509219733e-07
143.0	1361.9698640680788	3.56e-05	0.5111973845302629	0.5111982706934081	0.5111995327529142	5.125235996520781e-07
143.0	1361.9698640680788	3.6e-05	0.5111971866858083	0.5111979977915487	0.5111990611876518	4.3295988696198934e-07
143.0	1361.9698640680788	3.64e-05	0.5111971073658701	0.5111977661151854	0.5111986542606468	3.5938027808844817e-07
143.0	1361.9698640680788	3.68e-05	0.5111969566356294	0.5111975445750808	0.5111982994978197	3.0763425383428217e-07
143.0	1361.9698640680788	3.72e-05	0.5111968008870562	0.5111973361198868	0.5111979871854642	2.675784910134399e-07
143.0	1361.9698640680788	3.76e-05	0.5111966564927535	0.5111971411958753	0.5111977097721638	2.3401024443104054e-07
143.0	1361.9698640680788	3.7999999999999995e-05	0.5111965332389863	0.5111969584229716	0.5111974613765362	2.0544370834649092e-07
143.0	1361.9698640680788	3.8400000000000005e-05	0.5111964344302926	0.5111967919616972	0.5111972373933451	1.810688399730789e-07
143.0	1361.9698640680788	3.88e-05	0.511196331480777	0.5111966380057077	0.5111970341812766	1.5864062063466074e-07
143.0	1361.9698640680788	3.9200000000000004e-05	0.5111962576457403	0.5111965025684838	0.5111968488149623	1.3653285480825053e-07
143.0	1361.9698640680788	3.96e-05	0.5111961662555995	0.511196379891602	0.5111966788830298	1.1524896696873179e-07
143.0	1361.9698640680788	3.9999999999999996e-05	0.5111960788156109	0.5111962687642525	0.5111965223097377	9.817865138057049e-08
143.0	1361.9698640680788	4.0400000000000006e-05	0.5111960008094032	0.5111961645499444	0.5111963771790453	8.269748909683072e-08
143.0	1361.9698640680788	4.08e-05	0.5111959337017575	0.511196068711497	0.5111962416215468	7.039044012294886e-08
143.0	1361.9698640680788	4.12e-05	0.5111958732633024	0.511195981213929	0.5111961144392954	6.04385549923858e-08
143.0	1361.9698640680788	4.16e-05	0.5111958027090537	0.5111959036173014	0.511196005101139	5.4464969829308576e-08
143.0	1361.9698640680788	4.2e-05	0.5111957601508577	0.5111958616314843	0.5111959511784425	4.982043699032761e-08
144.0	1364.7446820400198	0.0	0.513149563781572	0.513152667308969	0.5131542196581904	1.02441463567524e-06
144.0	1364.7446820400198	4e-07	0.5131475836998112	0.5131507698464133	0.513152412369255	1.0617659354520155e-06
144.0	1364.7446820400198	8e-07	0.5131454047983608	0.513148892418098	0.513150914795613	1.1831048764128446e-06
144.0	1364.7446820400198	1.2000000000000002e-06	0.5131430137361166	0.5131470389707949	0.5131500760140248	1.418798312801049e-06
144.0	1364.7446820400198	1.6e-06	0.5131403776871943	0.5131450857960781	0.5131484859758757	1.7071110866124498e-06
144.0	1364.7446820400198	2e-06	0.5131374465082077	0.513143083910871	0.5131470522619104	2.1193261500700407e-06
144.0	1364.7446820400198	2.4000000000000003e-06	0.5131341525117081	0.5131408642246873	0.5131454390050418	2.609708369007374e-06
144.0	1364.7446820400198	2.8000000000000003e-06	0.5131304114197981	0.5131384162494892	0.5131437429223409	3.241016859386665e-06
144.0	1364.7446820400198	3.2e-06	0.5131261183780467	0.5131353036648766	0.5131414177081064	3.919487981106893e-06
144.0	1364.7446820400198	3.6e-06	0.513121185389311	0.5131316380266546	0.5131393072249217	4.841460058449069e-06
144.0	1364.7446820400198	4e-06	0.5131155771930862	0.5131265916784429	0.5131357789145765	5.83769043056535e-06
144.0	1364.7446820400198	4.4e-06	0.5131093596235718	0.5131194418781511	0.5131304213824368	6.8637804509022615e-06
144.0	1364.7446820400198	4.800000000000001e-06	0.5131023682263551	0.5131030846663003	0.5131037460609624	3.3979161532642975e-07
144.0	1364.7446820400198	5.2e-06	0.5130767540832393	0.5130867533992121	0.5130963390459815	6.914621005058477e-06
144.0	1364.7446820400198	5.600000000000001e-06	0.5130715809371775	0.5130797733463991	0.5130901582863796	5.8516821429333905e-06
144.0	1364.7446820400198	6e-06	0.5130682562619109	0.5130749330943608	0.5130846840091863	4.8298746394364584e-06
144.0	1364.7446820400198	6.4e-06	0.5130663058611828	0.5130714944976972	0.5130799153772054	3.892374340992109e-06
144.0	1364.7446820400198	6.8e-06	0.5130642623538799	0.5130686335227829	0.5130758005812917	3.1917173754518657e-06
144.0	1364.7446820400198	7.2e-06	0.5130627834182313	0.5130664575393593	0.5130722420895939	2.5291456205009145e-06
144.0	1364.7446820400198	7.6e-06	0.5130614614490163	0.513064533093821	0.5130691201928759	1.9978828074004784e-06
144.0	1364.7446820400198	8e-06	0.5130603965802667	0.5130628587189475	0.5130663359560579	1.509801429982979e-06
144.0	1364.7446820400198	8.4e-06	0.5130592065959867	0.5130612629869594	0.5130638042128668	1.1157576145897365e-06
144.0	1364.7446820400198	8.8e-06	0.5130586367974512	0.5130597835892456	0.5130614527771575	7.306545477289363e-07
144.0	1364.7446820400198	9.2e-06	0.5130576025261693	0.513058308254726	0.5130592196535115	4.1696851622405887e-07
144.0	1364.7446820400198	9.600000000000001e-06	0.5130564653715677	0.5130568447994439	0.5130570924230939	1.402078216902375e-07
144.0	1364.7446820400198	9.999999999999999e-06	0.5130548538563575	0.5130553965009245	0.5130556965934847	1.8494557335853283e-07
144.0	1364.7446820400198	1.04e-05	0.5130526576275347	0.5130539667627004	0.5130551277548818	5.125356326726473e-07
144.0	1364.7446820400198	1.08e-05	0.5130503687915926	0.5130524786898529	0.5130540301839215	8.473477939867487e-07
144.0	1364.7446820400198	1.1200000000000001e-05	0.5130479278777793	0.5130509542194406	0.5130530241320157	1.2486387151507589e-06
144.0	1364.7446820400198	1.16e-05	0.5130452675206802	0.5130492762844588	0.5130519169634766	1.6844966629265802e-06
144.0	1364.7446820400198	1.2e-05	0.5130423118664327	0.5130474323362718	0.5130506685543939	2.2162218910238935e-06
144.0	1364.7446820400198	1.24e-05	0.5130389790247278	0.513045098474878	0.5130489832020793	2.768500444054028e-06
144.0	1364.7446820400198	1.28e-05	0.5130351832253082	0.5130423472557756	0.5130474206884763	3.493655010847515e-06
144.0	1364.7446820400198	1.32e-05	0.5130308993178732	0.5130385680531504	0.513044811933514	4.269204498385513e-06
144.0	1364.7446820400198	1.36e-05	0.5130261738057866	0.5130332171393662	0.5130408445735322	5.064786713146415e-06
144.0	1364.7446820400198	1.4e-05	0.5130207658009676	0.513020995084879	0.5130212331994013	1.1346814439076618e-07
144.0	1364.7446820400198	1.44e-05	0.5130010176764985	0.5130087515523674	0.513016282582309	5.213815903898566e-06
144.0	1364.7446820400198	1.48e-05	0.5129971892962164	0.5130035364496673	0.5130116661504145	4.418246544486188e-06
144.0	1364.7446820400198	1.52e-05	0.5129947415841132	0.5129999304045993	0.5130075531422484	3.653096397171881e-06
144.0	1364.7446820400198	1.56e-05	0.5129933125709103	0.5129973786347122	0.5130039803850659	2.952746421947882e-06
144.0	1364.7446820400198	1.6e-05	0.5129918171656787	0.5129952619521679	0.5130009107689162	2.430430329323517e-06
144.0	1364.7446820400198	1.6400000000000002e-05	0.5129907462925081	0.5129936616612731	0.5129982634043806	1.9391636209588398e-06
144.0	1364.7446820400198	1.68e-05	0.5129898195304774	0.5129922535785787	0.5129959513451592	1.5457019800739717e-06
144.0	1364.7446820400198	1.7199999999999998e-05	0.5129890125486352	0.5129910375857948	0.5129939001331252	1.185452607763455e-06
144.0	1364.7446820400198	1.76e-05	0.5129881631565363	0.5129898837365215	0.5129920460083026	8.961478140433783e-07
144.0	1364.7446820400198	1.8e-05	0.5129877630997228	0.5129888213297547	0.5129903352985306	6.151202424740169e-07
144.0	1364.7446820400198	1.84e-05	0.5129870625935871	0.5129877650717104	0.5129887223368677	3.8915728403360547e-07
144.0	1364.7446820400198	1.88e-05	0.5129862874470756	0.5129867211600473	0.5129871670071635	1.9012315800681616e-07
144.0	1364.7446820400198	1.9200000000000003e-05	0.5129854965813845	0.5129856919274642	0.512985886894187	7.612332757945547e-08
144.0	1364.7446820400198	1.9600000000000002e-05	0.5129840538294035	0.5129846791707245	0.5129853367200745	2.7305415254471556e-07
144.0	1364.7446820400198	1.9999999999999998e-05	0.5129824527381155	0.5129836332638219	0.512984539585128	5.013717097233016e-07
144.0	1364.7446820400198	2.04e-05	0.5129807586435735	0.5129825674314404	0.5129838281028221	7.749611256250946e-07
144.0	1364.7446820400198	2.08e-05	0.5129789259354913	0.5129814058582549	0.5129830320958169	1.0717521942565481e-06
144.0	1364.7446820400198	2.12e-05	0.5129769037254777	0.5129801385332871	0.5129821686584215	1.4328949868375177e-06
144.0	1364.7446820400198	2.16e-05	0.5129746382889087	0.5129785495597458	0.5129810177989436	1.8054622915982988e-06
144.0	1364.7446820400198	2.2e-05	0.512972073996405	0.5129766858352024	0.5129799548857923	2.2923292366727053e-06
144.0	1364.7446820400198	2.2400000000000002e-05	0.5129691907176754	0.5129741428276491	0.5129781931040656	2.8106146316668352e-06
144.0	1364.7446820400198	2.28e-05	0.5129660236946005	0.5129705605695686	0.5129755331047541	3.34121647702496e-06
144.0	1364.7446820400198	2.32e-05	0.5129621808873033	0.5129624333653761	0.512962722927055	1.262649729532715e-07
144.0	1364.7446820400198	2.36e-05	0.5129490678010971	0.5129542813593161	0.5129594307128178	3.498157720377766e-06
144.0	1364.7446820400198	2.4e-05	0.5129465470893937	0.5129508330973565	0.5129563730318862	2.968890156967426e-06
144.0	1364.7446820400198	2.44e-05	0.5129449478586823	0.5129484619637605	0.5129536611012053	2.4614136991181176e-06
144.0	1364.7446820400198	2.48e-05	0.5129440213758727	0.5129467969175628	0.5129513178690397	1.999435151594297e-06
144.0	1364.7446820400198	2.5200000000000003e-05	0.5129430587626338	0.5129454243337882	0.5129493185563287	1.6567987350505104e-06
144.0	1364.7446820400198	2.56e-05	0.512942378255973	0.5129443997320488	0.5129476062465042	1.3368969620760581e-06
144.0	1364.7446820400198	2.6e-05	0.512941789593242	0.5129435075295075	0.512946124180548	1.0822023915022968e-06
144.0	1364.7446820400198	2.64e-05	0.5129412863825866	0.5129427494849581	0.5129448230199651	8.498990791679396e-07
144.0	1364.7446820400198	2.68e-05	0.5129407641081141	0.5129420370348097	0.5129436609238089	6.6574174436949e-07
144.0	1364.7446820400198	2.72e-05	0.5129405249010865	0.5129413909688249	0.512942603139078	4.889054965364009e-07
144.0	1364.7446820400198	2.76e-05	0.512940100075272	0.5129407530913778	0.5129416206515449	3.508786167779837e-07
144.0	1364.7446820400198	2.8e-05	0.512939635081775	0.512940127985362	0.5129406886278449	2.3193126737971595e-07
144.0	1364.7446820400198	2.8400000000000003e-05	0.5129391723519525	0.5129395170435918	0.5129397849128363	1.2284175288146556e-07
144.0	1364.7446820400198	2.88e-05	0.5129387171443351	0.5129389204660924	0.5129391601008395	7.50711846552064e-08
144.0	1364.7446820400198	2.92e-05	0.5129378803100018	0.5129383156957377	0.5129387018941252	1.7201092598989692e-07
144.0	1364.7446820400198	2.96e-05	0.5129370045145505	0.5129377073910225	0.5129382898710713	3.1313944222007245e-07
144.0	1364.7446820400198	2.9999999999999997e-05	0.5129360158847058	0.5129370609528472	0.5129378384026229	4.6968361096543383e-07
144.0	1364.7446820400198	3.04e-05	0.5129349299675949	0.5129363685431034	0.5129373565405633	6.591956949455022e-07
144.0	1364.7446820400198	3.0799999999999996e-05	0.5129337332361459	0.5129355224439363	0.5129367062399277	8.519331873905729e-07
144.0	1364.7446820400198	3.12e-05	0.512932402566503	0.5129345438230001	0.5129361395668157	1.100550149711776e-06
144.0	1364.7446820400198	3.16e-05	0.5129309233838519	0.5129332333810288	0.51293521626289	1.3615012699853488e-06
144.0	1364.7446820400198	3.2e-05	0.5129292538146686	0.5129314144399452	0.5129338525611091	1.6266291784117338e-06
144.0	1364.7446820400198	3.2399999999999995e-05	0.512927120900585	0.5129273700095082	0.5129276570329298	1.2748362087466925e-07
144.0	1364.7446820400198	3.2800000000000004e-05	0.512920632114783	0.5129232999016875	0.5129260246042353	1.7847411235606651e-06
144.0	1364.7446820400198	3.32e-05	0.5129194103824783	0.5129216141370675	0.5129245267360378	1.5207940061784397e-06
144.0	1364.7446820400198	3.36e-05	0.5129186537942063	0.5129204746941067	0.5129232165807096	1.2703818569819708e-06
144.0	1364.7446820400198	3.4e-05	0.5129182261440599	0.5129196938586272	0.5129221065889862	1.0462182538575434e-06
144.0	1364.7446820400198	3.4399999999999996e-05	0.5129177928552515	0.5129190631715517	0.5129211768680477	8.828704098956049e-07
144.0	1364.7446820400198	3.4800000000000006e-05	0.5129174993921346	0.5129186124105508	0.5129203994220308	7.337478754165706e-07
144.0	1364.7446820400198	3.52e-05	0.5129172475974286	0.5129182342704138	0.512919746745693	6.174125828788447e-07
144.0	1364.7446820400198	3.56e-05	0.5129170460387149	0.5129179323530775	0.5129191945932723	5.125692163776916e-07
144.0	1364.7446820400198	3.6e-05	0.5129168481919786	0.5129176594297196	0.5129187229937502	4.33001927003358e-07
144.0	1364.7446820400198	3.64e-05	0.5129167688602099	0.51291742773454	0.5129183160364974	3.594198807937475e-07
144.0	1364.7446820400198	3.68e-05	0.512916618117301	0.5129172061759338	0.5129179612467922	3.0767252729573203e-07
144.0	1364.7446820400198	3.72e-05	0.5129164623438092	0.5129169977029664	0.5129176489104141	2.676160481893389e-07
144.0	1364.7446820400198	3.76e-05	0.5129163179330272	0.5129168027619943	0.5129173714755284	2.3404758782631205e-07
144.0	1364.7446820400198	3.7999999999999995e-05	0.5129161946622656	0.5129166199727462	0.5129171230604044	2.0548150365845997e-07
144.0	1364.7446820400198	3.8400000000000005e-05	0.5129160958399952	0.512916453496018	0.512916899059519	1.811080832931571e-07
144.0	1364.7446820400198	3.88e-05	0.5129159928787104	0.5129162995264023	0.5129166958313176	1.5868079627809875e-07
144.0	1364.7446820400198	3.9200000000000004e-05	0.5129159190277228	0.512916164076092	0.5129165104502391	1.3657627447700243e-07
144.0	1364.7446820400198	3.96e-05	0.5129158276242398	0.5129160413867815	0.5129163405047654	1.1529776507420317e-07
144.0	1364.7446820400198	3.9999999999999996e-05	0.512915740173641	0.5129159302457674	0.512916183919061	9.823559596941152e-08
144.0	1364.7446820400198	4.0400000000000006e-05	0.5129156621500179	0.5129158260185077	0.5129160387770453	8.276439730653192e-08
144.0	1364.7446820400198	4.08e-05	0.5129155950263096	0.512915730168876	0.5129159032093442	7.046807917983793e-08
144.0	1364.7446820400198	4.12e-05	0.5129155345515723	0.512915642662949	0.5129157760181906	6.052730301800294e-08
144.0	1364.7446820400198	4.16e-05	0.5129154640074187	0.5129155650624172	0.5129156666730275	5.4559520729701625e-08
144.0	1364.7446820400198	4.2e-05	0.5129154214390468	0.5129155231116406	0.5129156127529173	4.9909143632022795e-08
145.0	1367.5195000119609	0.0	0.514871774206556	0.5148748777046098	0.5148764300132873	1.024397110107996e-06
145.0	1367.5195000119609	4e-07	0.5148697941242286	0.5148729802416652	0.5148746227572083	1.061749613383496e-06
145.0	1367.5195000119609	8e-07	0.5148676152206733	0.5148711028123923	0.5148731251814009	1.1830922109704525e-06
145.0	1367.5195000119609	1.2000000000000002e-06	0.5148652241546845	0.5148692493634933	0.5148722864048239	1.4187915702427025e-06
145.0	1367.5195000119609	1.6e-06	0.5148625881001276	0.5148672961857746	0.51487069635205	1.7071087197519996e-06
145.0	1367.5195000119609	2e-06	0.5148596569132335	0.5148652942978335	0.5148692626244511	2.1193302891731774e-06
145.0	1367.5195000119609	2.4000000000000003e-06	0.5148563629060314	0.5148630746067027	0.5148676493772095	2.609718369098187e-06
145.0	1367.5195000119609	2.8000000000000003e-06	0.5148526217999727	0.5148606266238338	0.514865953274029	3.241033472073553e-06
145.0	1367.5195000119609	3.2e-06	0.5148483287388883	0.5148575140254914	0.5148636280512893	3.919509372621468e-06
145.0	1367.5195000119609	3.6e-06	0.5148433957269596	0.5148538483701803	0.5148615175475078	4.841488774810543e-06
145.0	1367.5195000119609	4e-06	0.5148377875022181	0.5148488019971437	0.5148579892152743	5.837729217709644e-06
145.0	1367.5195000119609	4.4e-06	0.514831569899048	0.5148416521592276	0.5148526316533601	6.863834252158113e-06
145.0	1367.5195000119609	4.800000000000001e-06	0.5148245784968273	0.5148252948420093	0.5148259561166277	3.3972562067885496e-07
145.0	1367.5195000119609	5.2e-06	0.5147989641234005	0.5148089634791788	0.5148185490543185	6.914646584267259e-06
145.0	1367.5195000119609	5.600000000000001e-06	0.5147937908220452	0.5148019833768864	0.5148123684466457	5.85170982005596e-06
145.0	1367.5195000119609	6e-06	0.514790466124543	0.5147971430887364	0.5148068941330326	4.829899618401217e-06
145.0	1367.5195000119609	6.4e-06	0.5147885157186236	0.5147937044656392	0.5148021254675053	3.892394335651769e-06
145.0	1367.5195000119609	6.8e-06	0.5147864721916662	0.5147908434680433	0.5147980106420151	3.191732809975379e-06
145.0	1367.5195000119609	7.2e-06	0.5147849932573427	0.5147886674647314	0.5147944521222945	2.529158108432169e-06
145.0	1367.5195000119609	7.6e-06	0.5147836713171001	0.5147867430001742	0.5147913301994596	1.997892822398139e-06
145.0	1367.5195000119609	8e-06	0.5147826064332675	0.5147850686075607	0.5147885459379768	1.5098092964346922e-06
145.0	1367.5195000119609	8.4e-06	0.5147814164786775	0.5147834728592801	0.5147860141711371	1.1157619556312834e-06
145.0	1367.5195000119609	8.8e-06	0.5147808466669757	0.5147819934458335	0.5147836627123699	7.306555071350831e-07
145.0	1367.5195000119609	9.2e-06	0.5147798124812208	0.5147805180952564	0.5147814295658195	4.169645530049838e-07
145.0	1367.5195000119609	9.600000000000001e-06	0.5147786753121242	0.5147790546238563	0.5147793021345297	1.401896470828207e-07
145.0	1367.5195000119609	9.999999999999999e-06	0.5147770637191025	0.5147776063091981	0.5147779063496287	1.8493753363068857e-07
145.0	1367.5195000119609	1.04e-05	0.5147748674646602	0.5147761765546738	0.5147773375169571	5.125417132272689e-07
145.0	1367.5195000119609	1.08e-05	0.5147725786008186	0.514774688464183	0.5147762399201863	8.473600920072041e-07
145.0	1367.5195000119609	1.1200000000000001e-05	0.5147701376558604	0.5147731639763363	0.5147752338455085	1.2486594463785668e-06
145.0	1367.5195000119609	1.16e-05	0.5147674772632005	0.5147714860208029	0.51477412667872	1.6845256174469943e-06
145.0	1367.5195000119609	1.2e-05	0.5147645215675833	0.5147696420485331	0.5147728782373742	2.2162611488846157e-06
145.0	1367.5195000119609	1.24e-05	0.5147611886792003	0.5147673081532235	0.5147711928630638	2.7685486794266072e-06
145.0	1367.5195000119609	1.28e-05	0.5147573928220686	0.5147645568932836	0.5147696303152456	3.4937162456296543e-06
145.0	1367.5195000119609	1.32e-05	0.5147531088471453	0.5147607776333772	0.5147670215164917	4.269282345628031e-06
145.0	1367.5195000119609	1.36e-05	0.5147483832582838	0.5147554266357361	0.5147630540942156	5.064886564937797e-06
145.0	1367.5195000119609	1.4e-05	0.5147429750932346	0.5147432043691599	0.5147434425673953	1.134710179490197e-07
145.0	1367.5195000119609	1.44e-05	0.5147232265108537	0.5147309606305911	0.5147384918655389	5.2138925626413955e-06
145.0	1367.5195000119609	1.48e-05	0.5147193980584976	0.514725745431278	0.5147338753525181	4.418318302933168e-06
145.0	1367.5195000119609	1.52e-05	0.5147169503031632	0.5147221393174537	0.5147297622700489	3.65315877102956e-06
145.0	1367.5195000119609	1.56e-05	0.5147155212728443	0.5147195874980767	0.5147261894463426	2.9527977720277444e-06
145.0	1367.5195000119609	1.6e-05	0.5147140258346514	0.5147174707737386	0.514723119773266	2.430472662846411e-06
145.0	1367.5195000119609	1.6400000000000002e-05	0.5147129549542218	0.5147158704485807	0.5147204723561654	1.939199047350751e-06
145.0	1367.5195000119609	1.68e-05	0.5147120281549942	0.5147144623344135	0.5147181602494806	1.5457316937872305e-06
145.0	1367.5195000119609	1.7199999999999998e-05	0.5147112211649381	0.5147132463131563	0.5147161089939623	1.18547774706473e-06
145.0	1367.5195000119609	1.76e-05	0.5147103717658634	0.5147120924374398	0.5147142548286281	8.961679831437842e-07
145.0	1367.5195000119609	1.8e-05	0.5147099716943471	0.5147110300056842	0.5147125440804103	6.151368200535197e-07
145.0	1367.5195000119609	1.84e-05	0.5147092711718599	0.5147099737223659	0.5147109310815274	3.8917172304144134e-07
145.0	1367.5195000119609	1.88e-05	0.5147084959964285	0.5147089297854757	0.5147093757150039	1.9013975453238566e-07
145.0	1367.5195000119609	1.9200000000000003e-05	0.5147077050503581	0.5147079005277737	0.5147080955553527	7.61599193863511e-08
145.0	1367.5195000119609	1.9600000000000002e-05	0.5147062624576897	0.5147068877458869	0.5147075454471945	2.730745462219398e-07
145.0	1367.5195000119609	1.9999999999999998e-05	0.5147046613252035	0.5147058418123381	0.5147067482892069	5.013938693556136e-07
145.0	1367.5195000119609	2.04e-05	0.5147029671857242	0.5147047759534185	0.5147060366424743	7.749911468132163e-07
145.0	1367.5195000119609	2.08e-05	0.514701134427443	0.5147036143498792	0.5147052405662125	1.071791154332896e-06
145.0	1367.5195000119609	2.12e-05	0.514699112160196	0.5147023469905001	0.5147043770886279	1.4329461253688217e-06
145.0	1367.5195000119609	2.16e-05	0.5146968466574275	0.5147007579704295	0.5147032261979279	1.8055245685638759e-06
145.0	1367.5195000119609	2.2e-05	0.5146942822904768	0.5146988941904573	0.5147021632416351	2.2924075432393514e-06
145.0	1367.5195000119609	2.2400000000000002e-05	0.5146913989223689	0.5146963511061436	0.5147004014018766	2.810712905401023e-06
145.0	1367.5195000119609	2.28e-05	0.5146882317986963	0.5146927687372628	0.5146977413199902	3.341340281800859e-06
145.0	1367.5195000119609	2.32e-05	0.5146843886688064	0.5146846412616315	0.5146849309221402	1.26301226307867e-07
145.0	1367.5195000119609	2.36e-05	0.5146712751317768	0.514676488987586	0.5146816385991375	3.4982641226064033e-06
145.0	1367.5195000119609	2.4e-05	0.5146687543295254	0.5146730406036891	0.5146785808150485	2.9689877564219964e-06
145.0	1367.5195000119609	2.44e-05	0.5146671550447177	0.5146706693843672	0.5146758687908246	2.461498251329176e-06
145.0	1367.5195000119609	2.48e-05	0.5146662285388635	0.5146690042772173	0.5146735254758559	1.9995054734582735e-06
145.0	1367.5195000119609	2.5200000000000003e-05	0.5146652658861424	0.5146676316424613	0.5146715260914645	1.6568578105679231e-06
145.0	1367.5195000119609	2.56e-05	0.5146645853687479	0.5146666070000833	0.5146698137178625	1.3369472280474284e-06
145.0	1367.5195000119609	2.6e-05	0.5146639966651385	0.5146657147610502	0.514668331595237	1.0822453217975914e-06
145.0	1367.5195000119609	2.64e-05	0.5146634934434999	0.5146649566841792	0.5146670303836283	8.499362892197418e-07
145.0	1367.5195000119609	2.68e-05	0.5146629711603712	0.5146642442042096	0.5146658682408001	6.657733234200995e-07
145.0	1367.5195000119609	2.72e-05	0.5146627319380359	0.5146635981106195	0.5146648104126337	4.889329453433473e-07
145.0	1367.5195000119609	2.76e-05	0.5146623070941487	0.5146629602054358	0.514663827883898	3.509036836881079e-07
145.0	1367.5195000119609	2.8e-05	0.5146618420694908	0.5146623350719033	0.5146628958202966	2.3195647992642916e-07
145.0	1367.5195000119609	2.8400000000000003e-05	0.514661379315811	0.514661724102908	0.5146619920657605	1.2287598321041906e-07
145.0	1367.5195000119609	2.88e-05	0.5146609240289992	0.5146611274983518	0.5146613672866538	7.512654771499866e-08
145.0	1367.5195000119609	2.92e-05	0.5146600871521843	0.5146605226999608	0.5146609090560466	1.7204367569901197e-07
145.0	1367.5195000119609	2.96e-05	0.5146592113103932	0.5146599143676499	0.5146604970089435	3.1317160715135044e-07
145.0	1367.5195000119609	2.9999999999999997e-05	0.5146582228594587	0.5146592678987029	0.5146600455282622	4.697209527928167e-07
145.0	1367.5195000119609	3.04e-05	0.5146571368874291	0.5146585754549665	0.5146595636395759	6.592430060117519e-07
145.0	1367.5195000119609	3.0799999999999996e-05	0.5146559400933572	0.5146577293109905	0.5146589133147019	8.519898393040599e-07
145.0	1367.5195000119609	3.12e-05	0.5146546093517426	0.5146567506373498	0.5146583466093544	1.1006207615698701e-06
145.0	1367.5195000119609	3.16e-05	0.5146531300872628	0.5146554401237887	0.5146574232606946	1.3615897979870381e-06
145.0	1367.5195000119609	3.2e-05	0.5146514601564665	0.5146536210808434	0.5146560594933964	1.6267413486332904e-06
145.0	1367.5195000119609	3.2399999999999995e-05	0.5146493271576835	0.5146495764038137	0.5146498635458263	1.2753178805370052e-07
145.0	1367.5195000119609	3.2800000000000004e-05	0.5146428379581245	0.5146455060487283	0.514648231018481	1.784844602100208e-06
145.0	1367.5195000119609	3.32e-05	0.5146416161439236	0.5146438201728749	0.5146467330573685	1.5208905162192738e-06
145.0	1367.5195000119609	3.36e-05	0.5146408595082397	0.5146426806527481	0.5146454228185187	1.2704672610880979e-06
145.0	1367.5195000119609	3.4e-05	0.5146404318392648	0.5146418997635643	0.5146443127514075	1.0462915038624992e-06
145.0	1367.5195000119609	3.4399999999999996e-05	0.5146399985166381	0.5146412690322056	0.5146433829673693	8.829343427868196e-07
145.0	1367.5195000119609	3.4800000000000006e-05	0.5146397050478031	0.5146408182369314	0.5146426054669364	7.33805068010693e-07
145.0	1367.5195000119609	3.52e-05	0.5146394532160272	0.5146404400670397	0.5146419527434949	6.174641482711467e-07
145.0	1367.5195000119609	3.56e-05	0.5146392516502925	0.5146401381244052	0.514641400550043	5.126170149365039e-07
145.0	1367.5195000119609	3.6e-05	0.5146390538008871	0.514639865178562	0.514640928914524	4.330460100256722e-07
145.0	1367.5195000119609	3.64e-05	0.5146389744568127	0.514639633463714	0.5146405219254655	3.5946136225604195e-07
145.0	1367.5195000119609	3.68e-05	0.5146388237007997	0.5146394118857894	0.5146401671074647	3.077125364704949e-07
145.0	1367.5195000119609	3.72e-05	0.5146386679011519	0.514639203394207	0.5146398547457549	2.6765528351999145e-07
145.0	1367.5195000119609	3.76e-05	0.5146385234731676	0.5146390084354122	0.5146395772880545	2.340866246028852e-07
145.0	1367.5195000119609	3.7999999999999995e-05	0.5146384001845776	0.5146388256290192	0.5146393288522679	2.0552095232430042e-07
145.0	1367.5195000119609	3.8400000000000005e-05	0.5146383013484179	0.51463865913607	0.514639104832562	1.8114892844623928e-07
145.0	1367.5195000119609	3.88e-05	0.5146381983749384	0.5146385051520032	0.5146389015871291	1.587225974135629e-07
145.0	1367.5195000119609	3.9200000000000004e-05	0.5146381245074325	0.5146383696876895	0.5146387161901957	1.366215150706139e-07
145.0	1367.5195000119609	3.96e-05	0.5146380330904128	0.5146382469851409	0.5146385462300769	1.1534856726654248e-07
145.0	1367.5195000119609	3.9999999999999996e-05	0.5146379456271797	0.5146381358295975	0.5146383896308162	9.829480431240502e-08
145.0	1367.5195000119609	4.0400000000000006e-05	0.5146378675854315	0.5146380315885468	0.5146382444762612	8.28338312393034e-08
145.0	1367.5195000119609	4.08e-05	0.514637800444885	0.5146379357268668	0.5146381088970164	7.054847300843793e-08
145.0	1367.5195000119609	4.12e-05	0.5146377399346802	0.5146378482117704	0.5146379816954552	6.061891883525779e-08
145.0	1367.5195000119609	4.16e-05	0.5146376693993258	0.514637770606263	0.51463787234343	5.4656883523905935e-08
145.0	1367.5195000119609	4.2e-05	0.5146376268211119	0.5146377286904169	0.5146378184239735	4.9999591070649466e-08
146.0	1370.294317983902	0.0	0.5165964445382789	0.5165995480084666	0.516601100275353	1.0243790403811863e-06
146.0	1370.294317983902	4e-07	0.5165944644553644	0.5165976505450912	0.5165992930495662	1.0617327799220798e-06
146.0	1370.294317983902	8e-07	0.5165922855496294	0.51659577311473	0.5165977954713359	1.1830791119646823e-06
146.0	1370.294317983902	1.2000000000000002e-06	0.5165898944797664	0.5165939196640063	0.5165969566993578	1.418784458333641e-06
146.0	1370.294317983902	1.6e-06	0.5165872584193849	0.5165919664830078	0.5165953666311935	1.707106083947986e-06
146.0	1370.294317983902	2e-06	0.5165843272243222	0.5165899645919652	0.5165939328895659	2.1193342473618584e-06
146.0	1370.294317983902	2.4000000000000003e-06	0.5165810332060703	0.5165877448952805	0.5165923196516955	2.609728060216063e-06
146.0	1370.294317983902	2.8000000000000003e-06	0.5165772920854117	0.5165852969042631	0.516590623527434	3.2410499163419855e-06
146.0	1370.294317983902	3.2e-06	0.5165729990116308	0.516582184291608	0.5165882982961083	3.919530788944065e-06
146.0	1370.294317983902	3.6e-06	0.5165680659752319	0.5165785186184396	0.5165861877709323	4.841517709132231e-06
146.0	1370.294317983902	4e-06	0.5165624577203616	0.5165734722194048	0.5165826594157652	5.837768406632125e-06
146.0	1370.294317983902	4.4e-06	0.5165562400815782	0.5165663223420345	0.5165773018231103	6.863888478662736e-06
146.0	1370.294317983902	4.800000000000001e-06	0.5165492486737566	0.5165499649157461	0.51655062606683	3.3965740596034427e-07
146.0	1370.294317983902	5.2e-06	0.516523634050059	0.516533633451236	0.516543218954979	6.914675597773501e-06
146.0	1370.294317983902	5.600000000000001e-06	0.5165184605877924	0.5165266532971687	0.5165370385038965	5.8517403116294425e-06
146.0	1370.294317983902	6e-06	0.5165151358670812	0.5165218129712298	0.5165315641522277	4.829926951515049e-06
146.0	1370.294317983902	6.4e-06	0.516513185455513	0.516518374320441	0.5165267954516031	3.892416274418827e-06
146.0	1370.294317983902	6.8e-06	0.5165111419078032	0.5165155132990565	0.5165226805966077	3.1917499208583198e-06
146.0	1370.294317983902	7.2e-06	0.5165096629743609	0.5165133372750369	0.516519122047221	2.529171963786254e-06
146.0	1370.294317983902	7.6e-06	0.5165083410651219	0.5165114127909102	0.5165160000967859	1.9979036941094206e-06
146.0	1370.294317983902	8e-06	0.5165072761662817	0.5165097383799286	0.5165132158092751	1.5098177313873244e-06
146.0	1370.294317983902	8.4e-06	0.516506086240935	0.5165081426146875	0.5165106840175104	1.1157666336774736e-06
146.0	1370.294317983902	8.8e-06	0.5165055164161929	0.5165066631848799	0.5165083325344613	7.306564587351971e-07
146.0	1370.294317983902	9.2e-06	0.5165044823199754	0.5165051878175222	0.5165060993638013	4.169603018479096e-07
146.0	1370.294317983902	9.600000000000001e-06	0.5165033451365293	0.5165037243291776	0.516503971722992	1.4017082491986017e-07
146.0	1370.294317983902	9.999999999999999e-06	0.516501733464084	0.5165022759974501	0.5165025759854478	1.8492965371564807e-07
146.0	1370.294317983902	1.04e-05	0.5164995371826322	0.5165008462256092	0.5165020071544211	5.125482148082698e-07
146.0	1370.294317983902	1.08e-05	0.5164972482893813	0.5164993581164093	0.5165009095306345	8.473730435156307e-07
146.0	1370.294317983902	1.1200000000000001e-05	0.5164948073116093	0.5164978336099596	0.5164999034325426	1.248681067501876e-06
146.0	1370.294317983902	1.16e-05	0.516492146881502	0.5164961556324266	0.516498796266128	1.684555542209033e-06
146.0	1370.294317983902	1.2e-05	0.5164891911423473	0.5164943116346353	0.5164975477914595	2.216301778899339e-06
146.0	1370.294317983902	1.24e-05	0.5164858582054901	0.5164919777035677	0.5164958623939588	2.7685987374338317e-06
146.0	1370.294317983902	1.28e-05	0.5164820622874888	0.516489226400509	0.5164942998105149	3.49377982422574e-06
146.0	1370.294317983902	1.32e-05	0.5164777782413577	0.5164854470800659	0.5164916909654682	4.269363057847672e-06
146.0	1370.294317983902	1.36e-05	0.5164730525714472	0.5164800959938819	0.5164877234774155	5.0649897277094844e-06
146.0	1370.294317983902	1.4e-05	0.5164676442378688	0.5164678735049186	0.5164681117917027	1.1347460066892196e-07
146.0	1370.294317983902	1.44e-05	0.5164478951701916	0.5164556295478332	0.5164631610005692	5.2139754897784494e-06
146.0	1370.294317983902	1.48e-05	0.5164440666419381	0.5164504142467672	0.5164585444020453	4.418395314628551e-06
146.0	1370.294317983902	1.52e-05	0.51644161884112	0.5164468080605764	0.51645443124122	3.653225498775961e-06
146.0	1370.294317983902	1.56e-05	0.5164401897922675	0.5164442561890642	0.5164508583473326	2.952852686797546e-06
146.0	1370.294317983902	1.6e-05	0.5164386943193495	0.5164421394206345	0.5164477886125836	2.4305180271021464e-06
146.0	1370.294317983902	1.6400000000000002e-05	0.5164376234305603	0.5164405390594425	0.516445141139906	1.939236980997389e-06
146.0	1370.294317983902	1.68e-05	0.5164366965936535	0.51643913091237	0.5164428289830525	1.545763268723271e-06
146.0	1370.294317983902	1.7199999999999998e-05	0.5164358895942298	0.5164379148612629	0.5164407776815816	1.1855043179809544e-06
146.0	1370.294317983902	1.76e-05	0.5164350401874929	0.5164367609577153	0.5164389234734381	8.961892608367215e-07
146.0	1370.294317983902	1.8e-05	0.5164346401010915	0.5164356984996945	0.5164372126845906	6.151540988859266e-07
146.0	1370.294317983902	1.84e-05	0.5164339395615745	0.5164346421897469	0.5164355996463623	3.891866071435395e-07
146.0	1370.294317983902	1.88e-05	0.5164331643564664	0.5164335982261588	0.5164340442409001	1.9015687391259135e-07
146.0	1370.294317983902	1.9200000000000003e-05	0.5164323733275387	0.5164325689417563	0.5164327640332615	7.619835495609796e-08
146.0	1370.294317983902	1.9600000000000002e-05	0.5164309309010457	0.5164315561330877	0.5164322139911208	2.730959781080674e-07
146.0	1370.294317983902	1.9999999999999998e-05	0.5164293297249181	0.5164305101712001	0.5164314168089987	5.014171982914819e-07
146.0	1370.294317983902	2.04e-05	0.5164276355378394	0.5164294442839366	0.5164307049893875	7.750226424429946e-07
146.0	1370.294317983902	2.08e-05	0.5164258027264017	0.5164282826479213	0.5164299088399602	1.071831813044002e-06
146.0	1370.294317983902	2.12e-05	0.5164237803985774	0.5164270152519286	0.516429045320578	1.4329995357040919e-06
146.0	1370.294317983902	2.16e-05	0.5164215148257618	0.5164254261825384	0.5164278943962541	1.805589744359465e-06
146.0	1370.294317983902	2.2e-05	0.5164189503781733	0.5164235623437345	0.5164268313949991	2.2924894979400075e-06
146.0	1370.294317983902	2.2400000000000002e-05	0.5164160669153768	0.5164210191779454	0.5164250694936543	2.8108156040657222e-06
146.0	1370.294317983902	2.28e-05	0.5164128996850925	0.5164174366916457	0.5164224093239378	3.341469299501492e-06
146.0	1370.294317983902	2.32e-05	0.5164090562140418	0.516409308929745	0.5164095986953541	1.2633962513283506e-07
146.0	1370.294317983902	2.36e-05	0.516395942199007	0.5164011563706188	0.5164063062571689	3.4983788467220883e-06
146.0	1370.294317983902	2.4e-05	0.5163934213012746	0.5163977078576143	0.5164032483637842	2.969092433421631e-06
146.0	1370.294317983902	2.44e-05	0.5163918219592727	0.5163953365476424	0.5164005362404147	2.4615886952896108e-06
146.0	1370.294317983902	2.48e-05	0.5163908954282714	0.516393671376027	0.5163981928376673	1.9995806358520347e-06
146.0	1370.294317983902	2.5200000000000003e-05	0.5163899327343335	0.5163922986872762	0.5163961933741588	1.6569210123192395e-06
146.0	1370.294317983902	2.56e-05	0.5163892522048332	0.5163912740019749	0.5163944809328864	1.3370009464396394e-06
146.0	1370.294317983902	2.6e-05	0.5163886634593942	0.5163903817245543	0.516392998750149	1.0822909880999526e-06
146.0	1370.294317983902	2.64e-05	0.5163881602253246	0.5163896236135994	0.5163916974844209	8.499757710702042e-07
146.0	1370.294317983902	2.68e-05	0.5163876379325645	0.5163889111020665	0.5163905352920963	6.658068548606235e-07
146.0	1370.294317983902	2.72e-05	0.5163873986942207	0.5163882649792816	0.5163894774178601	4.889619996374634e-07
146.0	1370.294317983902	2.76e-05	0.5163869738312723	0.5163876270447652	0.5163884948454189	3.5093012307558536e-07
146.0	1370.294317983902	2.8e-05	0.5163865087738628	0.5163870018820751	0.5163875627394843	2.3198302661939574e-07
146.0	1370.294317983902	2.8400000000000003e-05	0.5163860459949676	0.516386390884175	0.5163866589430057	1.2291197379089744e-07
146.0	1370.294317983902	2.88e-05	0.5163855906281647	0.5163857942509161	0.5163860341980184	7.518431524639395e-08
146.0	1370.294317983902	2.92e-05	0.5163847537064985	0.5163851894228043	0.5163855759425733	1.7207785587175926e-07
146.0	1370.294317983902	2.96e-05	0.5163838778158123	0.5163845810611175	0.5163851638707682	3.132051561625679e-07
146.0	1370.294317983902	2.9999999999999997e-05	0.5163828895514149	0.5163839345593447	0.516384712375598	4.697597854104522e-07
146.0	1370.294317983902	3.04e-05	0.5163818035213241	0.5163832420795064	0.516384230459586	6.592922469824987e-07
146.0	1370.294317983902	3.0799999999999996e-05	0.5163806066611016	0.5163823958880792	0.5163835801078855	8.52048867931265e-07
146.0	1370.294317983902	3.12e-05	0.5163792758435148	0.5163814171586623	0.5163830133694036	1.1006943658280316e-06
146.0	1370.294317983902	3.16e-05	0.5163777964885341	0.5163801065694172	0.5163820899735443	1.3616819699904299e-06
146.0	1370.294317983902	3.2e-05	0.5163761261837765	0.5163782874189926	0.5163807261360303	1.626857783552707e-06
146.0	1370.294317983902	3.2399999999999995e-05	0.5163739930919995	0.5163742424829487	0.5163745297502214	1.2758233579299858e-07
146.0	1370.294317983902	3.2800000000000004e-05	0.516367503457313	0.5163701718660872	0.5163728971187433	1.7849553501468337e-06
146.0	1370.294317983902	3.32e-05	0.5163662815576933	0.5163684858729947	0.5163713990595395	1.520993219066535e-06
146.0	1370.294317983902	3.36e-05	0.5163655248718424	0.5163673462716809	0.5163700887325202	1.270557872691683e-06
146.0	1370.294317983902	3.4e-05	0.5163650971821507	0.5163665653260481	0.516368978580581	1.046369092558385e-06
146.0	1370.294317983902	3.4399999999999996e-05	0.5163646638249277	0.5163659345481825	0.5163680487298246	8.830019696027534e-07
146.0	1370.294317983902	3.4800000000000006e-05	0.5163643703493594	0.5163654837169926	0.5163672711718723	7.338654185404083e-07
146.0	1370.294317983902	3.52e-05	0.516364118479256	0.5163651055160464	0.5163666183986502	6.175183383521693e-07
146.0	1370.294317983902	3.56e-05	0.5163639169056209	0.5163648035469461	0.5163660661618366	5.126671057447265e-07
146.0	1370.294317983902	3.6e-05	0.5163637190529355	0.5163645305774445	0.5163655944882608	4.330922267718338e-07
146.0	1370.294317983902	3.64e-05	0.5163636396957916	0.5163642988418787	0.5163651874655502	3.595048476643285e-07
146.0	1370.294317983902	3.68e-05	0.5163634889256619	0.5163640772436604	0.5163648326175796	3.077544238815265e-07
146.0	1370.294317983902	3.72e-05	0.5163633330983428	0.5163638687325205	0.5163645202289988	2.676963066162567e-07
146.0	1370.294317983902	3.76e-05	0.5163631886523419	0.5163636737550106	0.5163642427470547	2.3412735829405915e-07
146.0	1370.294317983902	3.7999999999999995e-05	0.5163630653456739	0.5163634909306767	0.5163639942892644	2.055619275900829e-07
146.0	1370.294317983902	3.8400000000000005e-05	0.5163629664956959	0.5163633244207049	0.5163637702494777	1.8119118457470897e-07
146.0	1370.294317983902	3.88e-05	0.5163628635095217	0.5163631704213097	0.5163635669856159	1.5876579862663645e-07
146.0	1370.294317983902	3.9200000000000004e-05	0.5163627896251812	0.5163630349420539	0.5163633815716908	1.3666828367002586e-07
146.0	1370.294317983902	3.96e-05	0.516362698194281	0.5163629122254215	0.5163632115958476	1.1540102329651337e-07
146.0	1370.294317983902	3.9999999999999996e-05	0.5163626107163859	0.5163628010545397	0.5163630549820031	9.835584863819221e-08
146.0	1370.294317983902	4.0400000000000006e-05	0.516362532656629	0.5163626967990701	0.5163629098139246	8.290520945489869e-08
146.0	1370.294317983902	4.08e-05	0.5163624654987196	0.5163626009248348	0.5163627742221877	7.063084676812376e-08
146.0	1370.294317983902	4.12e-05	0.5163624049539051	0.5163625134001124	0.5163626470093137	6.071252238166922e-08
146.0	1370.294317983902	4.16e-05	0.5163623344266783	0.5163624357891874	0.5163625376498047	5.475612457058029e-08
146.0	1370.294317983902	4.2e-05	0.5163622918397515	0.5163623939091642	0.5163624837310365	5.0091056163578976e-08
147.0	1373.069135955843	0.0	0.5183234780984245	0.5183265815402912	0.5183281337629477	1.0243600468277716e-06
147.0	1373.069135955843	4e-07	0.5183214980148891	0.5183246840764335	0.518326326565937	1.061715074822724e-06
147.0	1373.069135955843	8e-07	0.5183193191068476	0.5183228066447999	0.5183248289848397	1.183065254143229e-06
147.0	1373.069135955843	1.2000000000000002e-06	0.5183169280328892	0.5183209531919705	0.5183239902169889	1.4187767269950873e-06
147.0	1373.069135955843	1.6e-06	0.5183142919663544	0.5183190000073845	0.5183224001328242	1.707103020958987e-06
147.0	1373.069135955843	2e-06	0.5183113607626693	0.5183169981128332	0.5183209663770993	2.1193379763038806e-06
147.0	1373.069135955843	2.4000000000000003e-06	0.5183080667327662	0.5183147784099777	0.5183193531474952	2.6097375619118724e-06
147.0	1373.069135955843	2.8000000000000003e-06	0.518304325596719	0.5183123304102344	0.5183176570016155	3.2410664468054257e-06
147.0	1373.069135955843	3.2e-06	0.5183000325126157	0.5183092177824571	0.5183153317610154	3.919552575413489e-06
147.0	1373.069135955843	3.6e-06	0.518295099450234	0.5183055520903187	0.518313221213786	4.841547288173544e-06
147.0	1373.069135955843	4e-06	0.5182894911633431	0.5183005056636112	0.5183096928341673	5.837808482944504e-06
147.0	1373.069135955843	4.4e-06	0.5182832734866576	0.5182933557443536	0.5183043352087626	6.8639438006372e-06
147.0	1373.069135955843	4.800000000000001e-06	0.5182762820725202	0.5182769982036111	0.5182776592256007	3.3958590059337997e-07
147.0	1373.069135955843	5.2e-06	0.5182506671766198	0.5182606666299037	0.5182702520612246	6.914708648396711e-06
147.0	1373.069135955843	5.600000000000001e-06	0.518245493545896	0.5182536864209564	0.5182640717738431	5.8517741922094e-06
147.0	1373.069135955843	6e-06	0.5182421688007963	0.5182488460550623	0.5182585973817355	4.829957064210344e-06
147.0	1373.069135955843	6.4e-06	0.5182402183826245	0.5182454073749692	0.5182538286438003	3.892440458810979e-06
147.0	1373.069135955843	6.8e-06	0.5182381748132432	0.518242546328332	0.5182497137583093	3.191768945406373e-06
147.0	1373.069135955843	7.2e-06	0.518236695880014	0.5182403702824517	0.5182461551772848	2.5291873975443654e-06
147.0	1373.069135955843	7.6e-06	0.5182353740037886	0.518238445777843	0.5182430331974448	1.9979156575463755e-06
147.0	1373.069135955843	8e-06	0.5182343090896522	0.5182367713475682	0.51824024888223	1.5098269550456332e-06
147.0	1373.069135955843	8.4e-06	0.5182331191940692	0.5182351755644063	0.5182377170639532	1.1157718578941782e-06
147.0	1373.069135955843	8.8e-06	0.518232549356056	0.518233696117349	0.5182353655550838	7.306575809182779e-07
147.0	1373.069135955843	9.2e-06	0.5182315153540316	0.5182322207322559	0.5182331323587945	4.169558545536716e-07
147.0	1373.069135955843	9.600000000000001e-06	0.5182303781562263	0.5182307572258974	0.5182310044970917	1.4015121923024174e-07
147.0	1373.069135955843	9.999999999999999e-06	0.5182287664021485	0.5182293088759227	0.5182296088101781	1.8492161892472547e-07
147.0	1373.069135955843	1.04e-05	0.5182265700919846	0.5182278790855395	0.5182290399763119	5.125550254409406e-07
147.0	1373.069135955843	1.08e-05	0.5182242811674849	0.5182263909563514	0.5182279423242901	8.473866366800793e-07
147.0	1373.069135955843	1.1200000000000001e-05	0.5182218401548644	0.5182248664299086	0.5182269362020966	1.2487036765592764e-06
147.0	1373.069135955843	1.16e-05	0.5182191796850191	0.5182231884286898	0.5182258290342743	1.6845866508449776e-06
147.0	1373.069135955843	1.2e-05	0.5182162238996986	0.5182213444036374	0.5182245805249872	2.216344088018365e-06
147.0	1373.069135955843	1.24e-05	0.5182128909118768	0.5182190104345792	0.5182228951022134	2.7686510026055445e-06
147.0	1373.069135955843	1.28e-05	0.5182090949292899	0.5182162590856388	0.5182213324817475	3.493846223685082e-06
147.0	1373.069135955843	1.32e-05	0.5182048108076023	0.518212479700798	0.5182187235874895	4.2694472154083995e-06
147.0	1373.069135955843	1.36e-05	0.5182000850516708	0.5182071285206374	0.5182147560292334	5.065096962488613e-06
147.0	1373.069135955843	1.4e-05	0.5181946765397498	0.518194905797103	0.518195144177847	1.1347909951920501e-07
147.0	1373.069135955843	1.44e-05	0.5181749269546394	0.5181826616070447	0.5181901932920807	5.214065557630284e-06
147.0	1373.069135955843	1.48e-05	0.5181710983463992	0.5181774461981519	0.5181855766028827	4.418478380597539e-06
147.0	1373.069135955843	1.52e-05	0.5181686504974623	0.51817383993541	0.5181814633589381	3.6532972468091233e-06
147.0	1373.069135955843	1.56e-05	0.5181672214281923	0.518171288008749	0.5181778903906018	2.952911705776604e-06
147.0	1373.069135955843	1.6e-05	0.5181657259191468	0.5181691711936126	0.518174820589417	2.4305668759636036e-06
147.0	1373.069135955843	1.6400000000000002e-05	0.5181646550207617	0.5181675707943758	0.5181721730577484	1.9392778099956128e-06
147.0	1373.069135955843	1.68e-05	0.5181637281454519	0.5181661626127239	0.5181698608476806	1.5457970832896059e-06
147.0	1373.069135955843	1.7199999999999998e-05	0.5181629211352998	0.5181649465301726	0.5181678094974949	1.1855327121355545e-06
147.0	1373.069135955843	1.76e-05	0.5181620717199928	0.5181637925971977	0.5181659552439921	8.962120709382289e-07
147.0	1373.069135955843	1.8e-05	0.5181616716180413	0.5181627301114355	0.5181642444121115	6.151725848813581e-07
147.0	1373.069135955843	1.84e-05	0.5181609710605599	0.5181616737733636	0.518162631332225	3.8920249526096483e-07
147.0	1373.069135955843	1.88e-05	0.5181601958243567	0.5181606297815202	0.5181610758855486	1.9017514167154593e-07
147.0	1373.069135955843	1.9200000000000003e-05	0.5181594047117972	0.5181596004688048	0.5181597956277955	7.623894443447812e-08
147.0	1373.069135955843	1.9600000000000002e-05	0.5181579624594272	0.5181585876317564	0.5181592456514643	2.731182823980247e-07
147.0	1373.069135955843	1.9999999999999998e-05	0.518156361237156	0.5181575416398708	0.5181584484442787	5.014415264395647e-07
147.0	1373.069135955843	2.04e-05	0.5181546669997896	0.5181564757224902	0.5181577364424799	7.750554635024815e-07
147.0	1373.069135955843	2.08e-05	0.5181528341322421	0.5181553140519095	0.5181569402165733	1.0718740543678331e-06
147.0	1373.069135955843	2.12e-05	0.5181508117405267	0.5181540466171212	0.5181560766541251	1.4330550691433123e-06
147.0	1373.069135955843	2.16e-05	0.5181485460938973	0.5181524574956344	0.5181549256933815	1.805657583974665e-06
147.0	1373.069135955843	2.2e-05	0.5181459815602958	0.518150593594709	0.5181538626458453	2.292574827694775e-06
147.0	1373.069135955843	2.2400000000000002e-05	0.5181430979977693	0.5181480503429761	0.5181521006799326	2.8109224231449906e-06
147.0	1373.069135955843	2.28e-05	0.5181399306551979	0.5181444677330397	0.5181494404169538	3.3416031522870683e-06
147.0	1373.069135955843	2.32e-05	0.5181360868239882	0.5181363396709794	0.5181366295474534	1.2638040535558182e-07
147.0	1373.069135955843	2.36e-05	0.5181229723065606	0.5181281868106854	0.5181333369879448	3.498501450174038e-06
147.0	1373.069135955843	2.4e-05	0.5181204513092359	0.5181247381618457	0.5181302789794104	2.9692037874024857e-06
147.0	1373.069135955843	2.44e-05	0.5181188519068298	0.518122366756643	0.5181275667515832	2.461684710530333e-06
147.0	1373.069135955843	2.48e-05	0.5181179253483696	0.5181207015173596	0.5181252232563764	1.9996603813997338e-06
147.0	1373.069135955843	2.5200000000000003e-05	0.5181169626121083	0.5181193287719493	0.5181232237080788	1.6569880679944107e-06
147.0	1373.069135955843	2.56e-05	0.5181162820690224	0.5181183040416925	0.5181215111955595	1.33705788675211e-06
147.0	1373.069135955843	2.6e-05	0.5181156932805511	0.518117411724197	0.5181200289495695	1.0823392498232918e-06
147.0	1373.069135955843	2.64e-05	0.5181151900327015	0.5181166535775915	0.5181187276269297	8.50017442663876e-07
147.0	1373.069135955843	2.68e-05	0.5181146677293302	0.5181159410329295	0.5181175653825791	6.658423341633135e-07
147.0	1373.069135955843	2.72e-05	0.5181144284741048	0.518115294879512	0.5181165074599425	4.889927760910929e-07
147.0	1373.069135955843	2.76e-05	0.5181140035910126	0.5181146569142673	0.5181155248416074	3.5095811988754354e-07
147.0	1373.069135955843	2.8e-05	0.5181135384992919	0.5181140317209965	0.5181145926912407	2.320111568863437e-07
147.0	1373.069135955843	2.8400000000000003e-05	0.5181130756937975	0.5181134206927549	0.5181136888507689	1.2295004270809878e-07
147.0	1373.069135955843	2.88e-05	0.518112620247182	0.518112824029423	0.5181130641400591	7.524467000024227e-08
147.0	1373.069135955843	2.92e-05	0.5181117832786235	0.51811221917017	0.5181126058589944	1.721133569598337e-07
147.0	1373.069135955843	2.96e-05	0.5181109073368724	0.5181116107775661	0.5181121937617359	3.1323981960375243e-07
147.0	1373.069135955843	2.9999999999999997e-05	0.5181099192665828	0.5181109642412138	0.5181117422507064	4.697997502250109e-07
147.0	1373.069135955843	3.04e-05	0.5181088331757095	0.5181102717234766	0.5181112603066174	6.593428999933853e-07
147.0	1373.069135955843	3.0799999999999996e-05	0.5181076362462829	0.5181094254824149	0.5181106099258344	8.521096009209643e-07
147.0	1373.069135955843	3.12e-05	0.5181063053492583	0.5181084466947856	0.5181100431533459	1.100770163180219e-06
147.0	1373.069135955843	3.16e-05	0.5181048258996643	0.5181071360266668	0.5181091197082015	1.361776866760537e-06
147.0	1373.069135955843	3.2e-05	0.5181031552074993	0.518105316764454	0.5181077557964429	1.6269774926424416e-06
147.0	1373.069135955843	3.2399999999999995e-05	0.5181010220160909	0.5181012715594813	0.5181015589555873	1.2763543342700514e-07
147.0	1373.069135955843	3.2800000000000004e-05	0.5180945319303163	0.5180972006694905	0.5180999262152683	1.7850719961821825e-06
147.0	1373.069135955843	3.32e-05	0.5180933099422944	0.5180955145542842	0.5180984280535474	1.5211010411871608e-06
147.0	1373.069135955843	3.36e-05	0.5180925532042933	0.5180943748685605	0.5180971176344178	1.2706528635612836e-06
147.0	1373.069135955843	3.4e-05	0.5180921254926423	0.5180935938643324	0.5180960073967302	1.0464503973631093e-06
147.0	1373.069135955843	3.4399999999999996e-05	0.5180916921003798	0.5180929630383371	0.5180950774766382	8.830727496663987e-07
147.0	1373.069135955843	3.4800000000000006e-05	0.5180913986176181	0.5180925121701352	0.5180942998589426	7.339284310879605e-07
147.0	1373.069135955843	3.52e-05	0.5180911467085325	0.5180921339373084	0.518093647034048	6.175747321729717e-07
147.0	1373.069135955843	3.56e-05	0.5180909451266746	0.5180918319410235	0.5180930947522455	5.127191029213882e-07
147.0	1373.069135955843	3.6e-05	0.5180907472705618	0.518091558947117	0.5180926230392053	4.3314021266858936e-07
147.0	1373.069135955843	3.64e-05	0.5180906678998056	0.5180913271901306	0.5180922159816088	3.595500640787738e-07
147.0	1373.069135955843	3.68e-05	0.5180905171149526	0.5180911055709921	0.518091861102576	3.077979942869266e-07
147.0	1373.069135955843	3.72e-05	0.5180903612580074	0.518090897039761	0.5180915486861508	2.6773891547918927e-07
147.0	1373.069135955843	3.76e-05	0.5180902167943069	0.5180907020430916	0.518091271179089	2.3416952242450684e-07
147.0	1373.069135955843	3.7999999999999995e-05	0.5180900934701684	0.5180905192004446	0.5180910226985054	2.0560413419303016e-07
147.0	1373.069135955843	3.8400000000000005e-05	0.518089994606874	0.51809035267305	0.5180907986379175	1.812345589707611e-07
147.0	1373.069135955843	3.88e-05	0.5180898916078753	0.5180901986578791	0.518090595354975	1.588100782830151e-07
147.0	1373.069135955843	3.9200000000000004e-05	0.518089817706711	0.5180900631632189	0.5180904099234631	1.3671616839014054e-07
147.0	1373.069135955843	3.96e-05	0.518089726261791	0.5180899404321133	0.5180902399313503	1.1545462979094662e-07
147.0	1373.069135955843	3.9999999999999996e-05	0.5180896387690881	0.518089829245533	0.518090083302428	9.84181145766403e-08
147.0	1373.069135955843	4.0400000000000006e-05	0.5180895606915454	0.5180897249754568	0.5180899381203758	8.29778235987625e-08
147.0	1373.069135955843	4.08e-05	0.5180894935158991	0.5180896290885236	0.518089802515747	7.071447247881755e-08
147.0	1373.069135955843	4.12e-05	0.5180894329366215	0.518089541554032	0.5180896752912334	6.080740656791135e-08
147.0	1373.069135955843	4.16e-05	0.5180893624177312	0.5180894639376527	0.5180895659238862	5.4856610028601134e-08
147.0	1373.069135955843	4.2e-05	0.5180893198233747	0.518089422094778	0.5180895120064983	5.018344610806112e-08
148.0	1375.843953927784	0.0	0.520052771689099	0.5200558751001664	0.5200574272746463	1.0243394800875264e-06
148.0	1375.843953927784	4e-07	0.5200507916049162	0.5200539776357808	0.5200556201049	1.0616958557067484e-06
148.0	1375.843953927784	8e-07	0.5200486126944748	0.5200521002027276	0.520054122520702	1.183050032422036e-06
148.0	1375.843953927784	1.2000000000000002e-06	0.520046221616254	0.5200502467476062	0.5200532837569742	1.4187678682749253e-06
148.0	1375.843953927784	1.6e-06	0.5200435855433208	0.5200482935592157	0.5200516936564057	1.7070990884055685e-06
148.0	1375.843953927784	2e-06	0.520040654330673	0.5200462916608413	0.5200502598867001	2.1193410912664273e-06
148.0	1375.843953927784	2.4000000000000003e-06	0.520037360288665	0.5200440719512843	0.5200486466644243	2.6097465169483613e-06
148.0	1375.843953927784	2.8000000000000003e-06	0.5200336191366342	0.5200416239423168	0.520046950496627	3.2410826713074117e-06
148.0	1375.843953927784	3.2e-06	0.5200293260431801	0.5200385112987315	0.5200446252455171	3.919574271920983e-06
148.0	1375.843953927784	3.6e-06	0.5200243929536423	0.5200348455867065	0.5200425146761347	4.841576992825848e-06
148.0	1375.843953927784	4e-06	0.5200187846332485	0.5200297991310143	0.520038986271155	5.8378488626532825e-06
148.0	1375.843953927784	4.4e-06	0.5200125669168427	0.5200226491680471	0.5200336286110145	6.863999555560315e-06
148.0	1375.843953927784	4.800000000000001e-06	0.5200055754962642	0.5200062915088974	0.5200069523952608	3.3951044723475405e-07
148.0	1375.843953927784	5.2e-06	0.5199799603089028	0.5199899598198	0.5199995451760966	6.914745161564622e-06
148.0	1375.843953927784	5.600000000000001e-06	0.5199747865033055	0.5199829795534521	0.5199933650620157	5.85181096411856e-06
148.0	1375.843953927784	6e-06	0.519971461732637	0.519978139145904	0.5199878906275277	4.829989551328041e-06
148.0	1375.843953927784	6.4e-06	0.5199695113066989	0.5199747004352953	0.5199831218504842	3.8924665654249295e-06
148.0	1375.843953927784	6.8e-06	0.5199674677156843	0.5199718393623369	0.5199790069325099	3.1917895843855033e-06
148.0	1375.843953927784	7.2e-06	0.5199659887819932	0.5199696632937618	0.5199754483182533	2.5292041590361867e-06
148.0	1375.843953927784	7.6e-06	0.5199646669404787	0.5199677387680228	0.5199723263075651	1.9979285647947433e-06
148.0	1375.843953927784	8e-06	0.5199636020110816	0.5199660643177563	0.5199695419633237	1.5098369236024644e-06
148.0	1375.843953927784	8.4e-06	0.5199624121454738	0.5199644685159281	0.5199670101172984	1.115777698882003e-06
148.0	1375.843953927784	8.8e-06	0.5199618422936805	0.5199629890509273	0.5199646585814364	7.306591062588049e-07
148.0	1375.843953927784	9.2e-06	0.5199608083913985	0.5199615136474074	0.5199624253583757	4.1695154236536403e-07
148.0	1375.843953927784	9.600000000000001e-06	0.519959671178909	0.5199600501222855	0.5199602972655883	1.4013120345357174e-07
148.0	1375.843953927784	9.999999999999999e-06	0.5199580593432156	0.519958601753258	0.5199589016319344	1.8491306029363288e-07
148.0	1375.843953927784	1.04e-05	0.519955863003152	0.519957171943545	0.5199583327913686	5.125617446921407e-07
148.0	1375.843953927784	1.08e-05	0.519953574046137	0.5199556837935438	0.5199572351103665	8.474004327652213e-07
148.0	1375.843953927784	1.1200000000000001e-05	0.519951132997293	0.5199541592461806	0.5199562289638804	1.2487267505480577e-06
148.0	1375.843953927784	1.16e-05	0.5199484724861785	0.5199524812201163	0.5199551217935978	1.684618351068832e-06
148.0	1375.843953927784	1.2e-05	0.5199455166529541	0.5199506371666199	0.519953873249146	2.2163873015697924e-06
148.0	1375.843953927784	1.24e-05	0.5199421836112741	0.5199483031580289	0.5199521877991637	2.7687044513440233e-06
148.0	1375.843953927784	1.28e-05	0.5199383875616945	0.5199455517613681	0.5199506251412354	3.4939141707346656e-06
148.0	1375.843953927784	1.32e-05	0.5199341033616447	0.5199417723096321	0.5199480161961834	4.2695332828518456e-06
148.0	1375.843953927784	1.36e-05	0.5199293775164717	0.5199364210320478	0.5199440485643159	5.065206420923109e-06
148.0	1375.843953927784	1.4e-05	0.5199239688188495	0.5199241980663041	0.5199244365462743	1.1348460042464085e-07
148.0	1375.843953927784	1.44e-05	0.519904218694144	0.5199119536335948	0.5199194855623075	5.21416069119062e-06
148.0	1375.843953927784	1.48e-05	0.5199003900037988	0.5199067381128456	0.5199148687789705	4.41856571062215e-06
148.0	1375.843953927784	1.52e-05	0.5198979421047554	0.5199031317708235	0.5199107554487128	3.6533725394600474e-06
148.0	1375.843953927784	1.56e-05	0.5198965130134203	0.5199005797871019	0.519907182403073	2.9529736343736324e-06
148.0	1375.843953927784	1.6e-05	0.5198950174679275	0.519898462923656	0.5199041125313153	2.430618161555809e-06
148.0	1375.843953927784	1.6400000000000002e-05	0.519893946558942	0.5198968624851233	0.5199014649383944	1.939320678964927e-06
148.0	1375.843953927784	1.68e-05	0.5198930196445533	0.5198954542678704	0.5198991526730987	1.5458325040197037e-06
148.0	1375.843953927784	1.7199999999999998e-05	0.5198922126226515	0.5198942381528737	0.5198971012723828	1.1855624612722425e-06
148.0	1375.843953927784	1.76e-05	0.5198913631981528	0.5198930841894327	0.5198952469718519	8.962361097723037e-07
148.0	1375.843953927784	1.8e-05	0.5198909630799546	0.5198920216749617	0.5198935360953767	6.151921749806177e-07
148.0	1375.843953927784	1.84e-05	0.5198902625037594	0.5198909653078294	0.519891922972338	3.8921941151019184e-07
148.0	1375.843953927784	1.88e-05	0.5198894872352611	0.5198899212867554	0.5198903674829909	1.9019467086238016e-07
148.0	1375.843953927784	1.9200000000000003e-05	0.5198886960393443	0.5198888919447202	0.5198890871735298	7.628151830427724e-08
148.0	1375.843953927784	1.9600000000000002e-05	0.5198872539696104	0.5198878790783342	0.5198885372642463	2.7314112578419986e-07
148.0	1375.843953927784	1.9999999999999998e-05	0.5198856526996565	0.5198868330554435	0.5198877400315656	5.014663947764758e-07
148.0	1375.843953927784	2.04e-05	0.5198839584103458	0.5198857671068176	0.5198870278385925	7.750889582179313e-07
148.0	1375.843953927784	2.08e-05	0.519882125484866	0.5198846054003379	0.5198862315340129	1.0719170712707709e-06
148.0	1375.843953927784	2.12e-05	0.5198801030272167	0.5198833379253842	0.5198853679274755	1.433111658997103e-06
148.0	1375.843953927784	2.16e-05	0.5198778373044393	0.5198817487500753	0.5198842169282676	1.805726736619423e-06
148.0	1375.843953927784	2.2e-05	0.5198752726805189	0.5198798847850616	0.5198831538336357	2.2926618711460195e-06
148.0	1375.843953927784	2.2400000000000002e-05	0.519872389015327	0.5198773414447605	0.519881391801448	2.8110313711630782e-06
148.0	1375.843953927784	2.28e-05	0.5198692215571548	0.5198737587076229	0.5198787314419944	3.3417395529538976e-06
148.0	1375.843953927784	2.32e-05	0.5198653773510946	0.5198656303371666	0.5198659203288791	1.2642358805921886e-07
148.0	1375.843953927784	2.36e-05	0.5198522623174213	0.5198574771659836	0.5198626276441729	3.4986291672281715e-06
148.0	1375.843953927784	2.4e-05	0.5198497412180378	0.5198540283771107	0.5198595695167887	2.969319543030241e-06
148.0	1375.843953927784	2.44e-05	0.5198481417533243	0.5198516568738736	0.5198568571811508	2.4617844539614333e-06
148.0	1375.843953927784	2.48e-05	0.51984721516616	0.5198499915649964	0.5198545135905466	1.9997432601808457e-06
148.0	1375.843953927784	2.5200000000000003e-05	0.5198462523872678	0.5198486187614008	0.5198525139546346	1.6570577737132712e-06
148.0	1375.843953927784	2.56e-05	0.5198455718300989	0.5198475939850682	0.5198508013687357	1.3371170690395546e-06
148.0	1375.843953927784	2.6e-05	0.5198449829975891	0.5198467016266093	0.5198493190576237	1.0823893481423213e-06
148.0	1375.843953927784	2.64e-05	0.5198444797354638	0.5198459434435253	0.5198480176764138	8.500607068868605e-07
148.0	1375.843953927784	2.68e-05	0.5198439574211582	0.5198452308648484	0.5198468553785487	6.658793298253431e-07
148.0	1375.843953927784	2.72e-05	0.5198437181483282	0.5198445846799502	0.5198457974061563	4.890250814469379e-07
148.0	1375.843953927784	2.76e-05	0.5198432932441763	0.5198439466831978	0.519844814740674	3.509876762724289e-07
148.0	1375.843953927784	2.8e-05	0.5198428281159773	0.5198433214586324	0.5198438825447083	2.3204093259875666e-07
148.0	1375.843953927784	2.8400000000000003e-05	0.5198423652836981	0.5198427103994068	0.519842978659141	1.2299006127160408e-07
148.0	1375.843953927784	2.88e-05	0.5198419097602862	0.519842113705438	0.519842353981641	7.530674740404132e-08
148.0	1375.843953927784	2.92e-05	0.5198410727441312	0.5198415088144274	0.5198418956746123	1.7214932953673377e-07
148.0	1375.843953927784	2.96e-05	0.5198401967506241	0.5198409003902007	0.5198414835514971	3.132746371703924e-07
148.0	1375.843953927784	2.9999999999999997e-05	0.519839208879052	0.519840253818471	0.5198410320242228	4.698397065094333e-07
148.0	1375.843953927784	3.04e-05	0.5198381227263678	0.5198395612620779	0.5198405500516099	6.593935064860004e-07
148.0	1375.843953927784	3.0799999999999996e-05	0.5198369257266462	0.5198387149705844	0.5198398996406883	8.521702244233293e-07
148.0	1375.843953927784	3.12e-05	0.519835594749007	0.5198377361240786	0.5198393328340387	1.1008459514851394e-06
148.0	1375.843953927784	3.16e-05	0.519834115203774	0.5198364253764102	0.5198384093389308	1.3618718735253368e-06
148.0	1375.843953927784	3.2e-05	0.5198324441195412	0.5198346060016215	0.5198370453516858	1.6270974051214695e-06
148.0	1375.843953927784	3.2399999999999995e-05	0.5198303108260891	0.5198305605255304	0.5198308480508054	1.2768990422427505e-07
148.0	1375.843953927784	3.2800000000000004e-05	0.5198238202868533	0.5198264893595355	0.5198292152001889	1.7851906090003253e-06
148.0	1375.843953927784	3.32e-05	0.5198225982100508	0.5198248031208491	0.519827716934607	1.52121055496595e-06
148.0	1375.843953927784	3.36e-05	0.5198218414198186	0.5198236633499013	0.5198264064222089	1.2707493180153755e-06
148.0	1375.843953927784	3.4e-05	0.5198214136858654	0.5198228822866712	0.5198252961005245	1.0465329671973814e-06
148.0	1375.843953927784	3.4399999999999996e-05	0.5198209802587748	0.5198222514124647	0.5198243661106048	8.831445076129728e-07
148.0	1375.843953927784	3.4800000000000006e-05	0.5198206867688722	0.519821800507339	0.519823588432808	7.339921910578199e-07
148.0	1375.843953927784	3.52e-05	0.5198204348212663	0.519821422242806	0.5198229355559887	6.176316736549437e-07
148.0	1375.843953927784	3.56e-05	0.5198202332310728	0.519821120219508	0.5198223832290303	5.127715118861797e-07
148.0	1375.843953927784	3.6e-05	0.5198200353717413	0.519820847201321	0.5198219114764218	4.33188551908851e-07
148.0	1375.843953927784	3.64e-05	0.5198199559873791	0.519820615422983	0.5198215043838852	3.5959566094581223e-07
148.0	1375.843953927784	3.68e-05	0.5198198051879235	0.519820393783036	0.5198211494737723	3.078419322640606e-07
148.0	1375.843953927784	3.72e-05	0.5198196493009482	0.5198201852318494	0.5198208370295099	2.677818571271274e-07
148.0	1375.843953927784	3.76e-05	0.519819504820088	0.5198199902161705	0.5198205594973588	2.3421197058507936e-07
148.0	1375.843953927784	3.7999999999999995e-05	0.5198193814791239	0.5198198073553998	0.5198203109940245	2.0564652832787687e-07
148.0	1375.843953927784	3.8400000000000005e-05	0.5198192826031409	0.5198196408107216	0.5198200869126905	1.8127807712407329e-07
148.0	1375.843953927784	3.88e-05	0.5198191795914244	0.5198194867798722	0.5198198836107304	1.5885449095783031e-07
148.0	1375.843953927784	3.9200000000000004e-05	0.519819105673827	0.5198193512699097	0.5198196981617054	1.3676417126152778e-07
148.0	1375.843953927784	3.96e-05	0.5198190142147618	0.5198192285244536	0.5198195281534082	1.1550833124704867e-07
148.0	1375.843953927784	3.9999999999999996e-05	0.5198189267082469	0.519819117322324	0.5198193715095014	9.848043463259748e-08
148.0	1375.843953927784	4.0400000000000006e-05	0.5198188486134177	0.5198190130378584	0.5198192263135892	8.305042694372238e-08
148.0	1375.843953927784	4.08e-05	0.5198187814197626	0.5198189171384175	0.5198190906962052	7.079803581409727e-08
148.0	1375.843953927784	4.12e-05	0.519818720805798	0.5198188295943345	0.5198189634602457	6.09021837167417e-08
148.0	1375.843953927784	4.16e-05	0.5198186502964433	0.5198187519727572	0.5198188540851838	5.495693889379209e-08
148.0	1375.843953927784	4.2e-05	0.5198186076955453	0.5198187101682548	0.5198188001701451	5.027562458868526e-08
149.0	1378.618771899725	0.0	0.521784231061833	0.5217873344383054	0.5217888865603699	1.0243172889041934e-06
149.0	1378.618771899725	4e-07	0.5217822509769858	0.5217854369733635	0.5217870794172477	1.0616750632975758e-06
149.0	1378.618771899725	8e-07	0.5217800720640815	0.5217835595387902	0.5217855818296604	1.1830333634555247e-06
149.0	1378.618771899725	1.2000000000000002e-06	0.5217776809814909	0.5217817060812916	0.5217847430702234	1.4187578016388812e-06
149.0	1378.618771899725	1.6e-06	0.5217750449019958	0.5217797528889844	0.5217831529529464	1.7070941921281597e-06
149.0	1378.618771899725	2e-06	0.5217721136801616	0.5217777509865732	0.5217817191692955	2.1193434504064975e-06
149.0	1378.618771899725	2.4000000000000003e-06	0.5217688196257484	0.5217755312699346	0.5217801059539386	2.6097547826800286e-06
149.0	1378.618771899725	2.8000000000000003e-06	0.5217650784573431	0.5217730832514016	0.521778409764134	3.2410983807429875e-06
149.0	1378.618771899725	3.2e-06	0.5217607853522095	0.5217699705915031	0.521776084501246	3.919595549010495e-06
149.0	1378.618771899725	3.6e-06	0.5217558522349153	0.5217663048589939	0.5217739739098946	4.841606406570628e-06
149.0	1378.618771899725	4e-06	0.5217502438802484	0.5217612583735106	0.5217704454791168	5.837889040658109e-06
149.0	1378.618771899725	4.4e-06	0.5217440261231516	0.5217541083657834	0.5217650877826223	6.8640551550544245e-06
149.0	1378.618771899725	4.800000000000001e-06	0.5217370346964296	0.5217377505858174	0.5217384113300865	3.3943113102398494e-07
149.0	1378.618771899725	5.2e-06	0.5217114192050696	0.5217214187772646	0.5217310040546126	6.914784214210119e-06
149.0	1378.618771899725	5.600000000000001e-06	0.5217062452185903	0.5217144384517864	0.5217248241239689	5.851849891022604e-06
149.0	1378.618771899725	6e-06	0.521702920421454	0.5217095980014738	0.5217193496457808	4.83002383765013e-06
149.0	1378.618771899725	6.4e-06	0.5217009699869042	0.521706159259599	0.5217145808284309	3.892494161210858e-06
149.0	1378.618771899725	6.8e-06	0.5216989263746168	0.5217032981597188	0.5217104658755769	3.1918114603355984e-06
149.0	1378.618771899725	7.2e-06	0.5216974474401885	0.5217011220679721	0.5217069072271503	2.529221968264121e-06
149.0	1378.618771899725	7.6e-06	0.5216961256349295	0.5216991975207662	0.5217037851847719	1.9979422608999534e-06
149.0	1378.618771899725	8e-06	0.5216950606633288	0.5216975230501293	0.5217010008107374	1.5098475503690927e-06
149.0	1378.618771899725	8.4e-06	0.5216938708554766	0.5216959272291772	0.5216984689362576	1.115784166045671e-06
149.0	1378.618771899725	8.8e-06	0.5216933009892744	0.5216944477457958	0.5216961173727395	7.30661188333802e-07
149.0	1378.618771899725	9.2e-06	0.5216922671925088	0.521692972323457	0.5216938841222776	4.1694761212071723e-07
149.0	1378.618771899725	9.600000000000001e-06	0.5216911299653137	0.5216915087791664	0.521691755788912	1.4011098377856928e-07
149.0	1378.618771899725	9.999999999999999e-06	0.5216895180490813	0.5216900603906732	0.5216903602109744	1.849034989068736e-07
149.0	1378.618771899725	1.04e-05	0.5216873216785762	0.5216886305612707	0.5216897913601226	5.125678915458217e-07
149.0	1378.618771899725	1.08e-05	0.5216850326884792	0.521687142390067	0.5216886936496561	8.474138645118128e-07
149.0	1378.618771899725	1.1200000000000001e-05	0.5216825916028061	0.5216856178212821	0.5216876874785736	1.2487495669042039e-06
149.0	1378.618771899725	1.16e-05	0.5216799310497544	0.5216839397697408	0.5216865803058992	1.684649781529057e-06
149.0	1378.618771899725	1.2e-05	0.5216769751678765	0.5216820956872038	0.5216853317256671	2.2164303334186404e-06
149.0	1378.618771899725	1.24e-05	0.5216736420698185	0.5216797616383622	0.5216836462471761	2.7687577551197436e-06
149.0	1378.618771899725	1.28e-05	0.5216698459523501	0.5216770101932282	0.5216820835515765	3.493982085171167e-06
149.0	1378.618771899725	1.32e-05	0.5216655616729033	0.521673230673664	0.5216794745551434	4.269619422121035e-06
149.0	1378.618771899725	1.36e-05	0.5216608357372952	0.5216678792974992	0.5216755068482701	5.065316055842242e-06
149.0	1378.618771899725	1.4e-05	0.5216554268475351	0.5216556560867462	0.5216558946703502	1.134913234050103e-07
149.0	1378.618771899725	1.44e-05	0.5216356761715453	0.5216434114071801	0.5216509435865513	5.214258606108407e-06
149.0	1378.618771899725	1.48e-05	0.5216318473983144	0.5216381957727025	0.5216463267074811	4.418655482605385e-06
149.0	1378.618771899725	1.52e-05	0.5216293994483756	0.521634589350213	0.5216422132894447	3.6534499504162516e-06
149.0	1378.618771899725	1.56e-05	0.5216279703344107	0.5216320373086641	0.5216386401652171	2.953037399397793e-06
149.0	1378.618771899725	1.6e-05	0.5216264747528419	0.5216299203963582	0.5216355702215685	2.4306710257340435e-06
149.0	1378.618771899725	1.6400000000000002e-05	0.5216254038332986	0.5216283199181584	0.5216329225664937	1.9393649325020926e-06
149.0	1378.618771899725	1.68e-05	0.521624476879154	0.5216269116650768	0.5216306102451851	1.5458690768373312e-06
149.0	1378.618771899725	1.7199999999999998e-05	0.521623669845388	0.5216256955173821	0.5216285587932488	1.1855932767374746e-06
149.0	1378.618771899725	1.76e-05	0.521622820411781	0.521624541523137	0.5216267044450822	8.96261265592397e-07
149.0	1378.618771899725	1.8e-05	0.5216224202767794	0.5216234789796182	0.5216249935234769	6.152130212967582e-07
149.0	1378.618771899725	1.84e-05	0.5216217196812414	0.521622422583154	0.5216233803568171	3.8923774640917513e-07
149.0	1378.618771899725	1.88e-05	0.5216209443785988	0.5216213785326341	0.5216218248243916	1.9021598842832426e-07
149.0	1378.618771899725	1.9200000000000003e-05	0.5216201531033517	0.5216203491611254	0.5216205444615563	7.632582855528393e-08
149.0	1378.618771899725	1.9600000000000002e-05	0.5216187112239172	0.5216193362653208	0.5216199946195621	2.731637623275068e-07
149.0	1378.618771899725	1.9999999999999998e-05	0.5216171099061233	0.5216182902113133	0.5216191973614954	5.014908281622412e-07
149.0	1378.618771899725	2.04e-05	0.5216154155647628	0.5216172242312468	0.5216184849708432	7.751218587264175e-07
149.0	1378.618771899725	2.08e-05	0.5216135825812955	0.5216160624886251	0.5216176885867725	1.0719592699591234e-06
149.0	1378.618771899725	2.12e-05	0.5216115600577123	0.521614794973364	0.5216168249358573	1.4331672543584177e-06
149.0	1378.618771899725	2.16e-05	0.5216092942588455	0.5216132057442184	0.521615673898002	1.8057946627416776e-06
149.0	1378.618771899725	2.2e-05	0.5216067295445805	0.5216113417153669	0.5216146107565836	2.292747544215758e-06
149.0	1378.618771899725	2.2400000000000002e-05	0.5216038457772658	0.5216087982870905	0.5216128486584273	2.8111388140822097e-06
149.0	1378.618771899725	2.28e-05	0.5216006782041394	0.5216052154237808	0.5216101882030095	3.3418742953225554e-06
149.0	1378.618771899725	2.32e-05	0.5215968336167407	0.5215970867469076	0.5215973768548228	1.264684593546433e-07
149.0	1378.618771899725	2.36e-05	0.5215837180710956	0.5215889332659346	0.5215940840451045	3.4987572689456312e-06
149.0	1378.618771899725	2.4e-05	0.5215811968704847	0.5215854843373434	0.5215910257990535	2.9694356961342367e-06
149.0	1378.618771899725	2.44e-05	0.5215795973440747	0.521583112736422	0.521588313355803	2.4618846330559573e-06
149.0	1378.618771899725	2.48e-05	0.5215786707283678	0.5215814473583773	0.5215859696700429	1.9998266049227906e-06
149.0	1378.618771899725	2.5200000000000003e-05	0.52157770790767	0.5215800744971929	0.5215839699498934	1.657127838875145e-06
149.0	1378.618771899725	2.56e-05	0.5215770273369342	0.5215790496753911	0.521582257291116	1.3371765517740046e-06
149.0	1378.618771899725	2.6e-05	0.5215764384609605	0.5215781572766152	0.52158077491538	1.0824396698616142e-06
149.0	1378.618771899725	2.64e-05	0.5215759351848925	0.5215773990576172	0.5215794734761001	8.501042067023967e-07
149.0	1378.618771899725	2.68e-05	0.5215754128602752	0.5215766864454121	0.5215783111252312	6.659166469891512e-07
149.0	1378.618771899725	2.72e-05	0.52157517356983	0.5215760402294414	0.5215772531036125	4.890578963261307e-07
149.0	1378.618771899725	2.76e-05	0.5215747486448414	0.5215754022016409	0.5215762703915416	3.5101789654874153e-07
149.0	1378.618771899725	2.8e-05	0.5215742834794712	0.5215747769462948	0.5215753381505719	2.3207150624259267e-07
149.0	1378.618771899725	2.8400000000000003e-05	0.5215738206213434	0.5215741658566443	0.5215744342205593	1.2303103112757504e-07
149.0	1378.618771899725	2.88e-05	0.5215733650245395	0.5215735691326392	0.5215738095719704	7.536922005307556e-08
149.0	1378.618771899725	2.92e-05	0.521572527961748	0.5215729642104465	0.5215733512392573	1.721849213230188e-07
149.0	1378.618771899725	2.96e-05	0.5215716519175624	0.5215723557551376	0.521572939090964	3.133086933899074e-07
149.0	1378.618771899725	2.9999999999999997e-05	0.5215706642452353	0.5215717091486356	0.5215724875479619	4.698785820927009e-07
149.0	1378.618771899725	3.04e-05	0.5215695780320813	0.5215710165543278	0.5215720055473501	6.594427019874284e-07
149.0	1378.618771899725	3.0799999999999996e-05	0.5215683809636475	0.5215701702134315	0.5215713551069285	8.522290593206181e-07
149.0	1378.618771899725	3.12e-05	0.5215670499072482	0.5215691913094782	0.5215707882671339	1.1009195994452966e-06
149.0	1378.618771899725	3.16e-05	0.5215655702712878	0.5215678804843165	0.521569864723129	1.361964310040545e-06
149.0	1378.618771899725	3.2e-05	0.521563898796483	0.5215660609999314	0.5215685006622	1.6272142369302002e-06
149.0	1378.618771899725	3.2399999999999995e-05	0.5215617654031011	0.5215620152590683	0.5215623029115557	1.2774462435762273e-07
149.0	1378.618771899725	3.2800000000000004e-05	0.5215552744219849	0.5215579438234117	0.521560669953149	1.7853069145971417e-06
149.0	1378.618771899725	3.32e-05	0.5215540522587174	0.5215562574637823	0.5215591715860386	1.5213180245988295e-06
149.0	1378.618771899725	3.36e-05	0.5215532954179514	0.5215551176094269	0.5215578609824547	1.2708440395703775e-06
149.0	1378.618771899725	3.4e-05	0.5215528676621934	0.5215543364885374	0.5215567505811309	1.046614144016243e-06
149.0	1378.618771899725	3.4399999999999996e-05	0.5215524342013529	0.5215537055674087	0.5215558205229707	8.832150204667389e-07
149.0	1378.618771899725	3.4800000000000006e-05	0.5215521407046788	0.5215532546264108	0.5215550427864759	7.340548607107637e-07
149.0	1378.618771899725	3.52e-05	0.5215518887200004	0.5215528763311365	0.5215543898589869	6.176876548833856e-07
149.0	1378.618771899725	3.56e-05	0.5215516871216561	0.5215525742816769	0.521553837488006	5.12823062867468e-07
149.0	1378.618771899725	3.6e-05	0.5215514892593838	0.5215523012399826	0.5215533656968621	4.332361360922466e-07
149.0	1378.618771899725	3.64e-05	0.5215514098617371	0.5215520694409405	0.5215529585703349	3.5964065660165995e-07
149.0	1378.618771899725	3.68e-05	0.5215512590481852	0.5215518477808652	0.5215526036300213	3.078853315809243e-07
149.0	1378.618771899725	3.72e-05	0.5215511031317686	0.5215516392103754	0.5215522911587431	2.6782431071991034e-07
149.0	1378.618771899725	3.76e-05	0.5215509586345739	0.5215514441763097	0.5215520136022711	2.342539773112883e-07
149.0	1378.618771899725	3.7999999999999995e-05	0.521550835277691	0.5215512612980551	0.5215517650769144	2.0568847366549105e-07
149.0	1378.618771899725	3.8400000000000005e-05	0.521550736389913	0.5215510947366793	0.5215515409755263	1.8132115678844325e-07
149.0	1378.618771899725	3.88e-05	0.5215506333658002	0.5215509406906979	0.5215513376552083	1.588984886574148e-07
149.0	1378.618771899725	3.9200000000000004e-05	0.5215505594323178	0.5215508051659955	0.5215511521893008	1.368117288781865e-07
149.0	1378.618771899725	3.96e-05	0.5215504679591749	0.5215506824067264	0.5215509821654267	1.1556154910585928e-07
149.0	1378.618771899725	3.9999999999999996e-05	0.5215503804403951	0.5215505711896041	0.5215508255071208	9.854218397117632e-08
149.0	1378.618771899725	4.0400000000000006e-05	0.5215503023289889	0.5215504668913059	0.5215506802979117	8.312236983116279e-08
149.0	1378.618771899725	4.08e-05	0.5215502351169912	0.521550370979862	0.5215505446683304	7.088085524094771e-08
149.0	1378.618771899725	4.12e-05	0.5215501744682474	0.5215502834266705	0.5215504174214995	6.099613486318122e-08
149.0	1378.618771899725	4.16e-05	0.5215501039700774	0.52155020580039	0.5215503080392834	5.505639985072394e-08
149.0	1378.618771899725	4.2e-05	0.5215500613632678	0.521550164035291	0.5215502541276038	5.0367022491297126e-08
150.0	1381.393589871666	0.0	0.523517775100105	0.5235208784337728	0.5235224304966257	1.0242925083050826e-06
150.0	1381.393589871666	4e-07	0.5235157950145952	0.5235189809682603	0.5235206233799214	1.0616517351916356e-06
150.0	1381.393589871666	8e-07	0.5235136160992289	0.523517103532155	0.523519125789214	1.1830143349870183e-06
150.0	1381.393589871666	1.2000000000000002e-06	0.5235112250122649	0.5235152500723279	0.5235182870344515	1.4187456908468377e-06
150.0	1381.393589871666	1.6e-06	0.5235085889262052	0.523513296876115	0.5235166969002663	1.7070874969765588e-06
150.0	1381.393589871666	2e-06	0.5235056576951793	0.523511294969566	0.5235152631024658	2.119344162862024e-06
150.0	1381.393589871666	2.4000000000000003e-06	0.523502363628352	0.5235090752456565	0.523513649894241	2.6097613881517414e-06
150.0	1381.393589871666	2.8000000000000003e-06	0.5234986224435545	0.5235066272174604	0.5235119536821413	3.2411124513993842e-06
150.0	1381.393589871666	3.2e-06	0.5234943293185115	0.5235035145412195	0.5235096284068179	3.919615115427158e-06
150.0	1381.393589871666	3.6e-06	0.5234893961739528	0.5234998487883672	0.5235075177937469	4.841634102212534e-06
150.0	1381.393589871666	4e-06	0.5234837877855796	0.5234948022734595	0.523503989337426	5.837927485597684e-06
150.0	1381.393589871666	4.4e-06	0.523477569988402	0.5234876522216605	0.5234986316047499	6.8641089973821935e-06
150.0	1381.393589871666	4.800000000000001e-06	0.5234705785554459	0.5234712943220597	0.523471954917957	3.3934793680033036e-07
150.0	1381.393589871666	5.2e-06	0.5234449627592594	0.5234549623940729	0.5234645475866344	6.914824119698906e-06
150.0	1381.393589871666	5.600000000000001e-06	0.523439788588222	0.5234479820093176	0.5234583678503162	5.851889663498531e-06
150.0	1381.393589871666	6e-06	0.5234364637648792	0.5234431415162736	0.5234528933281979	4.830058952606789e-06
150.0	1381.393589871666	6.4e-06	0.5234345133218259	0.5234397027433197	0.5234481244703897	3.8925225507636835e-06
150.0	1381.393589871666	6.8e-06	0.5234324696890882	0.5234368416168711	0.5234440094803521	3.191834005216096e-06
150.0	1381.393589871666	7.2e-06	0.5234309907545427	0.5234346655023526	0.5234404507980859	2.529240372485187e-06
150.0	1381.393589871666	7.6e-06	0.523429668986739	0.5234327409341556	0.5234373287243503	1.997956430915742e-06
150.0	1381.393589871666	8e-06	0.5234286039445211	0.5234310664435455	0.5234345443208692	1.5098586525440038e-06
150.0	1381.393589871666	8.4e-06	0.5234274142188537	0.5234294706037745	0.5234320124183043	1.1157912048664046e-06
150.0	1381.393589871666	8.8e-06	0.5234268443439571	0.5234279911022692	0.5234296608275351	7.306640043627128e-07
150.0	1381.393589871666	9.2e-06	0.5234258106557457	0.5234265156614398	0.523427427550125	4.1694449714345687e-07
150.0	1381.393589871666	9.600000000000001e-06	0.5234246734132473	0.5234250520983871	0.5234252989715884	1.400913117960597e-07
150.0	1381.393589871666	9.999999999999999e-06	0.5234230614217319	0.523423603690912	0.5234239034503734	1.8489262788432223e-07
150.0	1381.393589871666	1.04e-05	0.5234208650215395	0.5234221738423706	0.5234233345869788	5.125728051463522e-07
150.0	1381.393589871666	1.08e-05	0.5234185759992478	0.5234206856505129	0.5234222368472201	8.474259897125552e-07
150.0	1381.393589871666	1.1200000000000001e-05	0.5234161348777837	0.5234191610608045	0.5234212306519579	1.2487708504708317e-06
150.0	1381.393589871666	1.16e-05	0.5234134742840304	0.5234174829843318	0.5234201234778837	1.6846793086061925e-06
150.0	1381.393589871666	1.2e-05	0.5234105183549689	0.5234156388734948	0.5234188748622151	2.2164710569603125e-06
150.0	1381.393589871666	1.24e-05	0.5234071852009317	0.5234133047855362	0.5234171893559632	2.7688082542100893e-06
150.0	1381.393589871666	1.28e-05	0.5234033890179424	0.5234105532935706	0.5234156266237688	3.49404669889782e-06
150.0	1381.393589871666	1.32e-05	0.5233991046618813	0.5234067737087269	0.5234130175775533	4.269701739851922e-06
150.0	1381.393589871666	1.36e-05	0.5233943786389839	0.5234014222378066	0.523409049798242	5.0654213072391895e-06
150.0	1381.393589871666	1.4e-05	0.5233889695578933	0.5233891987904589	0.5233894374784445	1.1349889831381154e-07
150.0	1381.393589871666	1.44e-05	0.5233692183425198	0.5233769538716361	0.5233844862977071	5.214354137760704e-06
150.0	1381.393589871666	1.48e-05	0.523365389489233	0.5233717381265343	0.5233798693256357	4.4187433105391165e-06
150.0	1381.393589871666	1.52e-05	0.5233629414903334	0.5233681316258766	0.52337575582232	3.6535258701881094e-06
150.0	1381.393589871666	1.56e-05	0.5233615123546995	0.5233655795283372	0.5233721826217677	2.953100082968122e-06
150.0	1381.393589871666	1.6e-05	0.523360016738617	0.5233634625689654	0.5233691126102107	2.4307229845487963e-06
150.0	1381.393589871666	1.6400000000000002e-05	0.5233589458096652	0.5233618620526328	0.5233664648950223	1.9394084958313413e-06
150.0	1381.393589871666	1.68e-05	0.5233580188167419	0.5233604537652037	0.5233641525195667	1.545905103940498e-06
150.0	1381.393589871666	1.7199999999999998e-05	0.5233572117719261	0.5233592375861207	0.5233621010181579	1.1856237624170927e-06
150.0	1381.393589871666	1.76e-05	0.5233563623303557	0.5233580835622755	0.5233602466240246	8.962863496965954e-07
150.0	1381.393589871666	1.8e-05	0.5233559621787718	0.5233570209907938	0.5233585356589154	6.152341571596041e-07
150.0	1381.393589871666	1.84e-05	0.5233552615645136	0.5233559645661408	0.5233569224502581	3.892566863594857e-07
150.0	1381.393589871666	1.88e-05	0.5233544862273725	0.5233549204873771	0.5233553668764142	1.9023824526326276e-07
150.0	1381.393589871666	1.9200000000000003e-05	0.5233536948778292	0.5233538910876475	0.5233540864602011	7.637049388325135e-08
150.0	1381.393589871666	1.9600000000000002e-05	0.5233522531907084	0.5233528781637201	0.5233535366833708	2.731855223425252e-07
150.0	1381.393589871666	1.9999999999999998e-05	0.5233506518271911	0.5233518320799105	0.5233527394007682	5.015139801409837e-07
150.0	1381.393589871666	2.04e-05	0.523348957436129	0.5233507660697094	0.5233520268139742	7.751529832833893e-07
150.0	1381.393589871666	2.08e-05	0.5233471243973398	0.5233496042924172	0.5233512303515271	1.0719991310049725e-06
150.0	1381.393589871666	2.12e-05	0.523345101810893	0.5233483367385788	0.523350366657442	1.4332198603056226e-06
150.0	1381.393589871666	2.16e-05	0.5233428359395065	0.5233467474579413	0.523349215582896	1.8058588662178459e-06
150.0	1381.393589871666	2.2e-05	0.52334027114052	0.5233448833682957	0.5233481523965686	2.292828682257341e-06
150.0	1381.393589871666	2.2400000000000002e-05	0.5233373872758458	0.5233423398564176	0.5233463902350355	2.8112408099186902e-06
150.0	1381.393589871666	2.28e-05	0.5233342195930861	0.5233387568732724	0.5233437296880936	3.342002589888381e-06
150.0	1381.393589871666	2.32e-05	0.5233303746291282	0.5233306279041195	0.5233309181269501	1.2651368585579536e-07
150.0	1381.393589871666	2.36e-05	0.5233172585951715	0.5233224741272823	0.5233276251978891	3.4988799944455276e-06
150.0	1381.393589871666	2.4e-05	0.5233147372980103	0.5233190250647745	0.5233245668384878	2.9695472616983616e-06
150.0	1381.393589871666	2.44e-05	0.5233131377132345	0.5233166533702899	0.5233218542924103	2.461981040453444e-06
150.0	1381.393589871666	2.48e-05	0.5233122110705324	0.523314987926126	0.5233195105157131	1.999906967891563e-06
150.0	1381.393589871666	2.5200000000000003e-05	0.5233112482099882	0.523313615010121	0.523317510716347	1.657195390914198e-06
150.0	1381.393589871666	2.56e-05	0.5233105676270231	0.5233125901450765	0.5233157979879621	1.337233997761062e-06
150.0	1381.393589871666	2.6e-05	0.5233099787093458	0.5233116977080344	0.5233143155505386	1.0824883304681545e-06
150.0	1381.393589871666	2.64e-05	0.5233094754201835	0.5233109394549447	0.5233130140558675	8.501464001926818e-07
150.0	1381.393589871666	2.68e-05	0.523308953086385	0.5233102268109165	0.5233118516544808	6.659529885938173e-07
150.0	1381.393589871666	2.72e-05	0.5233087137789827	0.5233095805654057	0.5233107935859849	4.890901318096566e-07
150.0	1381.393589871666	2.76e-05	0.5233082888342544	0.5233089425081339	0.5233098108295886	3.510478185631537e-07
150.0	1381.393589871666	2.8e-05	0.5233078236326083	0.5233083172235701	0.5233088785458442	2.32102040890077e-07
150.0	1381.393589871666	2.8400000000000003e-05	0.5233073607500902	0.5233077061050372	0.5233079745736244	1.2307218115337543e-07
150.0	1381.393589871666	2.88e-05	0.5233069050830457	0.5233071093525642	0.5233073499524652	7.543136284477052e-08
150.0	1381.393589871666	2.92e-05	0.5233060679758585	0.5233065044007686	0.5233068915954862	1.7221967981078382e-07
150.0	1381.393589871666	2.96e-05	0.5233051918834155	0.5233058959159594	0.523306479423602	3.133414426406841e-07
150.0	1381.393589871666	2.9999999999999997e-05	0.5233042044119687	0.5233052492764388	0.5233060278657193	4.6991569614339264e-07
150.0	1381.393589871666	3.04e-05	0.5233031181414871	0.5233045566461564	0.5233055458386975	6.594895617943523e-07
150.0	1381.393589871666	3.0799999999999996e-05	0.5233019210078833	0.5233037102583368	0.5233048953705435	8.522849604111667e-07
150.0	1381.393589871666	3.12e-05	0.5233005898767464	0.5233027312999255	0.5233043284995844	1.1009895839039402e-06
150.0	1381.393589871666	3.16e-05	0.5232991101561177	0.5233014204013321	0.5233034049092113	1.362052214637803e-06
150.0	1381.393589871666	3.2e-05	0.5232974382958462	0.5232996008131069	0.5233020407785665	1.6273255634775019e-06
150.0	1381.393589871666	3.2399999999999995e-05	0.5232953048078528	0.5232955548201665	0.5232958425982934	1.277993348854631e-07
150.0	1381.393589871666	3.2800000000000004e-05	0.5232888134069551	0.5232914831279977	0.5232942095372612	1.7854178259432926e-06
150.0	1381.393589871666	3.32e-05	0.52328759116158	0.5232897966528622	0.5232927110734122	1.521420773989657e-06
150.0	1381.393589871666	3.36e-05	0.5232868342730264	0.5232886567188795	0.5232914003828872	1.2709347544835684e-06
150.0	1381.393589871666	3.4e-05	0.5232864064965872	0.5232878755429696	0.5232902899077283	1.0466920452144333e-06
150.0	1381.393589871666	3.4399999999999996e-05	0.5232859730040147	0.5232872445771498	0.5232893597845178	8.832827621893979e-07
150.0	1381.393589871666	3.4800000000000006e-05	0.5232856795012495	0.5232867936019754	0.5232885819920643	7.341152221047127e-07
150.0	1381.393589871666	3.52e-05	0.5232854274814525	0.5232864152774279	0.5232879290162726	6.177417318838173e-07
150.0	1381.393589871666	3.56e-05	0.5232852258754068	0.5232861132030762	0.5232873766033412	5.128730249630996e-07
150.0	1381.393589871666	3.6e-05	0.5232850280106458	0.5232858401390422	0.523286904775496	4.3328239424659313e-07
150.0	1381.393589871666	3.64e-05	0.523284948600077	0.5232856083202997	0.5232864976166232	3.5968461282305805e-07
150.0	1381.393589871666	3.68e-05	0.5232847977731243	0.5232853866411221	0.5232861426476028	3.07927856927044e-07
150.0	1381.393589871666	3.72e-05	0.5232846418285799	0.523285178052326	0.5232858301506784	2.6786601600471964e-07
150.0	1381.393589871666	3.76e-05	0.5232844973161237	0.5232849830008437	0.5232855525711582	2.342953326397288e-07
150.0	1381.393589871666	3.7999999999999995e-05	0.5232843739444482	0.523284800106084	0.5232853040249683	2.057298079636207e-07
150.0	1381.393589871666	3.8400000000000005e-05	0.5232842750459898	0.5232846335289304	0.5232850799046442	1.8136367452618128e-07
150.0	1381.393589871666	3.88e-05	0.523284172009979	0.5232844794686862	0.5232848765670299	1.589420028160578e-07
150.0	1381.393589871666	3.9200000000000004e-05	0.523284098061235	0.523284343930178	0.5232846910852507	1.3685877174898588e-07
150.0	1381.393589871666	3.96e-05	0.5232840065742641	0.5232842211579652	0.523284521046758	1.1561423283404281e-07
150.0	1381.393589871666	3.9999999999999996e-05	0.5232839190450154	0.5232841099267304	0.5232843643749696	9.860332491021652e-08
150.0	1381.393589871666	4.0400000000000006e-05	0.5232838409179186	0.5232840056154437	0.5232842191533393	8.319364523338245e-08
150.0	1381.393589871666	4.08e-05	0.523283773687365	0.5232839096927658	0.5232840835124017	7.096295627009743e-08
150.0	1381.393589871666	4.12e-05	0.5232837130041057	0.5232838221311802	0.5232839562555345	6.108932730646054e-08
150.0	1381.393589871666	4.16e-05	0.5232836425187974	0.5232837445008625	0.5232838468670087	5.5155098660153376e-08
150.0	1381.393589871666	4.2e-05	0.523283599906649	0.5232837027761873	0.523283792959691	5.0457793405330694e-08
151.0	1384.1684078436072	0.0	0.5252533537674191	0.5252564570540369	0.5252580090547712	1.0242666965231853e-06
151.0	1384.1684078436072	4e-07	0.5252513736812752	0.5252545595879874	0.5252562019641651	1.061627378985814e-06
151.0	1384.1684078436072	8e-07	0.5252491947635569	0.5252526821504642	0.5252547043708571	1.1829942985969278e-06
151.0	1384.1684078436072	1.2000000000000002e-06	0.5252468036724158	0.5252508286884846	0.5252538656211909	1.4187326125636212e-06
151.0	1384.1684078436072	1.6e-06	0.5252441675800856	0.525248875488514	0.5252522754700344	1.7070798136428024e-06
151.0	1384.1684078436072	2e-06	0.5252412363402783	0.5252468735779218	0.525250841658325	2.1193437585382766e-06
151.0	1384.1684078436072	2.4000000000000003e-06	0.5252379422615903	0.5252446538468512	0.5252492284576782	2.609766644238165e-06
151.0	1384.1684078436072	2.8000000000000003e-06	0.5252342010611271	0.5252422058092572	0.5252475322234362	3.2411249130295164e-06
151.0	1384.1684078436072	3.2e-06	0.5252299079121627	0.5252390931172128	0.5252452069362077	3.9196327298894805e-06
151.0	1384.1684078436072	3.6e-06	0.5252249747418336	0.5252354273449789	0.5252430963020975	4.841659549741055e-06
151.0	1384.1684078436072	4e-06	0.5252193663215508	0.5252303808022537	0.5252395678210311	5.837963357205862e-06
151.0	1384.1684078436072	4.4e-06	0.5252131484863503	0.5252232307088538	0.5252342100537186	6.864159881232095e-06
151.0	1384.1684078436072	4.800000000000001e-06	0.5252061570481015	0.525206872694887	0.525207533142189	3.3926444481606766e-07
151.0	1384.1684078436072	5.2e-06	0.5251805409568586	0.5251905406521339	0.52520012575736	6.914862751926251e-06
151.0	1384.1684078436072	5.600000000000001e-06	0.5251753666033547	0.5251835602099612	0.5251939462182573	5.851928400545437e-06
151.0	1384.1684078436072	6e-06	0.5251720417552947	0.5251787196756229	0.5251884716537738	4.830093304173636e-06
151.0	1384.1684078436072	6.4e-06	0.5251700913043926	0.5251752808728191	0.5251837027569701	3.892550438953014e-06
151.0	1384.1684078436072	6.8e-06	0.525168047652044	0.5251724197211121	0.5251795877298271	3.191856114636093e-06
151.0	1384.1684078436072	7.2e-06	0.525166568718257	0.5251702435849972	0.5251760290152685	2.529258457054636e-06
151.0	1384.1684078436072	7.6e-06	0.5251652469885251	0.5251683189969878	0.5251729069116493	1.997970345040879e-06
151.0	1384.1684078436072	8e-06	0.525164181876236	0.5251666444874847	0.5251701224801453	1.50986961682197e-06
151.0	1384.1684078436072	8.4e-06	0.5251629921506442	0.5251650486298995	0.5251675905508968	1.1157982761048632e-06
151.0	1384.1684078436072	8.8e-06	0.5251624223502871	0.525163569111181	0.525165238934278	7.30667116396095e-07
151.0	1384.1684078436072	9.2e-06	0.5251613887707753	0.5251620936528347	0.5251630056313505	4.169419002249172e-07
151.0	1384.1684078436072	9.600000000000001e-06	0.5251602515126548	0.5251606300720331	0.5251608768096476	1.400723894896287e-07
151.0	1384.1684078436072	9.999999999999999e-06	0.5251586394514103	0.5251591816466236	0.5251594813448612	1.8488107112701502e-07
151.0	1384.1684078436072	1.04e-05	0.5251564430232323	0.5251577517800431	0.5251589124679414	5.125766709728953e-07
151.0	1384.1684078436072	1.08e-05	0.5251541539706333	0.5251562635686566	0.525157814699674	8.474367456926622e-07
151.0	1384.1684078436072	1.1200000000000001e-05	0.5251517128155214	0.5251547389591538	0.5251568084813654	1.2487903023654672e-06
151.0	1384.1684078436072	1.16e-05	0.5251490521835311	0.5251530608590572	0.5251557013068835	1.6847064628695525e-06
151.0	1384.1684078436072	1.2e-05	0.5251460962101655	0.5251512167215021	0.5251544526568921	2.2165087782740805e-06
151.0	1384.1684078436072	1.24e-05	0.5251427630031635	0.5251488825966311	0.5251527671247089	2.768855040819357e-06
151.0	1384.1684078436072	1.28e-05	0.525138966758699	0.5251461310607359	0.525151204357658	3.494106803566578e-06
151.0	1384.1684078436072	1.32e-05	0.5251346823307106	0.525142351414835	0.5251485952640911	4.2697786460813025e-06
151.0	1384.1684078436072	1.36e-05	0.5251299562257836	0.5251369998553356	0.5251446274166502	5.065520156230537e-06
151.0	1384.1684078436072	1.4e-05	0.5251245469582253	0.525124776185293	0.525125014977343	1.1350693943073374e-07
151.0	1384.1684078436072	1.44e-05	0.5251047952268575	0.5251125310408188	0.5251200637052387	5.214444505228319e-06
151.0	1384.1684078436072	1.48e-05	0.525100966298039	0.525107315190806	0.5251154466454224	4.41882675885135e-06
151.0	1384.1684078436072	1.52e-05	0.5250985182534835	0.5251037086160757	0.5251113330615862	3.65359822169765e-06
151.0	1384.1684078436072	1.56e-05	0.5250970890978071	0.5251011564656145	0.5251077597889431	2.9531599863678e-06
151.0	1384.1684078436072	1.6e-05	0.5250955934491133	0.5250990394619838	0.5251046897134071	2.4307726417413993e-06
151.0	1384.1684078436072	1.6400000000000002e-05	0.525094522512215	0.5250974389098154	0.5251020419415031	1.9394502507947947e-06
151.0	1384.1684078436072	1.68e-05	0.5250935954821632	0.525096030590194	0.5250997295149933	1.5459396994828537e-06
151.0	1384.1684078436072	1.7199999999999998e-05	0.5250927884272478	0.525094814381667	0.5250976779669685	1.1856531883916864e-06
151.0	1384.1684078436072	1.76e-05	0.5250919389789921	0.5250936603300618	0.5250958235295613	8.963107299192434e-07
151.0	1384.1684078436072	1.8e-05	0.5250915388115587	0.5250925977323031	0.5250941125235391	6.152550184009879e-07
151.0	1384.1684078436072	1.84e-05	0.5250908381797679	0.5250915412812064	0.5250924992754245	3.892756806376473e-07
151.0	1384.1684078436072	1.88e-05	0.5250900628090465	0.5250904971759438	0.5250909436627085	1.9026088455288574e-07
151.0	1384.1684078436072	1.9200000000000003e-05	0.5250892713893158	0.5250894677497314	0.5250896631940947	7.641500762312177e-08
151.0	1384.1684078436072	1.9600000000000002e-05	0.5250878298968251	0.5250884547994589	0.5250891134817017	2.7320626724227414e-07
151.0	1384.1684078436072	1.9999999999999998e-05	0.525086228490502	0.5250874086876774	0.5250883161760473	5.015356482991568e-07
151.0	1384.1684078436072	2.04e-05	0.5250845340529375	0.5250863426492034	0.5250876033944767	7.751820248682223e-07
151.0	1384.1684078436072	2.08e-05	0.525082700962396	0.5250851808393531	0.5250868068558612	1.0720362717833103e-06
151.0	1384.1684078436072	2.12e-05	0.5250806783171358	0.5250839132493477	0.5250859431204855	1.4332689743302922e-06
151.0	1384.1684078436072	2.16e-05	0.5250784123778818	0.525082323920398	0.5250847920114703	1.8059187556782581e-06
151.0	1384.1684078436072	2.2e-05	0.5250758474999948	0.525080459773865	0.5250837287826178	2.292904490135237e-06
151.0	1384.1684078436072	2.2400000000000002e-05	0.5250729635441402	0.5250779161838364	0.5250819665611886	2.8113363056883248e-06
151.0	1384.1684078436072	2.28e-05	0.5250697957586121	0.5250743330886953	0.5250793059282586	3.342123110099312e-06
151.0	1384.1684078436072	2.32e-05	0.5250659504245476	0.5250662038449438	0.5250664941822505	1.265591991896853e-07
151.0	1384.1684078436072	2.36e-05	0.5250528339319711	0.5250580497900691	0.5250632011410366	3.498995566018574e-06
151.0	1384.1684078436072	2.4e-05	0.5250503125440984	0.5250546006011563	0.5250601426750192	2.9696526894464613e-06
151.0	1384.1684078436072	2.44e-05	0.5250487129048178	0.5250522288183975	0.5250574300321516	2.462072349320828e-06
151.0	1384.1684078436072	2.48e-05	0.5250477862370326	0.5250505633119166	0.5250550861698153	1.999983258995211e-06
151.0	1384.1684078436072	2.5200000000000003e-05	0.5250468233392684	0.5250491903443719	0.5250530862966905	1.6572595871295794e-06
151.0	1384.1684078436072	2.56e-05	0.5250461427455093	0.5250481654386644	0.5250513735027527	1.3372887729603435e-06
151.0	1384.1684078436072	2.6e-05	0.5250455537884058	0.5250472729656863	0.5250498910072396	1.0825348828531779e-06
151.0	1384.1684078436072	2.64e-05	0.5250450504871651	0.5250465146805772	0.5250485894604253	8.501869828065983e-07
151.0	1384.1684078436072	2.68e-05	0.5250445281453242	0.5250458020066867	0.525047427011506	6.659881510096213e-07
151.0	1384.1684078436072	2.72e-05	0.5250442888216815	0.5250451557334197	0.5250463688989306	4.891216629893754e-07
151.0	1384.1684078436072	2.76e-05	0.5250438638584063	0.5250445176485016	0.5250453861008859	3.5107738665461463e-07
151.0	1384.1684078436072	2.8e-05	0.5250433986220724	0.5250438923365272	0.525044453776979	2.3213255176576235e-07
151.0	1384.1684078436072	2.8400000000000003e-05	0.5250429357167867	0.5250432811908995	0.5250435497651589	1.231136171732827e-07
151.0	1384.1684078436072	2.88e-05	0.5250424799819315	0.5250426844117658	0.5250429251708395	7.549332452612162e-08
151.0	1384.1684078436072	2.92e-05	0.5250416428328943	0.5250420794322087	0.5250424667914029	1.7225358332810215e-07
151.0	1384.1684078436072	2.96e-05	0.5250407666949277	0.5250414709197578	0.5250420545976775	3.1337278386175093e-07
151.0	1384.1684078436072	2.9999999999999997e-05	0.5250397794279582	0.5250408242493	0.525041603025703	4.6995093721876734e-07
151.0	1384.1684078436072	3.04e-05	0.5250386931037196	0.52504013158531	0.5250411209741994	6.595339332528321e-07
151.0	1384.1684078436072	3.0799999999999996e-05	0.5250374959089648	0.5250392851534149	0.5250404704801088	8.523377506078514e-07
151.0	1384.1684078436072	3.12e-05	0.5250361647076369	0.5250383061438739	0.525039903580204	1.1010556384471865e-06
151.0	1384.1684078436072	3.16e-05	0.525034684908273	0.5250369951763199	0.5250389799464719	1.3621352151049512e-06
151.0	1384.1684078436072	3.2e-05	0.5250330126670972	0.5250351754905754	0.5250376157505423	1.6274308975620773e-06
151.0	1384.1684078436072	3.2399999999999995e-05	0.5250308790908038	0.5250311292597074	0.5250314171630652	1.2785427318004925e-07
151.0	1384.1684078436072	3.2800000000000004e-05	0.5250243872953266	0.5250270573259401	0.5250297840052518	1.7855225071583879e-06
151.0	1384.1684078436072	3.32e-05	0.5250231649729731	0.5250253707415652	0.5250282854500821	1.5215180556583016e-06
151.0	1384.1684078436072	3.36e-05	0.5250224080397041	0.5250242307322938	0.5250269746774086	1.2710208171638475e-06
151.0	1384.1684078436072	3.4e-05	0.5250219802438503	0.525023449504357	0.5250258641332657	1.0467661344723459e-06
151.0	1384.1684078436072	3.4399999999999996e-05	0.5250215467218311	0.5250228184962981	0.525024933948524	8.83347319607033e-07
151.0	1384.1684078436072	3.4800000000000006e-05	0.5250212532136809	0.5250223674887721	0.5250241561031226	7.341729676089974e-07
151.0	1384.1684078436072	3.52e-05	0.5250210011608498	0.5250219891364986	0.5250235030816297	6.177937118901048e-07
151.0	1384.1684078436072	3.56e-05	0.5250207995476401	0.5250216870386257	0.5250229506290163	5.129212521341511e-07
151.0	1384.1684078436072	3.6e-05	0.5250206016808407	0.5250214139535079	0.5250224787664788	4.333272295125175e-07
151.0	1384.1684078436072	3.64e-05	0.5250205222577078	0.5250211821161538	0.5250220715770588	3.597274776008929e-07
151.0	1384.1684078436072	3.68e-05	0.5250203714181385	0.525020960418982	0.5250217165809632	3.0796950358291084e-07
151.0	1384.1684078436072	3.72e-05	0.5250202154470953	0.5250207518129966	0.5250214040598973	2.679069713788791e-07
151.0	1384.1684078436072	3.76e-05	0.5250200709205517	0.5250205567452223	0.5250211264587241	2.3433600117198762e-07
151.0	1384.1684078436072	3.7999999999999995e-05	0.525019947535303	0.5250203738350789	0.5250208778930103	2.0577048771605943e-07
151.0	1384.1684078436072	3.8400000000000005e-05	0.5250198486273359	0.5250202072432151	0.525020653754992	1.8140557758207877e-07
151.0	1384.1684078436072	3.88e-05	0.5250197455800292	0.525020053169721	0.525020450401259	1.5898498602054179e-07
151.0	1384.1684078436072	3.9200000000000004e-05	0.5250196716166888	0.5250199176185251	0.5250202649047315	1.3690523054658799e-07
151.0	1384.1684078436072	3.96e-05	0.5250195801163171	0.5250197948343832	0.5250200948526977	1.1566631144970737e-07
151.0	1384.1684078436072	3.9999999999999996e-05	0.5250194925784228	0.5250196835900548	0.5250199381684535	9.866378944733854e-08
151.0	1384.1684078436072	4.0400000000000006e-05	0.5250194144365894	0.5250195792667465	0.5250197929353853	8.326419397889756e-08
151.0	1384.1684078436072	4.08e-05	0.5250193471874613	0.5250194833337132	0.5250196572840329	7.104428712590392e-08
151.0	1384.1684078436072	4.12e-05	0.5250192864701209	0.5250193957645332	0.5250195300180511	6.11817189026858e-08
151.0	1384.1684078436072	4.16e-05	0.5250192159992508	0.5250193181309032	0.5250194206241723	5.5252998578302075e-08
151.0	1384.1684078436072	4.2e-05	0.5250191733822591	0.5250192764475563	0.5250193667221419	5.0547883800898487e-08
152.0	1386.9432258155482	0.0	0.5269909437256493	0.5269940469631584	0.5269955989002524	1.0242401966721551e-06
152.0	1386.9432258155482	4e-07	0.5269889636389049	0.526992149496604	0.5269937918351166	1.0616023290737537e-06
152.0	1386.9432258155482	8e-07	0.5269867847189618	0.5269902720577301	0.5269922942393519	1.1829735324666343e-06
152.0	1386.9432258155482	1.2000000000000002e-06	0.526984393623871	0.5269884185937244	0.5269914554948336	1.418718777352131e-06
152.0	1386.9432258155482	1.6e-06	0.5269817575256086	0.5269864653901047	0.5269898653267795	1.707071295201043e-06
152.0	1386.9432258155482	2e-06	0.5269788262774933	0.5269844634755603	0.526988431501632	2.1193423538103285e-06
152.0	1386.9432258155482	2.4000000000000003e-06	0.5269755321875769	0.526982243737491	0.5269868183087869	2.6097706830106976e-06
152.0	1386.9432258155482	2.8000000000000003e-06	0.5269717909722758	0.5269797956908303	0.5269851220526576	3.241135933455487e-06
152.0	1386.9432258155482	3.2e-06	0.52696749779986	0.5269766829835949	0.5269827967541669	3.91964862215792e-06
152.0	1386.9432258155482	3.6e-06	0.5269625646051166	0.5269730171929596	0.5269806860995931	4.841683002661285e-06
152.0	1386.9432258155482	4e-06	0.5269569561545513	0.5269679706239525	0.5269771575944171	5.837996883182142e-06
152.0	1386.9432258155482	4.4e-06	0.5269507382831975	0.5269608204913037	0.5269717997940067	6.864208003342262e-06
152.0	1386.9432258155482	4.800000000000001e-06	0.5269437468401694	0.5269444623680959	0.5269451226667332	3.3918073644260835e-07
152.0	1386.9432258155482	5.2e-06	0.52691813046218	0.5269281302154248	0.5269377152306784	6.914899926529696e-06
152.0	1386.9432258155482	5.600000000000001e-06	0.5269129559279566	0.5269211497178302	0.5269315358914906	5.851965904150548e-06
152.0	1386.9432258155482	6e-06	0.5269096310566281	0.5269163091437207	0.5269260612864377	4.830126685806557e-06
152.0	1386.9432258155482	6.4e-06	0.526907680598514	0.5269128703122826	0.5269212923522915	3.892577656257002e-06
152.0	1386.9432258155482	6.8e-06	0.5269056369274612	0.5269100091365334	0.5269171772892927	3.1918777055985624e-06
152.0	1386.9432258155482	7.2e-06	0.5269041579950722	0.5269078329799098	0.5269136185438956	2.5292761991270857e-06
152.0	1386.9432258155482	7.6e-06	0.5269028363036918	0.5269059083731826	0.5269104964117792	1.997984031822059e-06
152.0	1386.9432258155482	8e-06	0.5269017711224384	0.5269042338458269	0.5269077119536032	1.5098804820019815e-06
152.0	1386.9432258155482	8.4e-06	0.5269005813975021	0.5269026379714221	0.5269051799990088	1.1158054027156176e-06
152.0	1386.9432258155482	8.8e-06	0.5269000116722653	0.5269011584364134	0.5269028283578896	7.306705072271013e-07
152.0	1386.9432258155482	9.2e-06	0.5268989782025573	0.5268996829615405	0.5269005950308303	4.1693974477139957e-07
152.0	1386.9432258155482	9.600000000000001e-06	0.5268978409292986	0.5268982193639872	0.5268984659665579	1.4005406242917392e-07
152.0	1386.9432258155482	9.999999999999999e-06	0.5268962288026149	0.5268967709216447	0.5268970705578786	1.848687754424423e-07
152.0	1386.9432258155482	1.04e-05	0.5268940323481353	0.5268953410380819	0.5268965016667781	5.125794712081909e-07
152.0	1386.9432258155482	1.08e-05	0.526891743267095	0.5268938528082697	0.5268954038710598	8.474461280090212e-07
152.0	1386.9432258155482	1.1200000000000001e-05	0.5268893020804377	0.5268923281801057	0.5268943976308442	1.2488079526849492e-06
152.0	1386.9432258155482	1.16e-05	0.5268866414126228	0.5268906500577292	0.5268932904564902	1.6847313523817924e-06
152.0	1386.9432258155482	1.2e-05	0.5268836853977588	0.5268888058950553	0.5268920417734062	2.216543680615801e-06
152.0	1386.9432258155482	1.24e-05	0.52688035214089	0.526886471735476	0.5268903562167289	2.7688984053297274e-06
152.0	1386.9432258155482	1.28e-05	0.5268765558388475	0.5268837201584265	0.5268887934164788	3.494162738409545e-06
152.0	1386.9432258155482	1.32e-05	0.5268722713434375	0.5268799404554275	0.5268861842779753	4.269850499608749e-06
152.0	1386.9432258155482	1.36e-05	0.5268675451615366	0.5268745888131483	0.5268822163663973	5.065612983282277e-06
152.0	1386.9432258155482	1.4e-05	0.526862135711208	0.5268623649335841	0.5268626038304651	1.1351554948595024e-07
152.0	1386.9432258155482	1.44e-05	0.5268423834852403	0.52685011957663	0.5268576524723318	5.214529828594636e-06
152.0	1386.9432258155482	1.48e-05	0.526838554485316	0.5268449036272945	0.526853035329812	4.4189059006567436e-06
152.0	1386.9432258155482	1.52e-05	0.5268361063981297	0.526841296982499	0.5268489216700214	3.653667030559454e-06
152.0	1386.9432258155482	1.56e-05	0.5268346772239516	0.5268387447820618	0.5268453483293465	2.9532171218533625e-06
152.0	1386.9432258155482	1.6e-05	0.5268331815447711	0.5268366277367661	0.5268422781938034	2.4308200727396856e-06
152.0	1386.9432258155482	1.6400000000000002e-05	0.5268321106011706	0.5268350271508704	0.5268396303684062	1.9394903117081813e-06
152.0	1386.9432258155482	1.68e-05	0.5268311835358448	0.5268336188010195	0.5268373178937633	1.5459730290836684e-06
152.0	1386.9432258155482	1.7199999999999998e-05	0.5268303764717084	0.5268324025648444	0.5268352663018208	1.1856817389362013e-06
152.0	1386.9432258155482	1.76e-05	0.5268295270178065	0.5268312484871985	0.5268334118236799	8.963345943120083e-07
152.0	1386.9432258155482	1.8e-05	0.5268291268351986	0.52683018586476	0.5268317007791863	6.152757818714116e-07
152.0	1386.9432258155482	1.84e-05	0.526828426186956	0.5268291293888762	0.5268300874940177	3.892949096128972e-07
152.0	1386.9432258155482	1.88e-05	0.5268276507840328	0.5268280852587732	0.5268285318448438	1.9028412347493006e-07
152.0	1386.9432258155482	1.9200000000000003e-05	0.5268268592972305	0.5268270558077371	0.5268272513240753	7.645961553970212e-08
152.0	1386.9432258155482	1.9600000000000002e-05	0.5268254180035443	0.5268260428328188	0.5268267016761419	2.7322600940262816e-07
152.0	1386.9432258155482	1.9999999999999998e-05	0.5268238165572159	0.5268249966948373	0.526825904349157	5.015558359720918e-07
152.0	1386.9432258155482	2.04e-05	0.5268221220762124	0.5268239306299072	0.5268251913718496	7.752090180923721e-07
152.0	1386.9432258155482	2.08e-05	0.526820288937337	0.5268227687895936	0.5268243947592319	1.072070813688099e-06
152.0	1386.9432258155482	2.12e-05	0.5268182662371439	0.5268215011657855	0.5268235309844282	1.433314794168205e-06
152.0	1386.9432258155482	2.16e-05	0.5268160002344775	0.526819911791612	0.5268223798428266	1.8059746210311345e-06
152.0	1386.9432258155482	2.2e-05	0.526813435283132	0.5268180475918898	0.5268213165737574	2.292975308266108e-06
152.0	1386.9432258155482	2.2400000000000002e-05	0.526810551241959	0.5268155039288343	0.5268195542957539	2.8114256820907978e-06
152.0	1386.9432258155482	2.28e-05	0.5268073833601816	0.5268119207290809	0.5268168935818851	3.3422362786179347e-06
152.0	1386.9432258155482	2.32e-05	0.5268035376602027	0.5268037912275575	0.5268040816801749	1.266054077199157e-07
152.0	1386.9432258155482	2.36e-05	0.5267904207378873	0.5267956369118922	0.5268007885337198	3.4991041833985338e-06
152.0	1386.9432258155482	2.4e-05	0.5267878992652024	0.5267921876039223	0.5267977299675666	2.969752125497422e-06
152.0	1386.9432258155482	2.44e-05	0.5267862995751695	0.5267898157380693	0.5267950172337219	2.4621586604058464e-06
152.0	1386.9432258155482	2.48e-05	0.5267853728841381	0.5267881501729681	0.5267926732908448	2.0000555541653748e-06
152.0	1386.9432258155482	2.5200000000000003e-05	0.5267844099518477	0.526786777156996	0.526790673348672	1.6573205401976744e-06
152.0	1386.9432258155482	2.56e-05	0.526783729348602	0.5267857522130507	0.5267889604930653	1.3373410167145189e-06
152.0	1386.9432258155482	2.6e-05	0.5267831403542775	0.5267848597063078	0.5267874779429151	1.082579515876848e-06
152.0	1386.9432258155482	2.64e-05	0.5267826370419524	0.5267841013911481	0.5267861763470778	8.502261455908631e-07
152.0	1386.9432258155482	2.68e-05	0.5267821146931126	0.5267833886892618	0.5267850138535008	6.660223372796613e-07
152.0	1386.9432258155482	2.72e-05	0.5267818753538913	0.5267827423899527	0.5267839556995515	4.891527016836525e-07
152.0	1386.9432258155482	2.76e-05	0.5267814503732815	0.5267821042791523	0.5267829728624553	3.5110682690136333e-07
152.0	1386.9432258155482	2.8e-05	0.5267809851042609	0.5267814789415483	0.5267820405009349	2.3216325205114806e-07
152.0	1386.9432258155482	2.8400000000000003e-05	0.5267805221778659	0.5267808677706239	0.5267811364520698	1.2315549880787297e-07
152.0	1386.9432258155482	2.88e-05	0.5267800663776878	0.5267802709666535	0.5267805118841062	7.555508719362472e-08
152.0	1386.9432258155482	2.92e-05	0.5267792291894153	0.5267796659612075	0.5267800534840994	1.722865378202517e-07
152.0	1386.9432258155482	2.96e-05	0.5267783530087398	0.526779057423006	0.5267796412702488	3.1340261774999056e-07
152.0	1386.9432258155482	2.9999999999999997e-05	0.5267773659503634	0.5267784107237944	0.526779189684996	4.6998428255655046e-07
152.0	1386.9432258155482	3.04e-05	0.5267762795759072	0.5267777180284368	0.5267787076110491	6.595758212297682e-07
152.0	1386.9432258155482	3.0799999999999996e-05	0.5267750823240007	0.5267768715553772	0.5267780570927885	8.523874734188132e-07
152.0	1386.9432258155482	3.12e-05	0.526773751057025	0.5267758924980598	0.526777490166225	1.101117822067368e-06
152.0	1386.9432258155482	3.16e-05	0.5267722711843374	0.5267745814660073	0.5267765664922006	1.362213371019195e-06
152.0	1386.9432258155482	3.2e-05	0.5267705985677162	0.5267727616890232	0.526775202235295	1.6275302699835498e-06
152.0	1386.9432258155482	3.2399999999999995e-05	0.5267684649098818	0.5267687152346155	0.526769003263138	1.279093164327117e-07
152.0	1386.9432258155482	3.2800000000000004e-05	0.5267619727464474	0.5267646430747364	0.5267673700145146	1.7856205522414303e-06
152.0	1386.9432258155482	3.32e-05	0.5267607503524694	0.5267629563877809	0.526765871373593	1.5216094605127808e-06
152.0	1386.9432258155482	3.36e-05	0.5267599933776248	0.5267618163078139	0.5267645605237217	1.2711018493534415e-06
152.0	1386.9432258155482	3.4e-05	0.5267595655636717	0.5267610350309951	0.5267634499145846	1.0468360748929689e-06
152.0	1386.9432258155482	3.4399999999999996e-05	0.526759132014524	0.5267604039832421	0.5267625196719115	8.834084008154846e-07
152.0	1386.9432258155482	3.4800000000000006e-05	0.5267588385016522	0.5267599529452387	0.5267617417766468	7.34227836387606e-07
152.0	1386.9432258155482	3.52e-05	0.5267585864179587	0.5267595745667903	0.5267610887121146	6.178433939566758e-07
152.0	1386.9432258155482	3.56e-05	0.5267583847982023	0.5267592724468153	0.5267605362221435	5.129675334837572e-07
152.0	1386.9432258155482	3.6e-05	0.5267581869298077	0.5267589993419188	0.5267600643269637	4.3337041720369697e-07
152.0	1386.9432258155482	3.64e-05	0.5267581074944356	0.5267587674870903	0.5267596571088369	3.597690046911158e-07
152.0	1386.9432258155482	3.68e-05	0.5267579566430252	0.5267585457730638	0.5267593020873367	3.08010023075172e-07
152.0	1386.9432258155482	3.72e-05	0.5267578006470046	0.5267583371510425	0.5267589895436613	2.679469199837274e-07
152.0	1386.9432258155482	3.76e-05	0.5267576561074971	0.5267581420681362	0.5267587119222616	2.3437571858229597e-07
152.0	1386.9432258155482	3.7999999999999995e-05	0.5267575327098184	0.5267579591437466	0.5267584633383606	2.0581026072199543e-07
152.0	1386.9432258155482	3.8400000000000005e-05	0.5267574337934366	0.5267577925382628	0.5267582391839118	1.8144661685093624e-07
152.0	1386.9432258155482	3.88e-05	0.5267573307353963	0.5267576384525672	0.5267580358152628	1.5902717407765636e-07
152.0	1386.9432258155482	3.9200000000000004e-05	0.5267572567580965	0.526757502889839	0.526757850305132	1.3695081780041796e-07
152.0	1386.9432258155482	3.96e-05	0.5267571652448053	0.5267573800948007	0.5267576802406513	1.1571747395462872e-07
152.0	1386.9432258155482	3.9999999999999996e-05	0.5267570777000206	0.5267572688384067	0.5267575235449984	9.872324347058694e-08
152.0	1386.9432258155482	4.0400000000000006e-05	0.5267569995443866	0.5267571645040467	0.5267573783014896	8.333365070003312e-08
152.0	1386.9432258155482	4.08e-05	0.5267569322767987	0.5267570685615393	0.5267572426406826	7.112444547347472e-08
152.0	1386.9432258155482	4.12e-05	0.5267568715258886	0.5267569809855592	0.5267571153665171	6.127286971280281e-08
152.0	1386.9432258155482	4.16e-05	0.5267568010708699	0.5267569033493219	0.5267570059682374	5.5349645059143505e-08
152.0	1386.9432258155482	4.2e-05	0.5267567584494355	0.526756861707924	0.5267569520723248	5.0636864319776744e-08
153.0	1389.7180437874893	0.0	0.5287305366765347	0.5287336398621211	0.528735191733217	1.0242126821760142e-06
153.0	1389.7180437874893	4e-07	0.5287285565892237	0.5287317423950825	0.5287333846933882	1.0615762666523903e-06
153.0	1389.7180437874893	8e-07	0.5287263776671773	0.528729864954884	0.5287318870952502	1.1829517379041415e-06
153.0	1389.7180437874893	1.2000000000000002e-06	0.5287239865683473	0.5287280114889427	0.528731048355839	1.4187039234709018e-06
153.0	1389.7180437874893	1.6e-06	0.528721350464469	0.5287260582817696	0.5287294581711182	1.7070617261342526e-06
153.0	1389.7180437874893	2e-06	0.5287184192084782	0.5287240563633743	0.5287280243329393	2.1193398055716105e-06
153.0	1389.7180437874893	2.4000000000000003e-06	0.528715125107909	0.5287218366185049	0.5287264111477361	2.6097734680624143e-06
153.0	1389.7180437874893	2.8000000000000003e-06	0.528711383878516	0.5287193885631156	0.5287247148700196	3.241145572171314e-06
153.0	1389.7180437874893	3.2e-06	0.5287070906825937	0.5287162758412736	0.5287223895604471	3.9196629639217255e-06
153.0	1389.7180437874893	3.6e-06	0.5287021574646706	0.5287126100330583	0.5287202788859018	4.8417046923058655e-06
153.0	1389.7180437874893	4e-06	0.5286965489853106	0.5287075634390219	0.5287167503571579	5.838028332825872e-06
153.0	1389.7180437874893	4.4e-06	0.528690331079515	0.5287004132690806	0.5287113925247287	6.8642536750750355e-06
153.0	1389.7180437874893	4.800000000000001e-06	0.5286833396322024	0.5286840550410093	0.5286847151893665	3.3909590462808486e-07
153.0	1389.7180437874893	5.2e-06	0.5286577229738825	0.5286677227828342	0.5286773077041218	6.914935744188454e-06
153.0	1389.7180437874893	5.600000000000001e-06	0.5286525482590809	0.5286607422316993	0.5286711285701529	5.852002236764358e-06
153.0	1389.7180437874893	6e-06	0.5286492233657762	0.5286559016192652	0.5286656539261347	4.83015911862919e-06
153.0	1389.7180437874893	6.4e-06	0.5286472729010043	0.5286524627603149	0.5286608849561274	3.892604204200638e-06
153.0	1389.7180437874893	6.8e-06	0.5286452292123567	0.5286496015615574	0.5286567698585083	3.1918988319589006e-06
153.0	1389.7180437874893	7.2e-06	0.5286437502818631	0.5286474253853405	0.5286532110836131	2.5292936894877003e-06
153.0	1389.7180437874893	7.6e-06	0.5286424286290812	0.5286455007608063	0.5286500889242829	1.99799764104546e-06
153.0	1389.7180437874893	8e-06	0.5286413633800136	0.5286438262165022	0.5286473044406863	1.5098914118715484e-06
153.0	1389.7180437874893	8.4e-06	0.5286401736561901	0.5286422303261563	0.5286447724619894	1.1158127535285288e-06
153.0	1389.7180437874893	8.8e-06	0.5286396040076218	0.5286407507756941	0.5286424207976346	7.306743300009348e-07
153.0	1389.7180437874893	9.2e-06	0.528638570649945	0.528639275285203	0.52864018744775	4.169381535316526e-07
153.0	1389.7180437874893	9.600000000000001e-06	0.5286374333624817	0.5286378116718305	0.5286380581387569	1.4003627316116904e-07
153.0	1389.7180437874893	9.999999999999999e-06	0.5286358211740652	0.5286363632135118	0.528636662785865	1.8485541178559763e-07
153.0	1389.7180437874893	1.04e-05	0.5286336246948853	0.5286349333139851	0.5286360938801105	5.125810035591759e-07
153.0	1389.7180437874893	1.08e-05	0.5286313355871899	0.5286334450668325	0.528634996057991	8.474539877179647e-07
153.0	1389.7180437874893	1.1200000000000001e-05	0.5286288943710096	0.5286319204211347	0.5286339897969503	1.2488237026374084e-06
153.0	1389.7180437874893	1.16e-05	0.5286262336696979	0.5286302422778575	0.5286328826232065	1.6847539779228375e-06
153.0	1389.7180437874893	1.2e-05	0.5286232776160436	0.5286283980916744	0.5286316339083132	2.216575842892587e-06
153.0	1389.7180437874893	1.24e-05	0.5286199443126147	0.5286260638995655	0.5286299483283337	2.768938512164741e-06
153.0	1389.7180437874893	1.28e-05	0.5286161479567255	0.5286233122840086	0.5286283854965443	3.4942147102690335e-06
153.0	1389.7180437874893	1.32e-05	0.5286118633982078	0.5286195325276513	0.52862577631545	4.269917535230027e-06
153.0	1389.7180437874893	1.36e-05	0.5286071371441814	0.5286141808080818	0.5286218083433463	5.065700046895548e-06
153.0	1389.7180437874893	1.4e-05	0.5286017275130206	0.5286019567316909	0.5286021957354938	1.1352492602807292e-07
153.0	1389.7180437874893	1.44e-05	0.528581974812929	0.528589711175251	0.5285972442965514	5.2146101194812045e-06
153.0	1389.7180437874893	1.48e-05	0.5285781457465575	0.5285844951322086	0.5285926270762662	4.41898071796617e-06
153.0	1389.7180437874893	1.52e-05	0.5285756976197487	0.5285808884213753	0.5285885133449968	3.6537322606009156e-06
153.0	1389.7180437874893	1.56e-05	0.528574268428545	0.5285783361738907	0.5285849399402638	2.9532714551933544e-06
153.0	1389.7180437874893	1.6e-05	0.5285727727211338	0.5285762190894292	0.5285818697483631	2.430865298303587e-06
153.0	1389.7180437874893	1.6400000000000002e-05	0.5285717017719485	0.5285746184718134	0.5285792218726151	1.9395287444154547e-06
153.0	1389.7180437874893	1.68e-05	0.5285707746732111	0.5285732100935776	0.528576909352692	1.5460052312205739e-06
153.0	1389.7180437874893	1.7199999999999998e-05	0.5285699676007276	0.5285719938314898	0.5285748577194722	1.1857095664861833e-06
153.0	1389.7180437874893	1.76e-05	0.5285691181421344	0.5285708397294702	0.528573003203098	8.963581169782086e-07
153.0	1389.7180437874893	1.8e-05	0.5285687179449781	0.5285697770839182	0.5285712921225532	6.152966420712759e-07
153.0	1389.7180437874893	1.84e-05	0.5285680172814011	0.5285687205848807	0.5285696788027199	3.893145943344716e-07
153.0	1389.7180437874893	1.88e-05	0.5285672418481475	0.5285676764316101	0.5285681231195021	1.9030818037522988e-07
153.0	1389.7180437874893	1.9200000000000003e-05	0.5285664502973999	0.5285666469574605	0.5285668425458958	7.650428987242812e-08
153.0	1389.7180437874893	1.9600000000000002e-05	0.5285650092075818	0.5285656339596528	0.5285662929631112	2.732446076097092e-07
153.0	1389.7180437874893	1.9999999999999998e-05	0.5285634077240484	0.5285645877973192	0.5285654956166228	5.015744062688037e-07
153.0	1389.7180437874893	2.04e-05	0.5285617132026852	0.52856352170783	0.5285647824414932	7.752338218581254e-07
153.0	1389.7180437874893	2.08e-05	0.5285598800189275	0.5285623598393062	0.5285639857576179	1.072102688966726e-06
153.0	1389.7180437874893	2.12e-05	0.5285578572677325	0.5285610921841917	0.5285631219455258	1.433357273014482e-06
153.0	1389.7180437874893	2.16e-05	0.5285555912061772	0.5285595027680177	0.5285619707733362	1.8060264461333337e-06
153.0	1389.7180437874893	2.2e-05	0.5285530261869287	0.5285576385189037	0.5285609074666144	2.293041117892283e-06
153.0	1389.7180437874893	2.2400000000000002e-05	0.5285501420663712	0.528555094788034	0.5285591451356817	2.811508898822649e-06
153.0	1389.7180437874893	2.28e-05	0.5285469740949598	0.528551511491151	0.5285564843461552	3.3423420000419477e-06
153.0	1389.7180437874893	2.32e-05	0.5285431280344168	0.5285433817492573	0.5285436723182357	1.2665219435000815e-07
153.0	1389.7180437874893	2.36e-05	0.5285300107135154	0.5285352271910028	0.5285403790736991	3.499205265524604e-06
153.0	1389.7180437874893	2.4e-05	0.5285274891623439	0.5285317777718898	0.5285373204141477	2.9698450019351714e-06
153.0	1389.7180437874893	2.44e-05	0.528525889425433	0.5285294058284988	0.528534607595387	2.4622394569675347e-06
153.0	1389.7180437874893	2.48e-05	0.5285249627130133	0.5285277402087073	0.528532263577282	2.0001234027646396e-06
153.0	1389.7180437874893	2.5200000000000003e-05	0.5285239997490399	0.5285263671475706	0.5285302635704019	1.6573778717028007e-06
153.0	1389.7180437874893	2.56e-05	0.5285233191375358	0.5285253421679048	0.5285285506571453	1.3373904026263216e-06
153.0	1389.7180437874893	2.6e-05	0.5285227301084285	0.5285244496296038	0.528527068055932	1.0826219936541435e-06
153.0	1389.7180437874893	2.64e-05	0.5285222267860972	0.5285236912864505	0.5285257664143019	8.502636519952234e-07
153.0	1389.7180437874893	2.68e-05	0.5285217044312587	0.5285229785585197	0.5285246038790437	6.660553093482512e-07
153.0	1389.7180437874893	2.72e-05	0.5285214650771	0.528522332234968	0.5285235456865172	4.891829931034066e-07
153.0	1389.7180437874893	2.76e-05	0.528521040080415	0.5285216941001192	0.5285225628130572	3.5113587528912207e-07
153.0	1389.7180437874893	2.8e-05	0.528520574780794	0.5285210687387649	0.5285216304165568	2.3219380756299343e-07
153.0	1389.7180437874893	2.8400000000000003e-05	0.528520111834986	0.5285204575444609	0.5285207263332863	1.2319728740001057e-07
153.0	1389.7180437874893	2.88e-05	0.5285196559721319	0.5285198607175765	0.5285201017917887	7.561597556198098e-08
153.0	1389.7180437874893	2.92e-05	0.5285188187473899	0.5285192556882231	0.5285196433732642	1.7231830959019223e-07
153.0	1389.7180437874893	2.96e-05	0.5285179425269773	0.5285186471262786	0.5285192311410096	3.134308452850814e-07
153.0	1389.7180437874893	2.9999999999999997e-05	0.5285169556789056	0.5285180004006417	0.5285187795432069	4.700157137617375e-07
153.0	1389.7180437874893	3.04e-05	0.5285158692578635	0.5285173076763731	0.5285182974489988	6.596152154267733e-07
153.0	1389.7180437874893	3.0799999999999996e-05	0.5285146719529052	0.5285164611651857	0.5285176469083828	8.524341272009548e-07
153.0	1389.7180437874893	3.12e-05	0.5285133406249463	0.5285154820635707	0.5285170799575631	1.1011761276218476e-06
153.0	1389.7180437874893	3.16e-05	0.5285118606841994	0.528514170971617	0.5285161562464573	1.3622866618047584e-06
153.0	1389.7180437874893	3.2e-05	0.5285101877010128	0.5285123511098219	0.5285147919329676	1.6276236259503012e-06
153.0	1389.7180437874893	3.2399999999999995e-05	0.5285080539689373	0.5285083044467684	0.5285085925991151	1.279638040559257e-07
153.0	1389.7180437874893	3.2800000000000004e-05	0.528501561464763	0.5285042320770131	0.5285069592659193	1.7857114325713594e-06
153.0	1389.7180437874893	3.32e-05	0.5285003390045979	0.528502545294522	0.5285054605450998	1.5216945137845391e-06
153.0	1389.7180437874893	3.36e-05	0.5284995819913512	0.528501405148692	0.5285041496232665	1.2711774400365606e-06
153.0	1389.7180437874893	3.4e-05	0.5284991541606816	0.5285006238262833	0.5285030389534224	1.0469015088201367e-06
153.0	1389.7180437874893	3.4399999999999996e-05	0.5284987205866409	0.5284999927414893	0.5285021086566628	8.83465690310571e-07
153.0	1389.7180437874893	3.4800000000000006e-05	0.5284984270696933	0.5284995416749448	0.5285013307148283	7.34279546029822e-07
153.0	1389.7180437874893	3.52e-05	0.5284981749572664	0.5284991632718979	0.5285006776100891	6.178905387395139e-07
153.0	1389.7180437874893	3.56e-05	0.5284979733316026	0.5284988611312625	0.5285001250852215	5.130116546452034e-07
153.0	1389.7180437874893	3.6e-05	0.5284977754620455	0.5284985880079284	0.5284996531595665	4.334117447763077e-07
153.0	1389.7180437874893	3.64e-05	0.5284976960147345	0.528498356136803	0.5284992459146602	3.598089679769191e-07
153.0	1389.7180437874893	3.68e-05	0.5284975451522387	0.5284981344070888	0.5284988908694954	3.0804918330184973e-07
153.0	1389.7180437874893	3.72e-05	0.5284973891327018	0.528497925770193	0.5284985783047995	2.6798563924941935e-07
153.0	1389.7180437874893	3.76e-05	0.5284972445812839	0.5284977306733036	0.5284983006646398	2.34414285798199e-07
153.0	1389.7180437874893	3.7999999999999995e-05	0.5284971211722445	0.5284975477357856	0.5284980520639211	2.058489554691218e-07
153.0	1389.7180437874893	3.8400000000000005e-05	0.5284970222484704	0.5284973811177619	0.5284978278943262	1.814866336278719e-07
153.0	1389.7180437874893	3.88e-05	0.5284969191802453	0.5284972270209233	0.5284976245119744	1.590683952106722e-07
153.0	1389.7180437874893	3.9200000000000004e-05	0.5284968451895784	0.5284970914478071	0.5284974389893948	1.3699535450604142e-07
153.0	1389.7180437874893	3.96e-05	0.5284967536638616	0.528496968642889	0.5284972689135632	1.1576752980653483e-07
153.0	1389.7180437874893	3.9999999999999996e-05	0.5284966661138428	0.5284968573754345	0.5284971122075444	9.878148345901513e-08
153.0	1389.7180437874893	4.0400000000000006e-05	0.5284965879453054	0.5284967530309728	0.5284969669545907	8.340178980025568e-08
153.0	1389.7180437874893	4.08e-05	0.5284965206594121	0.5284966570798549	0.528496831285274	7.120317750418285e-08
153.0	1389.7180437874893	4.12e-05	0.528496459875468	0.5284965694978504	0.528496704003838	6.13624979479812e-08
153.0	1389.7180437874893	4.16e-05	0.5284963894376054	0.5284964918596837	0.5284965946021289	5.544474298675801e-08
153.0	1389.7180437874893	4.2e-05	0.5284963468120862	0.5284964502606383	0.5284965407130358	5.072444906256908e-08
154.0	1392.4928617594303	0.0	0.5304721373769095	0.5304752405075641	0.530476792309666	1.0241838445698343e-06
154.0	1392.4928617594303	4e-07	0.5304701572890682	0.5304733430400557	0.5304749852954167	1.0615488831105491e-06
154.0	1392.4928617594303	8e-07	0.5304679783650466	0.5304714655985723	0.5304734876949544	1.1829286279500335e-06
154.0	1392.4928617594303	1.2000000000000002e-06	0.5304655872627073	0.530469612130805	0.5304726489606741	1.4186877967956344e-06
154.0	1392.4928617594303	1.6e-06	0.5304629511535497	0.530467658920215	0.5304710587595798	1.70705088536664e-06
154.0	1392.4928617594303	2e-06	0.5304600198901497	0.5304656569981221	0.5304696249087852	2.1193359226304215e-06
154.0	1392.4928617594303	2.4000000000000003e-06	0.5304567257795458	0.5304634372467585	0.5304680117311076	2.6097748938862737e-06
154.0	1392.4928617594303	2.8000000000000003e-06	0.5304529845368577	0.5304609891830682	0.5304663154322711	3.2411537773455737e-06
154.0	1392.4928617594303	3.2e-06	0.5304486913189876	0.5304578764472839	0.5304639901117376	3.919675761684685e-06
154.0	1392.4928617594303	3.6e-06	0.5304437580790955	0.5304542106223262	0.530461879417885	4.84172464379401e-06
154.0	1392.4928617594303	4e-06	0.5304381495723964	0.5304491640044927	0.530458350866283	5.8380577283395035e-06
154.0	1392.4928617594303	4.4e-06	0.530431931633844	0.5304420137991781	0.530452993002867	6.8642968891581865e-06
154.0	1392.4928617594303	4.800000000000001e-06	0.5304249401825603	0.530425655470875	0.5304263154674285	3.3900973697310825e-07
154.0	1392.4928617594303	5.2e-06	0.5303993232503741	0.530409323112235	0.5304189079353572	6.914969799368504e-06
154.0	1392.4928617594303	5.600000000000001e-06	0.5303941483563337	0.5304023425098651	0.5304127290123084	5.852036999553245e-06
154.0	1392.4928617594303	6e-06	0.5303908234424011	0.5303975018608353	0.5304072543311245	4.8301902425551e-06
154.0	1392.4928617594303	6.4e-06	0.5303888729714643	0.5303940629756605	0.5304024853269107	3.892629780765386e-06
154.0	1392.4928617594303	6.8e-06	0.530386829266499	0.5303912017550071	0.5303983701961918	3.191919273408427e-06
154.0	1392.4928617594303	7.2e-06	0.5303853503382596	0.5303890255601457	0.5303948113932098	2.529310774255973e-06
154.0	1392.4928617594303	7.6e-06	0.5303840287236667	0.5303871009187011	0.5303916892080176	1.998011129725951e-06
154.0	1392.4928617594303	8e-06	0.530382963408818	0.530385426358403	0.5303889047003238	1.509902386501194e-06
154.0	1392.4928617594303	8.4e-06	0.5303817736864618	0.5303838304530446	0.5303863726988487	1.1158203427654737e-06
154.0	1392.4928617594303	8.8e-06	0.5303812041154057	0.5303823508880261	0.5303840210126065	7.306786361130624e-07
154.0	1392.4928617594303	9.2e-06	0.5303801708717595	0.5303808753828829	0.5303817876412973	4.169372382931744e-07
154.0	1392.4928617594303	9.600000000000001e-06	0.530379033571414	0.5303794117547274	0.5303796580865212	1.4001919631840982e-07
154.0	1392.4928617594303	9.999999999999999e-06	0.530377421324995	0.530377963281536	0.5303782627882283	1.8484097446095058e-07
154.0	1392.4928617594303	1.04e-05	0.5303752248228237	0.5303765333672037	0.5303776938682478	5.125812127359902e-07
154.0	1392.4928617594303	1.08e-05	0.5303729356903801	0.530375045103957	0.5303765960211226	8.47460254167718e-07
154.0	1392.4928617594303	1.1200000000000001e-05	0.5303704944468448	0.5303735204420202	0.5303755897404914	1.248837451183132e-06
154.0	1392.4928617594303	1.16e-05	0.5303678337145348	0.5303718422794719	0.5303744825678409	1.6847742859166336e-06
154.0	1392.4928617594303	1.2e-05	0.5303648776250016	0.530369998071613	0.5303732338227913	2.216605192625541e-06
154.0	1392.4928617594303	1.24e-05	0.5303615442787555	0.5303676638494055	0.5303715482209332	2.76897528456871e-06
154.0	1392.4928617594303	1.28e-05	0.5303577478730004	0.5303649121982331	0.5303699853596067	3.494262600623163e-06
154.0	1392.4928617594303	1.32e-05	0.5303534632559854	0.5303611323925405	0.5303673761387344	4.269979568949212e-06
154.0	1392.4928617594303	1.36e-05	0.5303487369350322	0.5303557806015384	0.5303634081101869	5.065781054605478e-06
154.0	1392.4928617594303	1.4e-05	0.5303433271258902	0.5303435563422139	0.5303437954542742	1.1353490572958041e-07
154.0	1392.4928617594303	1.44e-05	0.5303235739778014	0.5303313106009224	0.5303388439402994	5.214684457001842e-06
154.0	1392.4928617594303	1.48e-05	0.5303197448501846	0.5303260944706487	0.5303342266477395	4.419050345296566e-06
154.0	1392.4928617594303	1.52e-05	0.5303172966869623	0.5303224876983816	0.5303301128499864	3.6537931428137555e-06
154.0	1392.4928617594303	1.56e-05	0.5303158674802759	0.5303199354071512	0.5303265393856353	2.953322325452998e-06
154.0	1392.4928617594303	1.6e-05	0.530314371747072	0.5303178182862934	0.530323469140944	2.430907758937057e-06
154.0	1392.4928617594303	1.6400000000000002e-05	0.5303133007933623	0.5303162176391465	0.5303208212183019	1.9395650658038637e-06
154.0	1392.4928617594303	1.68e-05	0.5303123736633504	0.5303148092344823	0.5303185086562294	1.5460359376060524e-06
154.0	1392.4928617594303	1.7199999999999998e-05	0.5303115665834941	0.5303135929483659	0.5303164569846253	1.1857363263263605e-06
154.0	1392.4928617594303	1.76e-05	0.5303107171211341	0.5303124388237839	0.5303146024327408	8.963809692731881e-07
154.0	1392.4928617594303	1.8e-05	0.5303103169100432	0.5303113761568249	0.530312891318764	6.153172656590402e-07
154.0	1392.4928617594303	1.84e-05	0.5303096162323202	0.5303103196363904	0.5303112779668462	3.8933439216349245e-07
154.0	1392.4928617594303	1.88e-05	0.530308840770723	0.5303092754617723	0.5303097222521798	1.9033258241944606e-07
154.0	1392.4928617594303	1.9200000000000003e-05	0.5303080491592667	0.5303082459663876	0.5303084416255839	7.65483186253764e-08
154.0	1392.4928617594303	1.9600000000000002e-05	0.5303066082752252	0.5303072329475932	0.5303078921089464	2.7326197626786736e-07
154.0	1392.4928617594303	1.9999999999999998e-05	0.5303050067574482	0.5303061867629124	0.5303070947449786	5.015913498186539e-07
154.0	1392.4928617594303	2.04e-05	0.5303033121989733	0.530305120650928	0.530306381372692	7.752564410792573e-07
154.0	1392.4928617594303	2.08e-05	0.5303014789739624	0.5303039587566513	0.5303055846209981	1.0721319366775714e-06
154.0	1392.4928617594303	2.12e-05	0.5302994561758876	0.5303026910729038	0.5303047207739873	1.4333964231449711e-06
154.0	1392.4928617594303	2.16e-05	0.5302971900601827	0.5303011016181499	0.5303035695734541	1.8060742278421034e-06
154.0	1392.4928617594303	2.2e-05	0.5302946249784668	0.5302992373236488	0.5303025062317834	2.293101882825377e-06
154.0	1392.4928617594303	2.2400000000000002e-05	0.5302917407847811	0.5302966935304162	0.5303007438518357	2.8115858748774166e-06
154.0	1392.4928617594303	2.28e-05	0.5302885727307389	0.5302931101441815	0.5302980829922781	3.3424401208352272e-06
154.0	1392.4928617594303	2.32e-05	0.5302847263199189	0.5302849801801885	0.530285270864943	1.266987951963836e-07
154.0	1392.4928617594303	2.36e-05	0.5302716086328374	0.5302768253987324	0.5302819775299392	3.4992980757445017e-06
154.0	1392.4928617594303	2.4e-05	0.5302690870096978	0.5302733758769792	0.5302789187841954	2.9699306521697847e-06
154.0	1392.4928617594303	2.44e-05	0.5302674872298896	0.5302710038619859	0.530276205887021	2.4623141592756367e-06
154.0	1392.4928617594303	2.48e-05	0.5302665604980401	0.5302693381916747	0.5302738617994125	2.000186304832181e-06
154.0	1392.4928617594303	2.5200000000000003e-05	0.5302655975051804	0.5302679650888181	0.5302718617323725	1.6574311443312654e-06
154.0	1392.4928617594303	2.56e-05	0.5302649168866438	0.5302669400760635	0.5302701487657933	1.3374365411427748e-06
154.0	1392.4928617594303	2.6e-05	0.5302643278251828	0.5302660475084768	0.5302686661173439	1.0826619891325504e-06
154.0	1392.4928617594303	2.64e-05	0.530263824493959	0.5302652891394514	0.5302673644333629	8.502992032407244e-07
154.0	1392.4928617594303	2.68e-05	0.5302633021341183	0.5302645763875	0.5302662018595754	6.660867708678303e-07
154.0	1392.4928617594303	2.72e-05	0.5302630627656226	0.5302639300415751	0.5302651436314179	4.892122241704577e-07
154.0	1392.4928617594303	2.76e-05	0.5302626377540891	0.5302632918845664	0.5302641607244034	3.5116420177849906e-07
154.0	1392.4928617594303	2.8e-05	0.5302621724258509	0.5302626665013744	0.5302632282956603	2.3222386883438934e-07
154.0	1392.4928617594303	2.8400000000000003e-05	0.5302617094622635	0.5302620552856208	0.5302623241807067	1.232385796840206e-07
154.0	1392.4928617594303	2.88e-05	0.5302612535390994	0.5302614584377451	0.5302616996667284	7.5675671876997e-08
154.0	1392.4928617594303	2.92e-05	0.5302604162806261	0.5302608533864716	0.5302612412316456	1.723488623599319e-07
154.0	1392.4928617594303	2.96e-05	0.5302595400234136	0.5302602448028158	0.5302608289826418	3.1345751945487877e-07
154.0	1392.4928617594303	2.9999999999999997e-05	0.5302585533857567	0.5302595980530939	0.5302603773730814	4.7004531941698973e-07
154.0	1392.4928617594303	3.04e-05	0.5302574669217357	0.5302589053023635	0.5302598952607251	6.596522199187458e-07
154.0	1392.4928617594303	3.0799999999999996e-05	0.5302562695677793	0.5302580587560561	0.5302592446995833	8.524778260088325e-07
154.0	1392.4928617594303	3.12e-05	0.5302549381834352	0.530257079613583	0.5302586777267972	1.1012306824035054e-06
154.0	1392.4928617594303	3.16e-05	0.5302534581799963	0.530255768466261	0.5302577539817452	1.3623552382487305e-06
154.0	1392.4928617594303	3.2e-05	0.5302517848402495	0.5302539485259671	0.5302563896159675	1.62771114618894e-06
154.0	1392.4928617594303	3.2399999999999995e-05	0.5302496510410286	0.5302499016689528	0.5302501899428158	1.2801747878490487e-07
154.0	1392.4928617594303	3.2800000000000004e-05	0.5302431582227083	0.5302458291053791	0.5302485565312338	1.7857951280520917e-06
154.0	1392.4928617594303	3.32e-05	0.5302419357017172	0.5302441422343389	0.530247057736335	1.5217732149934737e-06
154.0	1392.4928617594303	3.36e-05	0.5302411786531893	0.5302430020274199	0.5302457467477417	1.2712475987389412e-06
154.0	1392.4928617594303	3.4e-05	0.5302407508071765	0.5302422206626676	0.5302446360221271	1.0469624419171314e-06
154.0	1392.4928617594303	3.4399999999999996e-05	0.530240317210362	0.5302415895434431	0.5302437056751677	8.835191903045463e-07
154.0	1392.4928617594303	3.4800000000000006e-05	0.5302400236899523	0.5302411384502477	0.5302429276900824	7.343281010283172e-07
154.0	1392.4928617594303	3.52e-05	0.5302397715508498	0.5302407600241322	0.5302422745479882	6.17935149261788e-07
154.0	1392.4928617594303	3.56e-05	0.5302395699199218	0.5302404578642154	0.5302417219906967	5.130536377485959e-07
154.0	1392.4928617594303	3.6e-05	0.5302393720496203	0.5302401847237426	0.5302412500367337	4.334512317977798e-07
154.0	1392.4928617594303	3.64e-05	0.530239292590668	0.5302399528374732	0.5302408427669736	3.5984736952310645e-07
154.0	1392.4928617594303	3.68e-05	0.5302391417178285	0.5302397310932095	0.5302404876998761	3.080869768362347e-07
154.0	1392.4928617594303	3.72e-05	0.5302389856761573	0.5302395224425615	0.5302401751157371	2.680231233772106e-07
154.0	1392.4928617594303	3.76e-05	0.5302388411138361	0.5302393273327903	0.5302398974582667	2.3445170842529716e-07
154.0	1392.4928617594303	3.7999999999999995e-05	0.5302387176944539	0.5302391443832102	0.5302396488420769	2.0588659357660818e-07
154.0	1392.4928617594303	3.8400000000000005e-05	0.5302386187642458	0.5302389777536888	0.5302394246585962	1.815256552614327e-07
154.0	1392.4928617594303	3.88e-05	0.5302385156863672	0.5302388236467418	0.5302392212637326	1.5910866854227117e-07
154.0	1392.4928617594303	3.9200000000000004e-05	0.5302384416828927	0.5302386880643418	0.5302390357298288	1.3703886566730354e-07
154.0	1392.4928617594303	3.96e-05	0.5302383501452388	0.5302385652505246	0.5302388656437156	1.1581651047210282e-07
154.0	1392.4928617594303	3.9999999999999996e-05	0.5302382625915305	0.5302384539729743	0.5302387089283451	9.883855094472736e-08
154.0	1392.4928617594303	4.0400000000000006e-05	0.5302381844109174	0.5302383496193226	0.5302385636669085	8.346866204966671e-08
154.0	1392.4928617594303	4.08e-05	0.5302381171069248	0.5302382536604257	0.5302384279900023	7.128054281244734e-08
154.0	1392.4928617594303	4.12e-05	0.5302380562904849	0.5302381660731434	0.5302383007021758	6.145067161885227e-08
154.0	1392.4928617594303	4.16e-05	0.5302379858709783	0.5302380884337002	0.5302381912979595	5.553836453556075e-08
154.0	1392.4928617594303	4.2e-05	0.5302379432417172	0.5302380468773268	0.530238137416327	5.0810711810055626e-08
155.0	1395.2676797313713	0.0	0.5322157648432162	0.532218867917052	0.5322204196486107	1.0241542860155846e-06
155.0	1395.2676797313713	4e-07	0.5322137847548776	0.5322169704490922	0.5322186126603032	1.0615207587193904e-06
155.0	1395.2676797313713	8e-07	0.5322116058290147	0.5322150930064098	0.5322171150576436	1.1829047470858081e-06
155.0	1395.2676797313713	1.2000000000000002e-06	0.5322092147233999	0.5322132395369743	0.5322162763286293	1.4186708667059802e-06
155.0	1395.2676797313713	1.6e-06	0.5322065786093058	0.5322112863231663	0.5322146861117796	1.7070391868302263e-06
155.0	1395.2676797313713	2e-06	0.5322036473389691	0.5322092843975954	0.532213252248873	2.119331050297762e-06
155.0	1395.2676797313713	2.4000000000000003e-06	0.5322003532189568	0.5322070646401802	0.5322116390784766	2.6097753175364667e-06
155.0	1395.2676797313713	2.8000000000000003e-06	0.5321966119637835	0.5322046165687164	0.5322099427593017	3.2411608662815344e-06
155.0	1395.2676797313713	3.2e-06	0.5321923187253192	0.5322015038197575	0.5322076174281039	3.919687325347407e-06
155.0	1395.2676797313713	3.6e-06	0.5321873854646997	0.5321978379789766	0.532205506715834	4.841743142526713e-06
155.0	1395.2676797313713	4e-06	0.532181776932175	0.5321927913386405	0.5322019781423775	5.838085322449101e-06
155.0	1395.2676797313713	4.4e-06	0.5321755589626571	0.53218564109992	0.53219662024929	6.8643378315998876e-06
155.0	1395.2676797313713	4.800000000000001e-06	0.5321685675075498	0.5321692826764027	0.5321699425224997	3.389238908765959e-07
155.0	1395.2676797313713	5.2e-06	0.5321429503120516	0.53215295022312	0.5321625349462193	6.915001565640245e-06
155.0	1395.2676797313713	5.600000000000001e-06	0.5321377752427585	0.5321459695722672	0.5321563562353209	5.8520696794417625e-06
155.0	1395.2676797313713	6e-06	0.5321344503095835	0.5321411288886564	0.5321508815190406	4.830219593490034e-06
155.0	1395.2676797313713	6.4e-06	0.5321324998330166	0.532137689978714	0.532146112482522	3.892653979350286e-06
155.0	1395.2676797313713	6.8e-06	0.5321304561129461	0.5321348287373956	0.5321419973201369	3.1919386744457174e-06
155.0	1395.2676797313713	7.2e-06	0.5321289771872344	0.532132652524906	0.5321384384906462	2.5293271316830655e-06
155.0	1395.2676797313713	7.6e-06	0.532127655609913	0.5321307278674644	0.5321353162810896	1.9980242450770215e-06
155.0	1395.2676797313713	8e-06	0.5321265902319103	0.532129053292162	0.5321325317507393	1.5099131708219238e-06
155.0	1395.2676797313713	8.4e-06	0.532125400511311	0.5321274573727607	0.5321299997279016	1.1158279419621051e-06
155.0	1395.2676797313713	8.8e-06	0.5321248310170956	0.5321259777941242	0.5321276480211914	7.306832021377285e-07
155.0	1395.2676797313713	9.2e-06	0.5321237978874622	0.5321245022753164	0.5321254146299088	4.169368213597837e-07
155.0	1395.2676797313713	9.600000000000001e-06	0.5321226605755083	0.532123038633432	0.5321232848324744	1.4000286887774756e-07
155.0	1395.2676797313713	9.999999999999999e-06	0.5321210482742744	0.5321215901464859	0.5321218895870539	1.8482592232881922e-07
155.0	1395.2676797313713	1.04e-05	0.532118851750818	0.5321201602185011	0.5321213206540785	5.125804247265689e-07
155.0	1395.2676797313713	1.08e-05	0.5321165625955153	0.5321186719404024	0.5321202227833863	8.474652187044526e-07
155.0	1395.2676797313713	1.1200000000000001e-05	0.5321141213267495	0.5321171472635265	0.5321192164843538	1.2488494850904325e-06
155.0	1395.2676797313713	1.16e-05	0.5321114605658748	0.5321154690833512	0.5321181093132248	1.6847925969423068e-06
155.0	1395.2676797313713	1.2e-05	0.5321085044432872	0.5321136248556234	0.5321168605397313	2.2166320540494567e-06
155.0	1395.2676797313713	1.24e-05	0.5321051710574789	0.532111290605688	0.5321151749174744	2.769009070013005e-06
155.0	1395.2676797313713	1.28e-05	0.532101374605725	0.532108538921701	0.532113612028553	3.4943067872445578e-06
155.0	1395.2676797313713	1.32e-05	0.5320970899347035	0.5321047590705315	0.5321110027706633	4.270037011210954e-06
155.0	1395.2676797313713	1.36e-05	0.5320923635519179	0.5320994072136784	0.5321070346896466	5.06585643198312e-06
155.0	1395.2676797313713	1.4e-05	0.5320869535695225	0.5320871827848378	0.5320874220048291	1.1354519828884719e-07
155.0	1395.2676797313713	1.44e-05	0.5320672000008315	0.532074936873118	0.5320824704215168	5.214752718099968e-06
155.0	1395.2676797313713	1.48e-05	0.5320633708169398	0.5320697206620656	0.5320778530621384	4.4191146463244294e-06
155.0	1395.2676797313713	1.52e-05	0.5320609226203556	0.5320661138329239	0.532073739202886	3.6538495419238462e-06
155.0	1395.2676797313713	1.56e-05	0.5320594933996841	0.5320635615011917	0.5320701656833524	2.9533695958596884e-06
155.0	1395.2676797313713	1.6e-05	0.5320579976429087	0.5320614443466435	0.5320670953892819	2.430947318277855e-06
155.0	1395.2676797313713	1.6400000000000002e-05	0.5320569266856259	0.5320598436720833	0.5320644474232017	1.9395991305157e-06
155.0	1395.2676797313713	1.68e-05	0.5320559995263512	0.53205843524285	0.5320621348220964	1.5460650176726756e-06
155.0	1395.2676797313713	1.7199999999999998e-05	0.5320551924400512	0.5320572189345064	0.5320600831149642	1.1857618792217342e-06
155.0	1395.2676797313713	1.76e-05	0.5320543429747548	0.5320560647891074	0.5320582285302464	8.964029831444741e-07
155.0	1395.2676797313713	1.8e-05	0.5320539427502604	0.5320550021023901	0.5320565173853966	6.15337436473579e-07
155.0	1395.2676797313713	1.84e-05	0.5320532420594715	0.5320539455622427	0.5320549040038944	3.893540397475477e-07
155.0	1395.2676797313713	1.88e-05	0.5320524665713222	0.5320529013680044	0.5320533482602752	1.903570010090122e-07
155.0	1395.2676797313713	1.9200000000000003e-05	0.5320516749019406	0.5320518718531482	0.5320520675811897	7.659146982090812e-08
155.0	1395.2676797313713	1.9600000000000002e-05	0.5320502342238491	0.5320508588151439	0.5320515181319827	2.7327822788675487e-07
155.0	1395.2676797313713	1.9999999999999998e-05	0.5320486326746261	0.5320498126099962	0.5320507207523653	5.016068356332004e-07
155.0	1395.2676797313713	2.04e-05	0.5320469380820825	0.5320487464774699	0.5320500071843188	7.752771079276634e-07
155.0	1395.2676797313713	2.08e-05	0.5320451048192041	0.53204758455976	0.5320492103682994	1.0721588453633746e-06
155.0	1395.2676797313713	2.12e-05	0.5320430819780793	0.5320463168498778	0.5320483464886117	1.4334325882207416e-06
155.0	1395.2676797313713	2.16e-05	0.5320408158126151	0.5320447273597212	0.532047195261848	1.8061183669162314e-06
155.0	1395.2676797313713	2.2e-05	0.5320382506733274	0.5320428630235421	0.5320461318877054	2.293158083104376e-06
155.0	1395.2676797313713	2.2400000000000002e-05	0.5320353664123472	0.532040319172978	0.5320443694623247	2.811657187035312e-06
155.0	1395.2676797313713	2.28e-05	0.5320321982822174	0.5320367357045421	0.5320417085378457	3.342531322553247e-06
155.0	1395.2676797313713	2.32e-05	0.5320283515319186	0.5320286055353488	0.5320288963345181	1.267449782735352e-07
155.0	1395.2676797313713	2.36e-05	0.5320152335086128	0.532020450548756	0.5320256029161561	3.4993830723121705e-06
155.0	1395.2676797313713	2.4e-05	0.5320127118195979	0.5320170009323231	0.5320225440909638	2.970009478719574e-06
155.0	1395.2676797313713	2.44e-05	0.5320111120005864	0.5320146288512652	0.5320198311214792	2.4623831081998947e-06
155.0	1395.2676797313713	2.48e-05	0.5320101852511305	0.5320129631343143	0.5320174869697345	2.000244532083828e-06
155.0	1395.2676797313713	2.5200000000000003e-05	0.5320092222319213	0.5320115899929333	0.5320154868469755	1.6574805775284492e-06
155.0	1395.2676797313713	2.56e-05	0.5320085416074347	0.5320105649495146	0.5320137738311512	1.3374796082796118e-06
155.0	1395.2676797313713	2.6e-05	0.5320079525158805	0.5320096723547189	0.532012291139071	1.0826996443197882e-06
155.0	1395.2676797313713	2.64e-05	0.5320074491768061	0.5320089139617524	0.5320109894159692	8.503329256555332e-07
155.0	1395.2676797313713	2.68e-05	0.53200692681287	0.5320082011876427	0.532009826806604	6.66116815318594e-07
155.0	1395.2676797313713	2.72e-05	0.5320066874305862	0.5320075548210775	0.5320087685455643	4.892404408111511e-07
155.0	1395.2676797313713	2.76e-05	0.5320062624053401	0.5320069166436543	0.5320077856076066	3.51191818272594e-07
155.0	1395.2676797313713	2.8e-05	0.532005797050302	0.5320062912403833	0.5320068531491602	2.3225343057682958e-07
155.0	1395.2676797313713	2.8400000000000003e-05	0.5320053340704236	0.5320056800049455	0.5320059490050442	1.232793770275678e-07
155.0	1395.2676797313713	2.88e-05	0.5320048780890057	0.5320050831378328	0.5320053245196288	7.573425103487848e-08
155.0	1395.2676797313713	2.92e-05	0.5320040407993085	0.5320044780664661	0.5320048660697996	1.7237829223638547e-07
155.0	1395.2676797313713	2.96e-05	0.5320031645079819	0.5320038694629853	0.5320044538055555	3.1348278469097593e-07
155.0	1395.2676797313713	2.9999999999999997e-05	0.5320021780807149	0.5320032226913373	0.532004002184995	4.7007327262946527e-07
155.0	1395.2676797313713	3.04e-05	0.5320010915770581	0.5320025299163981	0.5320035200564615	6.596870607209688e-07
155.0	1395.2676797313713	3.0799999999999996e-05	0.5319998941778561	0.5320016833377276	0.5320028694765488	8.525188442249948e-07
155.0	1395.2676797313713	3.12e-05	0.5319985627413741	0.532000704157546	0.5320023024838916	1.1012818299821053e-06
155.0	1395.2676797313713	3.16e-05	0.531997082680034	0.5319993929590017	0.5320013787077809	1.3624195316376001e-06
155.0	1395.2676797313713	3.2e-05	0.531995408992981	0.5319975729459717	0.5320000142936738	1.6277933699619182e-06
155.0	1395.2676797313713	3.2399999999999995e-05	0.5319932751331109	0.5319935259084495	0.5319938143017602	1.2807041453921503e-07
155.0	1395.2676797313713	3.2800000000000004e-05	0.531986782025065	0.5319894531657957	0.5319921808174817	1.7858721889637342e-06
155.0	1395.2676797313713	3.32e-05	0.531985559448187	0.5319877662126384	0.5319906819538591	1.521846061565949e-06
155.0	1395.2676797313713	3.36e-05	0.5319848023672575	0.5319866259490198	0.5319893709033092	1.2713127559750071e-06
155.0	1395.2676797313713	3.4e-05	0.5319843745071795	0.5319858445449069	0.5319882601263597	1.0470192330257747e-06
155.0	1395.2676797313713	3.4399999999999996e-05	0.5319839408895239	0.5319852133936481	0.531987329732778	8.835692051823173e-07
155.0	1395.2676797313713	3.4800000000000006e-05	0.5319836473661805	0.5319847622755307	0.5319865517074955	7.343737606602015e-07
155.0	1395.2676797313713	3.52e-05	0.5319833952023245	0.53198438382774	0.5319858985306682	6.179774419827064e-07
155.0	1395.2676797313713	3.56e-05	0.5319831935667452	0.5319840816497896	0.5319853459432231	5.130936831977367e-07
155.0	1395.2676797313713	3.6e-05	0.5319829956960858	0.5319838084933675	0.5319848739629451	4.3348905576027974e-07
155.0	1395.2676797313713	3.64e-05	0.5319829162257701	0.5319835765930246	0.5319844666701021	3.598843531454658e-07
155.0	1395.2676797313713	3.68e-05	0.5319827653432938	0.5319833548352648	0.5319841115826653	3.0812352502584913e-07
155.0	1395.2676797313713	3.72e-05	0.531982609280762	0.5319831461718993	0.5319837989805327	2.680594822993726e-07
155.0	1395.2676797313713	3.76e-05	0.531982464708463	0.5319829510502583	0.531983521307092	2.3448809406633464e-07
155.0	1395.2676797313713	3.7999999999999995e-05	0.5319823412796598	0.5319827680895931	0.5319832726766753	2.059232850411208e-07
155.0	1395.2676797313713	3.8400000000000005e-05	0.5319822423438865	0.5319826014495409	0.5319830484804777	1.8156378785216945e-07
155.0	1395.2676797313713	3.88e-05	0.5319821392568649	0.5319824473334555	0.5319828450742019	1.591480902678215e-07
155.0	1395.2676797313713	3.9200000000000004e-05	0.5319820652410909	0.5319823117427963	0.5319826595300192	1.3708145616888666e-07
155.0	1395.2676797313713	3.96e-05	0.5319819736919609	0.531982188920989	0.5319824894346139	1.1586452988620356e-07
155.0	1395.2676797313713	3.9999999999999996e-05	0.5319818861359495	0.5319820776342368	0.5319823327108351	9.889457416216956e-08
155.0	1395.2676797313713	4.0400000000000006e-05	0.5319818079440539	0.5319819732722408	0.5319821874418125	8.353440959279574e-08
155.0	1395.2676797313713	4.08e-05	0.5319817406221574	0.5319818773063386	0.5319820517581668	7.13566962696501e-08
155.0	1395.2676797313713	4.12e-05	0.5319816797737227	0.5319817897144761	0.5319819244647688	6.153755529360209e-08
155.0	1395.2676797313713	4.16e-05	0.531981609373676	0.5319817120743724	0.5319818150589102	5.563067428379734e-08
155.0	1395.2676797313713	4.2e-05	0.5319815667409644	0.5319816705609526	0.5319817611852855	5.0895796892944915e-08
156.0	1398.0424977033124	0.0	0.5339614478438097	0.5339645508601715	0.5339661025207665	1.0241244878606173e-06
156.0	1398.0424977033124	4e-07	0.5339594677550084	0.5339626533917876	0.5339642955588424	1.0614923682195278e-06
156.0	1398.0424977033124	8e-07	0.533957288827426	0.5339607759480147	0.5339627979541728	1.1828805451008609e-06
156.0	1398.0424977033124	1.2000000000000002e-06	0.533954897718746	0.5339589224770728	0.5339619592306155	1.4186535303404527e-06
156.0	1398.0424977033124	1.6e-06	0.5339522616000316	0.533956969260256	0.5339603689986543	1.7070269903775222e-06
156.0	1398.0424977033124	2e-06	0.5339493303231881	0.5339549673314453	0.5339589351240912	2.119325526815625e-06
156.0	1398.0424977033124	2.4000000000000003e-06	0.5339460361943358	0.533952747568449	0.5339573219607212	2.6097750770719352e-06
156.0	1398.0424977033124	2.8000000000000003e-06	0.5339422949274137	0.5339502994897298	0.5339556256219868	3.24116716030376e-06
156.0	1398.0424977033124	3.2e-06	0.5339380016699131	0.5339471867283263	0.5339533002804542	3.919697976236668e-06
156.0	1398.0424977033124	3.6e-06	0.5339330683897092	0.5339435208725801	0.5339511895505522	4.8417605189791075e-06
156.0	1398.0424977033124	4e-06	0.533927459832765	0.5339384742109192	0.5339476609561427	5.838111467787542e-06
156.0	1398.0424977033124	4.4e-06	0.5339212418339612	0.5339313239405516	0.5339423030345198	6.864376876933223e-06
156.0	1398.0424977033124	4.800000000000001e-06	0.5339142503749423	0.5339149654264449	0.5339156251241208	3.3883900772695997e-07
156.0	1398.0424977033124	5.2e-06	0.5338886329278472	0.5338986328840764	0.5339082175060073	6.915031031591224e-06
156.0	1398.0424977033124	5.600000000000001e-06	0.5338834576869491	0.5338916521874083	0.5339020390066684	5.852100266025652e-06
156.0	1398.0424977033124	6e-06	0.5338801327358045	0.5338868114711433	0.5338965642573168	4.830247161125261e-06
156.0	1398.0424977033124	6.4e-06	0.5338781822541048	0.5338833725378116	0.5338917951903621	3.892676779777117e-06
156.0	1398.0424977033124	6.8e-06	0.5338761385199975	0.5338805112769826	0.5338876799980063	3.191957004943375e-06
156.0	1398.0424977033124	7.2e-06	0.5338746595970081	0.5338783350477994	0.5338841211435463	2.529342724121151e-06
156.0	1398.0424977033124	7.6e-06	0.5338733380558613	0.5338764103751774	0.5338809989110613	1.9980369524509442e-06
156.0	1398.0424977033124	8e-06	0.5338722726174021	0.5338747357857582	0.533878214359425	1.5099237362997718e-06
156.0	1398.0424977033124	8.4e-06	0.5338710828987967	0.5338731398532031	0.5338756823165562	1.1158355041051568e-06
156.0	1398.0424977033124	8.8e-06	0.5338705134808404	0.5338716602618195	0.5338733305906977	7.30687946295832e-07
156.0	1398.0424977033124	9.2e-06	0.5338694804645954	0.5338701847302567	0.5338710971807821	4.169367923567135e-07
156.0	1398.0424977033124	9.600000000000001e-06	0.5338683431421458	0.533868721075601	0.5338689671441115	1.3998717380281154e-07
156.0	1398.0424977033124	9.999999999999999e-06	0.5338667307886631	0.5338672725759013	0.5338675719499504	1.8481037122966093e-07
156.0	1398.0424977033124	1.04e-05	0.5338645342454766	0.5338658426352919	0.5338670030052759	5.125787728892871e-07
156.0	1398.0424977033124	1.08e-05	0.533862245069022	0.533864354343463	0.5338659051123047	8.474690387222999e-07
156.0	1398.0424977033124	1.1200000000000001e-05	0.533859803776938	0.5338628296528434	0.5338648987959225	1.248860021549472e-06
156.0	1398.0424977033124	1.16e-05	0.5338571429896728	0.5338611514565431	0.5338637916266498	1.6848091771182954e-06
156.0	1398.0424977033124	1.2e-05	0.5338541868365443	0.5338593072105778	0.5338625428262818	2.21665675440611e-06
156.0	1398.0424977033124	1.24e-05	0.5338508534142044	0.533856972935036	0.5338608571849663	2.7690402541027487e-06
156.0	1398.0424977033124	1.28e-05	0.5338470569199076	0.533854221220731	0.5338592942701625	3.4943477388141434e-06
156.0	1398.0424977033124	1.32e-05	0.533842772198903	0.533850441327511	0.5338566849776729	4.270090434192329e-06
156.0	1398.0424977033124	1.36e-05	0.5338380457588645	0.5338450894097435	0.5338527168476226	5.065926870484316e-06
156.0	1398.0424977033124	1.4e-05	0.5338326356082925	0.5338328648233491	0.5338331041503199	1.135557282363073e-07
156.0	1398.0424977033124	1.44e-05	0.5338128816430228	0.5338206187541856	0.5338281525027844	5.214815434948628e-06
156.0	1398.0424977033124	1.48e-05	0.5338090524074035	0.5338154024681997	0.5338235350815008	4.4191740913898614e-06
156.0	1398.0424977033124	1.52e-05	0.5338066041802225	0.5338117955862979	0.5338194211652549	3.653901857269834e-06
156.0	1398.0424977033124	1.56e-05	0.5338051749469148	0.533809243216983	0.5338158475945596	2.953413586377174e-06
156.0	1398.0424977033124	1.6e-05	0.5338036791685363	0.5338071260311712	0.5338127772546839	2.4309842341561826e-06
156.0	1398.0424977033124	1.6400000000000002e-05	0.5338026082084735	0.5338055253310825	0.5338101292483133	1.9396311460767994e-06
156.0	1398.0424977033124	1.68e-05	0.5338016810217985	0.5338041168789205	0.5338078166110076	1.546092635820022e-06
156.0	1398.0424977033124	1.7199999999999998e-05	0.5338008739298958	0.5338029005499342	0.5338057648709427	1.1857863711299841e-06
156.0	1398.0424977033124	1.76e-05	0.5338000244623959	0.5338017463852733	0.533803910255811	8.964242683546893e-07
156.0	1398.0424977033124	1.8e-05	0.5337996242249687	0.5338006836802828	0.5338021990823982	6.153572141680587e-07
156.0	1398.0424977033124	1.84e-05	0.5337989235220908	0.533799627121936	0.5338005856735641	3.893735613904915e-07
156.0	1398.0424977033124	1.88e-05	0.533798148008997	0.5337985829096221	0.5337990299032374	1.903814513495007e-07
156.0	1398.0424977033124	1.9200000000000003e-05	0.5337973562841078	0.5337975533768653	0.5337977491721215	7.663386607629805e-08
156.0	1398.0424977033124	1.9600000000000002e-05	0.5337959158119574	0.5337965403212305	0.5337971997912252	2.732934669076745e-07
156.0	1398.0424977033124	1.9999999999999998e-05	0.5337943142338188	0.533795494097303	0.5337964023976269	5.016209972739452e-07
156.0	1398.0424977033124	2.04e-05	0.5337926196099616	0.5337944279460083	0.5337956886350312	7.752960243927485e-07
156.0	1398.0424977033124	2.08e-05	0.5337907863122702	0.5337932660069601	0.5337948917579016	1.072183667493596e-06
156.0	1398.0424977033124	2.12e-05	0.5337887634315415	0.533791998273192	0.5337940278475832	1.4334660965896213e-06
156.0	1398.0424977033124	2.16e-05	0.533786497220265	0.5337904087504807	0.5337928765964888	1.8061592636309285e-06
156.0	1398.0424977033124	2.2e-05	0.5337839320281406	0.5337885443759444	0.533791813192086	2.2932102195188215e-06
156.0	1398.0424977033124	2.2400000000000002e-05	0.5337810477051281	0.533786000472547	0.5337900507244573	2.8117234577727295e-06
156.0	1398.0424977033124	2.28e-05	0.5337778795048296	0.5337824169282931	0.5337873897395964	3.3426163707231127e-06
156.0	1398.0424977033124	2.32e-05	0.533774032424267	0.5337742865690437	0.5337745774812097	1.2679081662838543e-07
156.0	1398.0424977033124	2.36e-05	0.5337609140917552	0.5337661313935633	0.5337712839858622	3.4994609994644614e-06
156.0	1398.0424977033124	2.4e-05	0.5337583923423788	0.5337626816896354	0.533768225087278	2.970082140176688e-06
156.0	1398.0424977033124	2.44e-05	0.5337567924875106	0.5337603095475041	0.5337655120509748	2.4624468641810614e-06
156.0	1398.0424977033124	2.48e-05	0.5337558657220889	0.5337586437874073	0.5337631678399388	2.0002985428617274e-06
156.0	1398.0424977033124	2.5200000000000003e-05	0.5337549026788047	0.5337572706103763	0.5337611676661984	1.6575265509971771e-06
156.0	1398.0424977033124	2.56e-05	0.5337542220492928	0.5337562455384673	0.5337594546048203	1.3375199162118276e-06
156.0	1398.0424977033124	2.6e-05	0.5337536329297485	0.5337553529183169	0.533757971872368	1.0827352102003767e-06
156.0	1398.0424977033124	2.64e-05	0.5337531295837721	0.5337545945031278	0.5337566701130703	8.503650387655949e-07
156.0	1398.0424977033124	2.68e-05	0.5337526072165364	0.5337538817085328	0.5337555074707971	6.661456240728565e-07
156.0	1398.0424977033124	2.72e-05	0.5337523678209628	0.5337532353229011	0.533754449179364	4.892677752307265e-07
156.0	1398.0424977033124	2.76e-05	0.5337519427830539	0.5337525971266459	0.5337534662128363	3.51218822793331e-07
156.0	1398.0424977033124	2.8e-05	0.5337514774028813	0.5337519717048862	0.5337525337269886	2.322825731899745e-07
156.0	1398.0424977033124	2.8400000000000003e-05	0.5337510144080699	0.5337513604513571	0.533751629555999	1.2331977167965763e-07
156.0	1398.0424977033124	2.88e-05	0.5337505583703042	0.5337507635665878	0.5337510050993233	7.579184692183965e-08
156.0	1398.0424977033124	2.92e-05	0.5337497210516675	0.5337501584767904	0.5337505466364068	1.7240669421674773e-07
156.0	1398.0424977033124	2.96e-05	0.5337488447286818	0.533749549855216	0.5337501343582858	3.1350676620420644e-07
156.0	1398.0424977033124	2.9999999999999997e-05	0.5337478585117408	0.5337489030636158	0.5337496827273451	4.7009972432199996e-07
156.0	1398.0424977033124	3.04e-05	0.5337467719715061	0.5337482102665235	0.5337492005844888	6.597199382079371e-07
156.0	1398.0424977033124	3.0799999999999996e-05	0.5337455745304904	0.5337473636580016	0.5337485499874184	8.525574306131913e-07
156.0	1398.0424977033124	3.12e-05	0.5337442430457653	0.5337463844429788	0.5337479829768004	1.1013298862517817e-06
156.0	1398.0424977033124	3.16e-05	0.5337427629315394	0.5337450731969853	0.5337470591722511	1.3624799408134495e-06
156.0	1398.0424977033124	3.2e-05	0.5337410889050487	0.5337432531164609	0.5337456947133692	1.6278707986236747e-06
156.0	1398.0424977033124	3.2399999999999995e-05	0.53373895499052	0.5337392059107133	0.5337394944216616	1.281226497581584e-07
156.0	1398.0424977033124	3.2800000000000004e-05	0.5337324616152017	0.5337351330024754	0.5337378608699126	1.7859431326008292e-06
156.0	1398.0424977033124	3.32e-05	0.5337312389869551	0.5337334459731116	0.5337363619424798	1.5219135142339857e-06
156.0	1398.0424977033124	3.36e-05	0.5337304818762565	0.5337323056568264	0.5337350508343723	1.271373303890915e-06
156.0	1398.0424977033124	3.4e-05	0.5337300540032954	0.5337315242160948	0.5337339400103902	1.0470722027429202e-06
156.0	1398.0424977033124	3.4399999999999996e-05	0.5337296203665645	0.5337308930350051	0.5337330095734316	8.836160001288735e-07
156.0	1398.0424977033124	3.4800000000000006e-05	0.5337293268407821	0.5337304418935547	0.5337322315107267	7.34416740684158e-07
156.0	1398.0424977033124	3.52e-05	0.533729074653924	0.5337300634253673	0.5337315783015475	6.180175845502468e-07
156.0	1398.0424977033124	3.56e-05	0.5337288730142697	0.53372976123052	0.5337310256860173	5.131319343159156e-07
156.0	1398.0424977033124	3.6e-05	0.5337286751436254	0.5337294880592417	0.5337305536812389	4.3352533477119486e-07
156.0	1398.0424977033124	3.64e-05	0.5337285956621987	0.5337292561458192	0.5337301463669286	3.59920006173725e-07
156.0	1398.0424977033124	3.68e-05	0.5337284447707429	0.5337290343755408	0.5337297912606074	3.081588930321695e-07
156.0	1398.0424977033124	3.72e-05	0.5337282886885086	0.5337288257004169	0.5337294786418125	2.6809476530466e-07
156.0	1398.0424977033124	3.76e-05	0.5337281441070818	0.5337286305678411	0.5337292009536245	2.34523480125266e-07
156.0	1398.0424977033124	3.7999999999999995e-05	0.5337280206697077	0.5337284475969942	0.5337289523101232	2.0595905550661148e-07
156.0	1398.0424977033124	3.8400000000000005e-05	0.5337279217291595	0.5337282809473056	0.5337287281022798	1.8160104784732202e-07
156.0	1398.0424977033124	3.88e-05	0.5337278186334853	0.5337281268229787	0.5337285246856034	1.5918667086608076e-07
156.0	1398.0424977033124	3.9200000000000004e-05	0.533727744605879	0.5337279912249984	0.5337283391320993	1.3712314270606942e-07
156.0	1398.0424977033124	3.96e-05	0.5337276530457213	0.5337278683960356	0.5337281690283149	1.1591160440526295e-07
156.0	1398.0424977033124	3.9999999999999996e-05	0.533727565488701	0.5337277571009	0.5337280122969945	9.894957189702499e-08
156.0	1398.0424977033124	4.0400000000000006e-05	0.5337274872862139	0.5337276527313353	0.533727867021212	8.359905152458662e-08
156.0	1398.0424977033124	4.08e-05	0.5337274199466266	0.5337275567591399	0.5337277313316164	7.143165690091031e-08
156.0	1398.0424977033124	4.12e-05	0.5337273590666696	0.5337274691633405	0.5337276040333983	6.162316791444186e-08
156.0	1398.0424977033124	4.16e-05	0.5337272886870785	0.5337273915231466	0.5337274946266968	5.57216921611126e-08
156.0	1398.0424977033124	4.2e-05	0.5337272460511935	0.533727350052884	0.5337274407615578	5.097973256537943e-08
157.0	1400.8173156752534	0.0	0.5357092216241677	0.5357123245818748	0.5357138761709459	1.0240943660242408e-06
157.0	1400.8173156752534	4e-07	0.5357072415349311	0.5357104271130945	0.535712069235526	1.0614636355229963e-06
157.0	1400.8173156752534	8e-07	0.5357050626057331	0.5357085496683233	0.5357105716290649	1.1828559562106118e-06
157.0	1400.8173156752534	1.2000000000000002e-06	0.5357026714941728	0.5357066961960082	0.535709732911168	1.4186357346644324e-06
157.0	1400.8173156752534	1.6e-06	0.5357000353711054	0.5357047429763717	0.535708142664701	1.7070142628523184e-06
157.0	1400.8173156752534	2e-06	0.5356971040881238	0.5357027410445586	0.5357067087788954	2.1193193669065704e-06
157.0	1400.8173156752534	2.4000000000000003e-06	0.5356938099509136	0.5357005212764236	0.5357050956222924	2.609774216718301e-06
157.0	1400.8173156752534	2.8000000000000003e-06	0.5356900686728672	0.5356980731909199	0.5357033992647358	3.241172740574143e-06
157.0	1400.8173156752534	3.2e-06	0.535685775396666	0.535694960417716	0.5357010739131818	3.919707822010281e-06
157.0	1400.8173156752534	3.6e-06	0.5356808420979151	0.5356912945477538	0.5356989631663414	4.841776920193146e-06
157.0	1400.8173156752534	4e-06	0.5356752335178383	0.5356862478657864	0.5356954345517311	5.838136365766162e-06
157.0	1400.8173156752534	4.4e-06	0.5356690154912984	0.5356790975652772	0.5356900766024948	6.8644142984592645e-06
157.0	1400.8173156752534	4.800000000000001e-06	0.5356620240285261	0.5356627389646224	0.5356633985153492	3.3875479785653467e-07
157.0	1400.8173156752534	5.2e-06	0.5356364063402062	0.5356464063381149	0.5356559908575198	6.915058401071127e-06
157.0	1400.8173156752534	5.600000000000001e-06	0.5356312309308189	0.5356394255980347	0.5356498125697229	5.852128954694988e-06
157.0	1400.8173156752534	6e-06	0.5356279059628815	0.5356345848508414	0.5356443377890692	4.83027311680065e-06
157.0	1400.8173156752534	6.4e-06	0.5356259554764966	0.5356311458953508	0.5356395686933233	3.89269831836691e-06
157.0	1400.8173156752534	6.8e-06	0.5356239117292976	0.5356282846160357	0.5356354534724748	3.191974371441519e-06
157.0	1400.8173156752534	7.2e-06	0.5356224328091583	0.5356261083709788	0.5356318945944443	2.529357637243905e-06
157.0	1400.8173156752534	7.6e-06	0.535621111303084	0.5356241836838829	0.5356287723403375	1.99804931466196e-06
157.0	1400.8173156752534	8e-06	0.5356200458067875	0.5356225090811131	0.5356259877686558	1.5099341475235577e-06
157.0	1400.8173156752534	8.4e-06	0.5356188560903821	0.5356209131361918	0.5356234557069595	1.1158430750895067e-06
157.0	1400.8173156752534	8.8e-06	0.5356182867483765	0.5356194335328506	0.5356211039631473	7.306928783308897e-07
157.0	1400.8173156752534	9.2e-06	0.535617253845099	0.5356179579893537	0.5356188705358074	4.169371265086105e-07
157.0	1400.8173156752534	9.600000000000001e-06	0.535616116513185	0.5356164943227858	0.5356167402625447	1.399720267718663e-07
157.0	1400.8173156752534	9.999999999999999e-06	0.535614504109744	0.5356150458112277	0.5356153451180905	1.847943013842806e-07
157.0	1400.8173156752534	1.04e-05	0.5356123075482477	0.5356136158589093	0.5356147761630368	5.125762845886529e-07
157.0	1400.8173156752534	1.08e-05	0.535610018352199	0.5356121275543674	0.5356136782489527	8.474717743347715e-07
157.0	1400.8173156752534	1.1200000000000001e-05	0.5356075770385402	0.5356106028511065	0.5356126719161534	1.248869175740671e-06
157.0	1400.8173156752534	1.16e-05	0.5356049162268661	0.5356089246400572	0.5356115647489696	1.6848241772259404e-06
157.0	1400.8173156752534	1.2e-05	0.5356019600454882	0.5356070803773403	0.5356103159231953	2.2166794955655653e-06
157.0	1400.8173156752534	1.24e-05	0.5355986265893673	0.5356047460781144	0.5356086302640382	2.769069084954789e-06
157.0	1400.8173156752534	1.28e-05	0.5355948300556763	0.535601994335751	0.5356070673249009	3.4943857693950417e-06
157.0	1400.8173156752534	1.32e-05	0.5355905452883603	0.5355982144035761	0.535604457999983	4.270140235063504e-06
157.0	1400.8173156752534	1.36e-05	0.5355858187952576	0.5355928624293447	0.5356004898239792	5.065992869090881e-06
157.0	1400.8173156752534	1.4e-05	0.5355804084810387	0.5355806376962453	0.5355808771296058	1.1356650167275478e-07
157.0	1400.8173156752534	1.44e-05	0.5355606541406033	0.535568391481464	0.5355759254224797	5.214873064053501e-06
157.0	1400.8173156752534	1.48e-05	0.5355568248574416	0.5355631751258936	0.5355713079437514	4.419229090966052e-06
157.0	1400.8173156752534	1.52e-05	0.535554376602212	0.5355595681949902	0.5355671939746083	3.6539504394318983e-06
157.0	1400.8173156752534	1.56e-05	0.5355529473575036	0.5355570157907554	0.5355636203564167	2.953454582653085e-06
157.0	1400.8173156752534	1.6e-05	0.5355514515593143	0.5355548985758916	0.5355605499742628	2.4310187408856e-06
157.0	1400.8173156752534	1.6400000000000002e-05	0.5355503805971562	0.5355532978519847	0.535557901930475	1.9396613034706125e-06
157.0	1400.8173156752534	1.68e-05	0.5355494533848422	0.535551889378375	0.5355555892595563	1.5461189440852206e-06
157.0	1400.8173156752534	1.7199999999999998e-05	0.5355486462881212	0.535550673030171	0.5355535374889255	1.1858099388319956e-06
157.0	1400.8173156752534	1.76e-05	0.535547796819074	0.5355495188476651	0.5355516828455951	8.964449360580533e-07
157.0	1400.8173156752534	1.8e-05	0.5355473965691493	0.535548456125771	0.5355499716457359	6.153766721604757e-07
157.0	1400.8173156752534	1.84e-05	0.535546695855099	0.5355473995506177	0.5355483582116349	3.8939300461271146e-07
157.0	1400.8173156752534	1.88e-05	0.5355459203185537	0.5355463553216461	0.5355468024166674	1.9040597445511033e-07
157.0	1400.8173156752534	1.9200000000000003e-05	0.5355451285403756	0.535545325772427	0.5355455216336651	7.667559887355663e-08
157.0	1400.8173156752534	1.9600000000000002e-05	0.5355436882745161	0.5355443127006053	0.5355449723218442	2.7330774732293574e-07
157.0	1400.8173156752534	1.9999999999999998e-05	0.5355420866698006	0.5355432664594584	0.5355441749158203	5.016339081059547e-07
157.0	1400.8173156752534	2.04e-05	0.5355403920171797	0.5355422002910498	0.535543460959472	7.753133102770598e-07
157.0	1400.8173156752534	2.08e-05	0.535538558687505	0.5355410383326105	0.5355426640241667	1.0722065553106534e-06
157.0	1400.8173156752534	2.12e-05	0.535536535770377	0.5355397705770406	0.535541800085146	1.433497148665599e-06
157.0	1400.8173156752534	2.16e-05	0.5355342695169583	0.5355381810244095	0.5355406488114776	1.8061971645618264e-06
157.0	1400.8173156752534	2.2e-05	0.5355317042765497	0.5355363166145868	0.5355395853788689	2.2932586036546654e-06
157.0	1400.8173156752534	2.2400000000000002e-05	0.535528819896351	0.5355337726625152	0.5355378228719552	2.8117850783274098e-06
157.0	1400.8173156752534	2.28e-05	0.535525651631322	0.5355301890483403	0.5355351618309339	3.3426957546450963e-06
157.0	1400.8173156752534	2.32e-05	0.535521804228682	0.5355220585130757	0.5355223495373629	1.2683634405750585e-07
157.0	1400.8173156752534	2.36e-05	0.535508685612184	0.5355139031638083	0.5355190559709717	3.499532314615518e-06
157.0	1400.8173156752534	2.4e-05	0.5355061638075886	0.5355104533790835	0.535515997004639	2.9701490419553016e-06
157.0	1400.8173156752534	2.44e-05	0.5355045639199769	0.5355080811805302	0.5355132839066252	2.462505768844987e-06
157.0	1400.8173156752534	2.48e-05	0.5355036371401294	0.5355064153805429	0.5355109396407993	2.0003486125281495e-06
157.0	1400.8173156752534	2.5200000000000003e-05	0.5355026740748832	0.5355050421705396	0.5355089394200867	1.6575692881910157e-06
157.0	1400.8173156752534	2.56e-05	0.5355019934412031	0.535504017072163	0.5355072263165601	1.3375576418197861e-06
157.0	1400.8173156752534	2.6e-05	0.5355014042956423	0.5355031244283797	0.5355057435467456	1.082768820933354e-06
157.0	1400.8173156752534	2.64e-05	0.5355009009436742	0.5355023659925549	0.5355044417539547	8.503956549120883e-07
157.0	1400.8173156752534	2.68e-05	0.5355003785739001	0.5355016531790323	0.5355032790812473	6.661732829950854e-07
157.0	1400.8173156752534	2.72e-05	0.5355001391655074	0.5355010067758125	0.5355022207617282	4.892942764298861e-07
157.0	1400.8173156752534	2.76e-05	0.5354997141159279	0.5355003685622106	0.5355012377688295	3.51245234942941e-07
157.0	1400.8173156752534	2.8e-05	0.5354992487121688	0.5354997431234528	0.5355003052577274	2.3231129149307836e-07
157.0	1400.8173156752534	2.8400000000000003e-05	0.535498785703699	0.535499131853323	0.5354994010619967	1.233597329266285e-07
157.0	1400.8173156752534	2.88e-05	0.5354983296113991	0.5354985349523749	0.5354987766346015	7.584843577799134e-08
157.0	1400.8173156752534	2.92e-05	0.5354974922659776	0.5354979298457094	0.5354983181601485	1.7243409930797047e-07
157.0	1400.8173156752534	2.96e-05	0.5354966159136447	0.5354973212076741	0.5354979058694038	3.135295357862852e-07
157.0	1400.8173156752534	2.9999999999999997e-05	0.5354956299070661	0.5354966743979725	0.5354974542286248	4.701247622021858e-07
157.0	1400.8173156752534	3.04e-05	0.5354945433331171	0.5354959815806559	0.5354969720732061	6.59750969887953e-07
157.0	1400.8173156752534	3.0799999999999996e-05	0.5354933458535118	0.5354951349446397	0.5354963214605046	8.525937302075306e-07
157.0	1400.8173156752534	3.12e-05	0.5354920143242019	0.5354941556974709	0.5354957544337209	1.1013750364020525e-06
157.0	1400.8173156752534	3.16e-05	0.5354905341613145	0.5354928444075794	0.5354948306032021	1.362536703375446e-06
157.0	1400.8173156752534	3.2e-05	0.5354888598032721	0.5354910242644972	0.5354934661029107	1.6279437378344709e-06
157.0	1400.8173156752534	3.2399999999999995e-05	0.5354867258398945	0.5354869769020892	0.5354872655292757	1.2817412597554833e-07
157.0	1400.8173156752534	3.2800000000000004e-05	0.5354802322182364	0.535482903840956	0.5354856319149883	1.7860082907784097e-06
157.0	1400.8173156752534	3.32e-05	0.5354790095428097	0.5354812167409393	0.5354841329283824	1.5219758759325895e-06
157.0	1400.8173156752534	3.36e-05	0.5354782524048014	0.5354800763757812	0.5354828217668635	1.271429502537188e-06
157.0	1400.8173156752534	3.4e-05	0.5354778245200951	0.5354792949010148	0.535481710899183	1.0471215619358218e-06
157.0	1400.8173156752534	3.4399999999999996e-05	0.5354773908659158	0.535478663692175	0.5354807804218948	8.836597453074834e-07
157.0	1400.8173156752534	3.4800000000000006e-05	0.5354770973382186	0.5354782125288939	0.5354800023243724	7.344571754061406e-07
157.0	1400.8173156752534	3.52e-05	0.5354768451299154	0.5354778340415244	0.5354793490850813	6.180556700991619e-07
157.0	1400.8173156752534	3.56e-05	0.535476643486744	0.5354775318308503	0.5354787964434085	5.131684623226593e-07
157.0	1400.8173156752534	3.6e-05	0.5354764456164887	0.535477258645744	0.535478324415835	4.335601249252998e-07
157.0	1400.8173156752534	3.64e-05	0.5354763661241853	0.5354770267201742	0.5354779170815736	3.5995437304259414e-07
157.0	1400.8173156752534	3.68e-05	0.5354762152243548	0.5354768049382931	0.5354775619577357	3.081931170086406e-07
157.0	1400.8173156752534	3.72e-05	0.5354760591234777	0.5354765962523093	0.535477249323522	2.681290022093904e-07
157.0	1400.8173156752534	3.76e-05	0.5354759145337065	0.5354764011096751	0.5354769716217369	2.3455789064348646e-07
157.0	1400.8173156752534	3.7999999999999995e-05	0.5354757910885262	0.5354762181294909	0.5354767229662176	2.0599392154701575e-07
157.0	1400.8173156752534	3.8400000000000005e-05	0.5354756921439208	0.5354760514709973	0.5354764987477285	1.8163744789825174e-07
157.0	1400.8173156752534	3.88e-05	0.5354755890400442	0.5354758973392563	0.5354762953215948	1.592244227695824e-07
157.0	1400.8173156752534	3.9200000000000004e-05	0.5354755150010329	0.535475761734814	0.5354761097596619	1.371639472363957e-07
157.0	1400.8173156752534	3.96e-05	0.535475423430257	0.5354756388994611	0.5354759396483448	1.1595776066881494e-07
157.0	1400.8173156752534	3.9999999999999996e-05	0.5354753358733708	0.5354755275966924	0.5354757829102894	9.90035767985098e-08
157.0	1400.8173156752534	4.0400000000000006e-05	0.5354752576609298	0.5354754232202702	0.5354756376285099	8.36626233330345e-08
157.0	1400.8173156752534	4.08e-05	0.5354751903038704	0.5354753272424367	0.5354755019336928	7.150546069511067e-08
157.0	1400.8173156752534	4.12e-05	0.5354751293928137	0.5354752396432938	0.5354753746313499	6.170754362356234e-08
157.0	1400.8173156752534	4.16e-05	0.5354750590345949	0.5354751620035371	0.5354752652245471	5.5811447661576794e-08
157.0	1400.8173156752534	4.2e-05	0.5354750163957922	0.5354751205765856	0.535475211368313	5.1062521345941955e-08
158.0	1403.5921336471945	0.0	0.537459127051866	0.5374622299497249	0.5374637814667427	1.0240638828270194e-06
158.0	1403.5921336471945	4e-07	0.5374571469622254	0.5374603324805761	0.5374619745578633	1.0614345266987082e-06
158.0	1403.5921336471945	8e-07	0.5374549680315175	0.5374584550348869	0.5374604769498017	1.1828309487339034e-06
158.0	1403.5921336471945	1.2000000000000002e-06	0.5374525769172624	0.5374566015613124	0.5374596382377526	1.4186174492293282e-06
158.0	1403.5921336471945	1.6e-06	0.5374499407901157	0.5374546483390382	0.5374580479773474	1.7070009836762904e-06
158.0	1403.5921336471945	2e-06	0.5374470095013617	0.5374526464044682	0.5374566140806714	2.1193125787589956e-06
158.0	1403.5921336471945	2.4000000000000003e-06	0.537443715356277	0.5374504266316238	0.5374550009305556	2.609772755526216e-06
158.0	1403.5921336471945	2.8000000000000003e-06	0.5374399740677216	0.5374479785397853	0.5374533045549033	3.241177643046134e-06
158.0	1403.5921336471945	3.2e-06	0.5374356807733198	0.5374448657553861	0.5374509791936477	3.919716910167729e-06
158.0	1403.5921336471945	3.6e-06	0.5374307474569937	0.5374411998719089	0.5374488684305012	4.8417924118173526e-06
158.0	1403.5921336471945	4e-06	0.5374251388549842	0.5374361531705831	0.5374453397963928	5.838160110421795e-06
158.0	1403.5921336471945	4.4e-06	0.5374189208021534	0.5374290028413244	0.5374399818203948	6.864450232948301e-06
158.0	1403.5921336471945	4.800000000000001e-06	0.5374119293360335	0.5374126441579126	0.5374133035629187	3.3867110492310734e-07
158.0	1403.5921336471945	5.2e-06	0.5373863114156574	0.5373963114519462	0.5374058958673897	6.915083741953372e-06
158.0	1403.5921336471945	5.600000000000001e-06	0.5373811358406755	0.5373893306707449	0.5373997177917431	5.8521558206172735e-06
158.0	1403.5921336471945	6e-06	0.5373778108570653	0.5373844898942628	0.5373942429814749	4.8302975292294095e-06
158.0	1403.5921336471945	6.4e-06	0.5373758603664287	0.5373810509177789	0.5373894738584983	3.892718649339295e-06
158.0	1403.5921336471945	6.8e-06	0.5373738166070323	0.5373781896209477	0.5373853586103667	3.191990814829333e-06
158.0	1403.5921336471945	7.2e-06	0.5373723376898347	0.5373760133607867	0.53738179971009	2.5293719018976376e-06
158.0	1403.5921336471945	7.6e-06	0.537371016217838	0.5373740886598747	0.5373786774355951	1.998061351781443e-06
158.0	1403.5921336471945	8e-06	0.537369950666192	0.5373724140444585	0.5373758928450432	1.5099444316761145e-06
158.0	1403.5921336471945	8.4e-06	0.5373687609521829	0.537370818087911	0.5373733607656623	1.1158506760694044e-06
158.0	1403.5921336471945	8.8e-06	0.5373681916858226	0.5373693384733694	0.5373710090050352	7.306979988789137e-07
158.0	1403.5921336471945	9.2e-06	0.5373671588955897	0.5373678629187241	0.5373687755614265	4.1693780691492333e-07
158.0	1403.5921336471945	9.600000000000001e-06	0.537366021555159	0.5373663992410612	0.537366645053746	1.3995738856514217e-07
158.0	1403.5921336471945	9.999999999999999e-06	0.537364409103942	0.5373649507184909	0.5373652499574018	1.847777148768609e-07
158.0	1403.5921336471945	1.04e-05	0.5373622125254789	0.5373635207553282	0.5373646809933756	5.125729777967051e-07
158.0	1403.5921336471945	1.08e-05	0.5373599233113193	0.5373620324390485	0.537363583059296	8.474734603465955e-07
158.0	1403.5921336471945	1.1200000000000001e-05	0.5373574819777467	0.5373605077242168	0.5373625767109544	1.2488770131376665e-06
158.0	1403.5921336471945	1.16e-05	0.5373548211435581	0.5373588294997369	0.5373614695460613	1.6848376758238688e-06
158.0	1403.5921336471945	1.2e-05	0.5373518649361175	0.5373569852216895	0.5373602206963035	2.2167003776066364e-06
158.0	1403.5921336471945	1.24e-05	0.5373485314488189	0.5373546509006126	0.5373585350204806	2.7690956824453137e-06
158.0	1403.5921336471945	1.28e-05	0.5373447348787366	0.537351899132345	0.5373569720585003	3.4944210283857612e-06
158.0	1403.5921336471945	1.32e-05	0.537340450068605	0.5373481191641652	0.5373543627032573	4.270186603513922e-06
158.0	1403.5921336471945	1.36e-05	0.5373357235264136	0.5373427671377061	0.5373503944842923	5.066054672720095e-06
158.0	1403.5921336471945	1.4e-05	0.5373303130525864	0.5373305422682567	0.53733078180794	1.1357748863050572e-07
158.0	1403.5921336471945	1.44e-05	0.5373105583576514	0.5373182959191702	0.5373258300456625	5.2149257801074145e-06
158.0	1403.5921336471945	1.48e-05	0.5373067290309255	0.5373130794991441	0.537321212513751	4.419279806167663e-06
158.0	1403.5921336471945	1.52e-05	0.5373042807500683	0.5373094725228391	0.5373170984956159	3.6539954244981337e-06
158.0	1403.5921336471945	1.56e-05	0.5373028514951459	0.5373069200862348	0.5373135248334124	2.9534926896196396e-06
158.0	1403.5921336471945	1.6e-05	0.5373013556788502	0.5373048028444369	0.537310454412002	2.4310509172050777e-06
158.0	1403.5921336471945	1.6400000000000002e-05	0.5373002847152524	0.5373032020983466	0.5373078063335255	1.9396896578626695e-06
158.0	1403.5921336471945	1.68e-05	0.537299357478978	0.5373017936047015	0.5373054936314476	1.5461439738612752e-06
158.0	1403.5921336471945	1.7199999999999998e-05	0.5372985503782051	0.5373005772386263	0.5373034418325018	1.1858326080612304e-06
158.0	1403.5921336471945	1.76e-05	0.5372977009082591	0.5372994230396246	0.5373015871630784	8.964649986838907e-07
158.0	1403.5921336471945	1.8e-05	0.5372973006462543	0.5372983603021427	0.5372998759387873	6.153957983465798e-07
158.0	1403.5921336471945	1.84e-05	0.5372965999219144	0.5372973037115196	0.5372982624813911	3.894123352504334e-07
158.0	1403.5921336471945	1.88e-05	0.5372958243633237	0.537296259467248	0.5372967066637528	1.9043051058763915e-07
158.0	1403.5921336471945	1.9200000000000003e-05	0.5372950325340025	0.537295229902941	0.537295425828896	7.671661639893537e-08
158.0	1403.5921336471945	1.9600000000000002e-05	0.5372935924747608	0.5372942168163105	0.5372948765871906	2.7332110305168255e-07
158.0	1403.5921336471945	1.9999999999999998e-05	0.5372919908456941	0.5372931705594404	0.5372940791702243	5.016456292692044e-07
158.0	1403.5921336471945	2.04e-05	0.5372902961667352	0.5372921043755104	0.5372933650209344	7.753290559807506e-07
158.0	1403.5921336471945	2.08e-05	0.5372884628077781	0.537290942399539	0.5372925680302529	1.0722276104013817e-06
158.0	1403.5921336471945	2.12e-05	0.5372864398573061	0.5372896746241579	0.5372917040643559	1.4335258676756814e-06
158.0	1403.5921336471945	2.16e-05	0.537284173565248	0.5372880850441234	0.5372905527698304	1.8062322148758926e-06
158.0	1403.5921336471945	2.2e-05	0.5372816082807317	0.5372862206019505	0.5372894893109734	2.2933034135199877e-06
158.0	1403.5921336471945	2.2400000000000002e-05	0.5372787238479697	0.5372836766051843	0.5372877267676461	2.811842271126656e-06
158.0	1403.5921336471945	2.28e-05	0.5372755555233963	0.5372800929267322	0.5372850656745758	3.34276975512103e-06
158.0	1403.5921336471945	2.32e-05	0.5372717078070641	0.5372719622288837	0.5372722533646339	1.268814548501565e-07
158.0	1403.5921336471945	2.36e-05	0.5372585889305119	0.5372638067202636	0.5372689597328844	3.4995972689350564e-06
158.0	1403.5921336471945	2.4e-05	0.5372560670755391	0.5372603568611415	0.5372659007041936	2.970210411889218e-06
158.0	1403.5921336471945	2.44e-05	0.5372544671581361	0.5372579846106099	0.5372631875493488	2.462560014595368e-06
158.0	1403.5921336471945	2.48e-05	0.5372535403653487	0.5372563187738459	0.5372608432330255	2.000394891264808e-06
158.0	1403.5921336471945	2.5200000000000003e-05	0.5372525772801273	0.5372549455334358	0.5372588429688863	1.6576089034101863e-06
158.0	1403.5921336471945	2.56e-05	0.5372518966431441	0.5372539204105293	0.5372571298264583	1.3375928656156743e-06
158.0	1403.5921336471945	2.6e-05	0.5372513074733627	0.5372530277447652	0.5372556470221515	1.0828005197769741e-06
158.0	1403.5921336471945	2.64e-05	0.5372508041162671	0.5372522692898157	0.5372543451984448	8.504247977021515e-07
158.0	1403.5921336471945	2.68e-05	0.5372502817447016	0.5372515564588499	0.5372531824976603	6.661997983699939e-07
158.0	1403.5921336471945	2.72e-05	0.5372500423239241	0.5372509100394505	0.5372521241522579	4.893199331079756e-07
158.0	1403.5921336471945	2.76e-05	0.5372496172636065	0.537250271809916	0.5372511411350853	3.512710280910391e-07
158.0	1403.5921336471945	2.8e-05	0.5372491518376874	0.5372496463555785	0.5372502086007689	2.3233954346134283e-07
158.0	1403.5921336471945	2.8400000000000003e-05	0.5372486888167609	0.5372490350702658	0.5372493043823283	1.2339920197032875e-07
158.0	1403.5921336471945	2.88e-05	0.5372482326716428	0.5372484381545443	0.5372486799849492	7.590400999510744e-08
158.0	1403.5921336471945	2.92e-05	0.5372473953014696	0.5372478330324906	0.5372482215003895	1.7246056367998752e-07
158.0	1403.5921336471945	2.96e-05	0.5372465189219726	0.5372472243795354	0.5372478091981927	3.135511755394476e-07
158.0	1403.5921336471945	2.9999999999999997e-05	0.5372455331256347	0.5372465775534723	0.5372473575481287	4.701484732245767e-07
158.0	1403.5921336471945	3.04e-05	0.5372444465206749	0.5372458847177475	0.5372468753817721	6.597802643719065e-07
158.0	1403.5921336471945	3.0799999999999996e-05	0.5372432490055195	0.5372450380564588	0.537246224754897	8.526278714486922e-07
158.0	1403.5921336471945	3.12e-05	0.5372419174350718	0.5372440587796892	0.5372456577136102	1.1014174398097533e-06
158.0	1403.5921336471945	3.16e-05	0.5372404372274469	0.537242747449262	0.5372447338594499	1.362590022108736e-06
158.0	1403.5921336471945	3.2e-05	0.5372387625454786	0.5372409272483016	0.5372433693209375	1.628012450012644e-06
158.0	1403.5921336471945	3.2399999999999995e-05	0.5372366285388441	0.5372368797401568	0.5372371684822159	1.282247994817979e-07
158.0	1403.5921336471945	3.2800000000000004e-05	0.5372301346903319	0.5372328065380528	0.5372355348100397	1.786067994781878e-06
158.0	1403.5921336471945	3.32e-05	0.537228911971618	0.5372311193725864	0.5372340357686305	1.5220334513828766e-06
158.0	1403.5921336471945	3.36e-05	0.5372281548085986	0.5372299789621126	0.5372327245576072	1.2714816161892892e-06
158.0	1403.5921336471945	3.4e-05	0.5372277269132217	0.5372291974557398	0.5372316136493458	1.047167528385727e-06
158.0	1403.5921336471945	3.4399999999999996e-05	0.5372272932431121	0.5372285662211097	0.5372306831346005	8.837006215281509e-07
158.0	1403.5921336471945	3.4800000000000006e-05	0.5372269997140187	0.5372281150374141	0.5372299050047165	7.344952127709863e-07
158.0	1403.5921336471945	3.52e-05	0.5372267474856791	0.5372277365320124	0.537229251737422	6.180918086478081e-07
158.0	1403.5921336471945	3.56e-05	0.5372265458395198	0.5372274343065192	0.5372286990714343	5.132033561907164e-07
158.0	1403.5921336471945	3.6e-05	0.5372263479700292	0.5372271611085481	0.5372282270226698	4.3359350328407294e-07
158.0	1403.5921336471945	3.64e-05	0.5372262684670535	0.5372269291716997	0.537227819669881	3.599875236369036e-07
158.0	1403.5921336471945	3.68e-05	0.5372261175594053	0.5372267073790691	0.5372274645298054	3.0822626157924935e-07
158.0	1403.5921336471945	3.72e-05	0.5372259614408348	0.537226498683061	0.5372271518813392	2.681622544479153e-07
158.0	1403.5921336471945	3.76e-05	0.5372258168434305	0.5372263035311828	0.5372268741670254	2.3459138476589942e-07
158.0	1403.5921336471945	3.7999999999999995e-05	0.5372256933911448	0.5372261205424466	0.5372266255004821	2.0602793800064365e-07
158.0	1403.5921336471945	3.8400000000000005e-05	0.5372255944431403	0.5372259538759168	0.537226401272278	1.8167304199418595e-07
158.0	1403.5921336471945	3.88e-05	0.5372254913314904	0.5372257997375245	0.5372261978375619	1.5926140079942642e-07
158.0	1403.5921336471945	3.9200000000000004e-05	0.5372254172814612	0.5372256641274066	0.5372260122680279	1.37203935664069e-07
158.0	1403.5921336471945	3.96e-05	0.5372253257004624	0.537225541286365	0.5372258421499634	1.1600307300246743e-07
158.0	1403.5921336471945	3.9999999999999996e-05	0.5372252381447487	0.5372254299766498	0.5372256854059163	9.905667464080237e-08
158.0	1403.5921336471945	4.0400000000000006e-05	0.537225159922941	0.5372253255940235	0.5372255401188522	8.372522096870611e-08
158.0	1403.5921336471945	4.08e-05	0.5372250925486126	0.5372252296111547	0.5372254044194875	7.157821399551184e-08
158.0	1403.5921336471945	4.12e-05	0.5372250316068321	0.5372251420092166	0.537225277113663	6.179079788786115e-08
158.0	1403.5921336471945	4.16e-05	0.5372249612708391	0.5372250643703881	0.5372251677074429	5.590005860587778e-08
158.0	1403.5921336471945	4.2e-05	0.5372249186293407	0.5372250229868919	0.5372251138604973	5.114426777011392e-08
159.0	1406.3669516191355	0.0	0.5392112103491637	0.5392143131866082	0.5392158646312586	1.0240330936149285e-06
159.0	1406.3669516191355	4e-07	0.5392092302591465	0.5392124157171149	0.539214057749092	1.0614050945619741e-06
159.0	1406.3669516191355	8e-07	0.5392070513270371	0.5392105382705754	0.539212560139573	1.1828055685139461e-06
159.0	1406.3669516191355	1.2000000000000002e-06	0.5392046602102738	0.5392086847958398	0.5392117214335403	1.4185987091303149e-06
159.0	1406.3669516191355	1.6e-06	0.5392020240793185	0.5392067315711065	0.5392101311597237	1.706987188245197e-06
159.0	1406.3669516191355	2e-06	0.5391990927851653	0.5392047296340332	0.5392086972525121	2.119305210719923e-06
159.0	1406.3669516191355	2.4000000000000003e-06	0.5391957986326865	0.5392025098568984	0.5392070841085967	2.609770740879998e-06
159.0	1406.3669516191355	2.8000000000000003e-06	0.5391920573342395	0.5392000617591616	0.5392053877155583	3.241181918346677e-06
159.0	1406.3669516191355	3.2e-06	0.5391877640236453	0.5391969489641498	0.5392030623449111	3.919725294004099e-06
159.0	1406.3669516191355	3.6e-06	0.5391828306906463	0.5391932830678341	0.5392009515660847	4.841807054045214e-06
159.0	1406.3669516191355	4e-06	0.5391772220678144	0.5391882363480655	0.5391974229131922	5.838182777550243e-06
159.0	1406.3669516191355	4.4e-06	0.539171003990023	0.5391810859913981	0.5391920649113384	6.864484784835866e-06
159.0	1406.3669516191355	4.800000000000001e-06	0.5391640125210495	0.5391647272288851	0.5391653864897155	3.385880351555149e-07
159.0	1406.3669516191355	5.2e-06	0.5391383943766126	0.5391483944479751	0.539157978758448	6.915107087858059e-06
159.0	1406.3669516191355	5.600000000000001e-06	0.5391332186390851	0.5391414136278624	0.539151800894885	5.852180903031322e-06
159.0	1406.3669516191355	6e-06	0.5391298936408484	0.5391365728236713	0.5391463260566383	4.830320431934999e-06
159.0	1406.3669516191355	6.4e-06	0.5391279431463785	0.5391331338273184	0.5391415569079401	3.892737793240517e-06
159.0	1406.3669516191355	6.8e-06	0.5391258993756178	0.5391302725139089	0.539137441634364	3.192006341750809e-06
159.0	1406.3669516191355	7.2e-06	0.5391244204614765	0.5391280962393876	0.5391338827130605	2.5293855109888555e-06
159.0	1406.3669516191355	7.6e-06	0.5391230990225866	0.5391261715252943	0.5391307604193241	1.998073039564939e-06
159.0	1406.3669516191355	8e-06	0.5391220334179385	0.5391244968978974	0.5391279758109944	1.5099545636711802e-06
159.0	1406.3669516191355	8.4e-06	0.53912084370653	0.5391229009304286	0.5391254437149966	1.1158582781996072e-06
159.0	1406.3669516191355	8.8e-06	0.539120274515378	0.5391214213054126	0.5391230919386141	7.30703272666885e-07
159.0	1406.3669516191355	9.2e-06	0.5391192418378141	0.5391199457403694	0.5391208584798193	4.169387980307019e-07
159.0	1406.3669516191355	9.600000000000001e-06	0.5391181044897317	0.5391184820523915	0.5391187277399663	1.399432624953252e-07
159.0	1406.3669516191355	9.999999999999999e-06	0.5391164919927824	0.5391170335196162	0.539117332690223	1.8476072552894307e-07
159.0	1406.3669516191355	1.04e-05	0.5391142953986261	0.5391156035464315	0.5391167637186101	5.125689516979529e-07
159.0	1406.3669516191355	1.08e-05	0.5391120061677555	0.5391141152193437	0.5391156657655625	8.474742018483839e-07
159.0	1406.3669516191355	1.1200000000000001e-05	0.5391095648158393	0.5391125904939623	0.5391146594025074	1.2488836520177074e-06
159.0	1406.3669516191355	1.16e-05	0.5391069039609295	0.5391109122572987	0.5391135522401607	1.6848497927799864e-06
159.0	1406.3669516191355	1.2e-05	0.539103947729501	0.5391090679652638	0.5391123033677294	2.2167195331286896e-06
159.0	1406.3669516191355	1.24e-05	0.5391006142139059	0.5391067336240692	0.5391106176763758	2.769120194456582e-06
159.0	1406.3669516191355	1.28e-05	0.5390968176102495	0.5391039818319382	0.5391090546929478	3.4944536895709733e-06
159.0	1406.3669516191355	1.32e-05	0.5390925327605789	0.539100201830552	0.5391064453093923	4.270229750711746e-06
159.0	1406.3669516191355	1.36e-05	0.5390878061730229	0.5390948497558848	0.539102477050351	5.066112543605142e-06
159.0	1406.3669516191355	1.4e-05	0.5390823955436215	0.5390826247598985	0.5390828644055485	1.1358858685883266e-07
159.0	1406.3669516191355	1.44e-05	0.5390626405139871	0.5390703782872212	0.5390779125923553	5.214973801551715e-06
159.0	1406.3669516191355	1.48e-05	0.53905881114739	0.5390651618075906	0.5390732950113302	4.4193264349032846e-06
159.0	1406.3669516191355	1.52e-05	0.5390563628431684	0.539061554789291	0.5390691809479282	3.6540369778610546e-06
159.0	1406.3669516191355	1.56e-05	0.5390549335791661	0.5390590023227335	0.539065607245031	2.9535280337045706e-06
159.0	1406.3669516191355	1.6e-05	0.5390534377463458	0.5390568850560112	0.5390625367872106	2.4310808557083195e-06
159.0	1406.3669516191355	1.6400000000000002e-05	0.5390523667819691	0.5390552842892897	0.539059888676622	1.939716268686247e-06
159.0	1406.3669516191355	1.68e-05	0.5390514395232406	0.5390538757769523	0.5390575759457041	1.5461677476597863e-06
159.0	1406.3669516191355	1.7199999999999998e-05	0.5390506324191362	0.539052659394276	0.5390555241205703	1.1858543804289572e-06
159.0	1406.3669516191355	1.76e-05	0.539049782948914	0.5390515051800506	0.5390536694270409	8.964844403869202e-07
159.0	1406.3669516191355	1.8e-05	0.5390493826752092	0.5390504424282199	0.5390519581802176	6.15414559626106e-07
159.0	1406.3669516191355	1.84e-05	0.5390486819413978	0.5390493858233839	0.5390503447013852	3.894315035644218e-07
159.0	1406.3669516191355	1.88e-05	0.5390479063620397	0.5390483415650892	0.5390487888629307	1.9045498962058214e-07
159.0	1406.3669516191355	1.9200000000000003e-05	0.5390471144835915	0.5390473119869869	0.5390475079764068	7.675690586767492e-08
159.0	1406.3669516191355	1.9600000000000002e-05	0.5390456746309331	0.5390462988868431	0.5390469588057796	2.7333361470492904e-07
159.0	1406.3669516191355	1.9999999999999998e-05	0.5390440729795944	0.5390452526156508	0.5390461613792183	5.016562678396074e-07
159.0	1406.3669516191355	2.04e-05	0.539042378276565	0.5390441864176858	0.5390454470382045	7.75343392244673e-07
159.0	1406.3669516191355	2.08e-05	0.5390405448908453	0.5390430244259106	0.53904464999464	1.0722469742895184e-06
159.0	1406.3669516191355	2.12e-05	0.5390385219098777	0.5390417566325718	0.5390437860035249	1.4335524239205004e-06
159.0	1406.3669516191355	2.16e-05	0.5390362555824479	0.5390401670274787	0.5390426346897481	1.8062646138792982e-06
159.0	1406.3669516191355	2.2e-05	0.5390336902577042	0.5390383025556964	0.5390415712064511	2.2933448934926558e-06
159.0	1406.3669516191355	2.2400000000000002e-05	0.5390308057766919	0.5390357585179577	0.5390398086293784	2.8118953391426038e-06
159.0	1406.3669516191355	2.28e-05	0.5390276373974086	0.5390321747805121	0.5390371474881128	3.342838750196426e-06
159.0	1406.3669516191355	2.32e-05	0.5390237893756478	0.5390240439326205	0.5390243351790538	1.2692608031231985e-07
159.0	1406.3669516191355	2.36e-05	0.5390106702611099	0.5390158882780838	0.5390210414872643	3.4996562809852183e-06
159.0	1406.3669516191355	2.4e-05	0.5390081483602227	0.5390124383505065	0.5390179824012611	2.970266626108874e-06
159.0	1406.3669516191355	2.44e-05	0.5390065484157622	0.5390100660521272	0.5390152691941461	2.462609921346797e-06
159.0	1406.3669516191355	2.48e-05	0.5390056216114303	0.5390084001814855	0.5390129248313391	2.00043763725937e-06
159.0	1406.3669516191355	2.5200000000000003e-05	0.539004658508067	0.5390070269130602	0.5390109245269992	1.6576456049905522e-06
159.0	1406.3669516191355	2.56e-05	0.5390039778686209	0.539006001767432	0.5390092113487048	1.3376257508195856e-06
159.0	1406.3669516191355	2.6e-05	0.5390033886762291	0.5390051090812322	0.5390077285125869	1.0828304206983857e-06
159.0	1406.3669516191355	2.64e-05	0.5390028853148214	0.539004350608566	0.5390064266603689	8.504525492934571e-07
159.0	1406.3669516191355	2.68e-05	0.5390023629421758	0.5390036377615344	0.5390052639337055	6.662252314989333e-07
159.0	1406.3669516191355	2.72e-05	0.5390021235094089	0.5390029913272576	0.539004205564467	4.89344790902022e-07
159.0	1406.3669516191355	2.76e-05	0.5390016984392023	0.5390023530830979	0.5390032225249701	3.5129623627229206e-07
159.0	1406.3669516191355	2.8e-05	0.5390012329924287	0.5390017276144918	0.5390022899693347	2.3236735677794537e-07
159.0	1406.3669516191355	2.8400000000000003e-05	0.5390007699601318	0.5390011163153069	0.5390013857300682	1.2343821823201674e-07
159.0	1406.3669516191355	2.88e-05	0.5390003137637551	0.53900051938611	0.539000761363555	7.595867876258433e-08
159.0	1406.3669516191355	2.92e-05	0.5389994763706989	0.5389999142500321	0.5390003028701837	1.7248618481828166e-07
159.0	1406.3669516191355	2.96e-05	0.5389985999660416	0.5389993055835743	0.5389998905576077	3.135717912104078e-07
159.0	1406.3669516191355	2.9999999999999997e-05	0.5389976143799595	0.5389986587427442	0.5389994388988395	4.701709690592899e-07
159.0	1406.3669516191355	3.04e-05	0.5389965277464803	0.5389979658902798	0.5389989567229954	6.598079612996087e-07
159.0	1406.3669516191355	3.0799999999999996e-05	0.5389953301985733	0.5389971192057617	0.5389983060832932	8.526600219562345e-07
159.0	1406.3669516191355	3.12e-05	0.5389939985901657	0.5389961399017349	0.5389977390290195	1.101457307495877e-06
159.0	1406.3669516191355	3.16e-05	0.5389925183413462	0.5389948285338741	0.5389968151533582	1.3626401645991916e-06
159.0	1406.3669516191355	3.2e-05	0.5389908433423658	0.538993008279359	0.5389954505795895	1.6280772753954822e-06
159.0	1406.3669516191355	3.2399999999999995e-05	0.5389887092976862	0.5389889606355351	0.5389892494912187	1.2827475048961318e-07
159.0	1406.3669516191355	3.2800000000000004e-05	0.5389822152401189	0.538984887303383	0.5389876157654188	1.7861227019808335e-06
159.0	1406.3669516191355	3.32e-05	0.5389809924816653	0.5389832000772181	0.5389861166732084	1.5220866545579754e-06
159.0	1406.3669516191355	3.36e-05	0.5389802352957451	0.5389820596246793	0.5389848054162591	1.2715300035854022e-06
159.0	1406.3669516191355	3.4e-05	0.5389798073907031	0.5389812780889244	0.5389836944703026	1.047210401636505e-06
159.0	1406.3669516191355	3.4399999999999996e-05	0.5389793737060549	0.5389806468303012	0.5389827639207363	8.837388816506961e-07
159.0	1406.3669516191355	3.4800000000000006e-05	0.5389790801760785	0.5389801956274919	0.538981985760743	7.34531064560897e-07
159.0	1406.3669516191355	3.52e-05	0.5389788279289469	0.5389798171051171	0.5389813324673787	6.181261699458956e-07
159.0	1406.3669516191355	3.56e-05	0.538978626280298	0.5389795148657306	0.5389807797787505	5.132367599535336e-07
159.0	1406.3669516191355	3.6e-05	0.5389784284119372	0.5389792416557776	0.5389803077102631	4.3362559652243723e-07
159.0	1406.3669516191355	3.64e-05	0.5389783488984801	0.5389790097084453	0.5389799003402489	3.600195712155867e-07
159.0	1406.3669516191355	3.68e-05	0.5389781979835284	0.5389787879058457	0.5389795451851072	3.0825843036557477e-07
159.0	1406.3669516191355	3.72e-05	0.5389780418481189	0.5389785792005783	0.5389792325234524	2.681946187690398e-07
159.0	1406.3669516191355	3.76e-05	0.5389778972437336	0.5389783840402017	0.5389789547975914	2.3462405411564197e-07
159.0	1406.3669516191355	3.7999999999999995e-05	0.5389777737849784	0.5389782010436315	0.5389787061209343	2.0606119102257924e-07
159.0	1406.3669516191355	3.8400000000000005e-05	0.5389776748341673	0.5389780343697681	0.5389784818838628	1.8170791370493267e-07
159.0	1406.3669516191355	3.88e-05	0.5389775717151375	0.5389778802254208	0.5389782784413653	1.5929768752327496e-07
159.0	1406.3669516191355	3.9200000000000004e-05	0.5389774976544395	0.5389777446103426	0.5389780928649861	1.372431985404329e-07
159.0	1406.3669516191355	3.96e-05	0.5389774060635819	0.5389776217642519	0.5389779227408917	1.1604763845278212e-07
159.0	1406.3669516191355	3.9999999999999996e-05	0.5389773185099918	0.5389775104482151	0.5389777659915369	9.910897265188063e-08
159.0	1406.3669516191355	4.0400000000000006e-05	0.5389772402793502	0.5389774060599803	0.5389776206998347	8.378696221416356e-08
159.0	1406.3669516191355	4.08e-05	0.5389771728879422	0.538977310072629	0.5389774849965407	7.165004424329911e-08
159.0	1406.3669516191355	4.12e-05	0.538977111915802	0.5389772224684002	0.5389773576878278	6.187306675370145e-08
159.0	1406.3669516191355	4.16e-05	0.5389770416028119	0.5389771448309562	0.5389772482828201	5.598766309788608e-08
159.0	1406.3669516191355	4.2e-05	0.5389769989588586	0.5389771034910633	0.5389771944455051	5.12250977673704e-08
160.0	1409.1417695910766	0.0	0.5409655217670295	0.5409686245438861	0.5409701759162182	1.0240021662284256e-06
160.0	1409.1417695910766	4e-07	0.5409635416766623	0.5409667270740686	0.5409683690609022	1.0613755034689855e-06
160.0	1409.1417695910766	8e-07	0.5409613627432517	0.5409648496267386	0.5409668714500562	1.1827799703582732e-06
160.0	1409.1417695910766	1.2000000000000002e-06	0.5409589716241516	0.5409629961509291	0.5409660327501982	1.4185796548419583e-06
160.0	1409.1417695910766	1.6e-06	0.5409563354896418	0.540961042923907	0.5409644424634292	1.7069730062086609e-06
160.0	1409.1417695910766	2e-06	0.5409534041904296	0.5409590409845759	0.5409630085459947	2.1192973841278626e-06
160.0	1409.1417695910766	2.4000000000000003e-06	0.5409501100310043	0.5409568212035439	0.5409613954080488	2.6097682783979068e-06
160.0	1409.1417695910766	2.8000000000000003e-06	0.5409463687232394	0.5409543731003175	0.5409596989982619	3.2411856634571705e-06
160.0	1409.1417695910766	3.2e-06	0.5409420753985819	0.540951260295241	0.5409573736185349	3.919733066028357e-06
160.0	1409.1417695910766	3.6e-06	0.5409371420497386	0.5409475943867252	0.5409552628246024	4.841820941329968e-06
160.0	1409.1417695910766	4e-06	0.5409315334071056	0.5409425476493815	0.5409517341536061	5.8382044746585785e-06
160.0	1409.1417695910766	4.4e-06	0.5409253153055804	0.5409353972665772	0.5409463761267741	6.8645180880590234e-06
160.0	1409.1417695910766	4.800000000000001e-06	0.5409183238342194	0.5409190384283971	0.5409196975467374	3.3850576715656126e-07
160.0	1409.1417695910766	5.2e-06	0.5408927054735129	0.5409027055767602	0.5409122897815397	6.915128546922584e-06
160.0	1409.1417695910766	5.600000000000001e-06	0.5408875295762892	0.5408957247197882	0.540906112129508	5.8522043083417825e-06
160.0	1409.1417695910766	6e-06	0.5408842045643905	0.5408908838893582	0.540900637264853	4.830341916029726e-06
160.0	1409.1417695910766	6.4e-06	0.5408822540664913	0.5408874448741874	0.5408958680918756	3.892755817740379e-06
160.0	1409.1417695910766	6.8e-06	0.5408802102851196	0.5408845835450798	0.540891752794538	3.1920209972982877e-06
160.0	1409.1417695910766	7.2e-06	0.5408787313741836	0.5408824072568967	0.5408881938533607	2.529398488590136e-06
160.0	1409.1417695910766	7.6e-06	0.5408774099676465	0.5408804825302217	0.5408850715414584	1.998084372656049e-06
160.0	1409.1417695910766	8e-06	0.5408763443119637	0.5408788078914664	0.5408822869163776	1.50996452296394e-06
160.0	1409.1417695910766	8.4e-06	0.5408751546033654	0.5408772119137291	0.5408797548047604	1.1158658512280978e-06
160.0	1409.1417695910766	8.8e-06	0.5408745854869492	0.5408757322789063	0.5408774030136154	7.307086631520013e-07
160.0	1409.1417695910766	9.2e-06	0.5408735529216973	0.5408742567041558	0.5408751695406417	4.169400564632701e-07
160.0	1409.1417695910766	9.600000000000001e-06	0.5408724155667244	0.5408727930065812	0.5408730385708953	1.399296027988146e-07
160.0	1409.1417695910766	9.999999999999999e-06	0.5408708030258946	0.5408713444643442	0.5408716435664145	1.847434007166679e-07
160.0	1409.1417695910766	1.04e-05	0.540868606417221	0.5408699144818953	0.5408710745884528	5.125642970716192e-07
160.0	1409.1417695910766	1.08e-05	0.5408663171709316	0.540868426144851	0.5408699766173628	8.474741064951719e-07
160.0	1409.1417695910766	1.1200000000000001e-05	0.5408638758021196	0.5408669014098502	0.5408689702403384	1.2488892176583451e-06
160.0	1409.1417695910766	1.16e-05	0.5408612149281344	0.5408652231621349	0.5408678630808188	1.684860661013087e-06
160.0	1409.1417695910766	1.2e-05	0.5408582586746187	0.5408633788573358	0.5408666141868759	2.2167371208546603e-06
160.0	1409.1417695910766	1.24e-05	0.5408549251332779	0.540861044497604	0.5408649284810325	2.7691428054688082e-06
160.0	1409.1417695910766	1.28e-05	0.5408511284986348	0.5408582926834737	0.5408633654774153	3.4944839787486304e-06
160.0	1409.1417695910766	1.32e-05	0.5408468436124281	0.5408545126514454	0.5408607560673788	4.270269957807375e-06
160.0	1409.1417695910766	1.36e-05	0.5408421169829225	0.5408491605322582	0.5408567877709132	5.066166834778004e-06
160.0	1409.1417695910766	1.4e-05	0.5408367062017128	0.5408369354187111	0.5408371751700205	1.1359975857725843e-07
160.0	1409.1417695910766	1.44e-05	0.5408169508553726	0.5408246888322061	0.5408322233097875	5.215017529269932e-06
160.0	1409.1417695910766	1.48e-05	0.54081312145225	0.5408194722973814	0.5408276056833676	4.419369337477311e-06
160.0	1409.1417695910766	1.52e-05	0.540810673126729	0.5408158652401878	0.5408234915781023	3.6540754053338236e-06
160.0	1409.1417695910766	1.56e-05	0.5408092438546914	0.5408133127458815	0.5408199178375437	2.9535608602079486e-06
160.0	1409.1417695910766	1.6e-05	0.5408077480067783	0.5408111954560725	0.540816847345849	2.4311087520530894e-06
160.0	1409.1417695910766	1.6400000000000002e-05	0.5408066770422559	0.540809594670139	0.5408141992055011	1.939741286702672e-06
160.0	1409.1417695910766	1.68e-05	0.5408057497623986	0.5408081861403413	0.5408118864478624	1.5461903674225856e-06
160.0	1409.1417695910766	1.7199999999999998e-05	0.540804942655627	0.5408069697422254	0.5408098345984804	1.1858753250459758e-06
160.0	1409.1417695910766	1.76e-05	0.5408040931857183	0.5408058155139351	0.5408079798826595	8.965033078460409e-07
160.0	1409.1417695910766	1.8e-05	0.540803692900651	0.5408047527488804	0.540806268615035	6.154329853002735e-07
160.0	1409.1417695910766	1.84e-05	0.5408029921581008	0.5408036961309738	0.5408046551164567	3.89450525547508e-07
160.0	1409.1417695910766	1.88e-05	0.5408022165591335	0.5408026518598165	0.5408030992588744	1.9047942546323861e-07
160.0	1409.1417695910766	1.9200000000000003e-05	0.540801424633357	0.5408016222690942	0.5408018183208823	7.679656664400995e-08
160.0	1409.1417695910766	1.9600000000000002e-05	0.5407999849874399	0.5408006091566149	0.5408012692222988	2.733453759101368e-07
160.0	1409.1417695910766	1.9999999999999998e-05	0.5407983833157237	0.5407995628723715	0.5408004717873531	5.01665934577215e-07
160.0	1409.1417695910766	2.04e-05	0.5407966885906852	0.5407984966617171	0.5407997572556518	7.753564564688925e-07
160.0	1409.1417695910766	2.08e-05	0.5407948551804935	0.5407973346557007	0.5407989601613519	1.0722648042952472e-06
160.0	1409.1417695910766	2.12e-05	0.5407928321716211	0.5407960668460825	0.5407980961464967	1.4335770158485266e-06
160.0	1409.1417695910766	2.16e-05	0.5407905658117906	0.540794477218056	0.5407969448149217	1.8062946016123629e-06
160.0	1409.1417695910766	2.2e-05	0.5407880004502639	0.5407926127191512	0.5407958813088136	2.293383344238659e-06
160.0	1409.1417695910766	2.2400000000000002e-05	0.5407851159249208	0.5407900686438231	0.5407941187004157	2.8119446584259603e-06
160.0	1409.1417695910766	2.28e-05	0.5407819474953239	0.5407864848521916	0.5407914575144623	3.342903208186671e-06
160.0	1409.1417695910766	2.32e-05	0.5407780991754718	0.5407783538656391	0.5407786452221455	1.2697029480770003e-07
160.0	1409.1417695910766	2.36e-05	0.5407649798428711	0.5407701980773351	0.5407753514751237	3.499709917412194e-06
160.0	1409.1417695910766	2.4e-05	0.5407624579000929	0.5407667480866644	0.5407722923363663	2.9703181879319706e-06
160.0	1409.1417695910766	2.44e-05	0.5407608579310539	0.5407643757441677	0.540769579081104	2.462655917213261e-06
160.0	1409.1417695910766	2.48e-05	0.5407599311164466	0.5407627098422705	0.5407672346754397	2.0004772013054913e-06
160.0	1409.1417695910766	2.5200000000000003e-05	0.5407589679966041	0.5407613365479965	0.5407652343338372	1.6576796825646468e-06
160.0	1409.1417695910766	2.56e-05	0.5407582873554819	0.5407603113812848	0.5407635211224191	1.337656531648266e-06
160.0	1409.1417695910766	2.6e-05	0.5407576981418973	0.540759418676053	0.540762038256914	1.0828587035542484e-06
160.0	1409.1417695910766	2.64e-05	0.5407571947769263	0.5407586601869463	0.5407607363783606	8.504790516300944e-07
160.0	1409.1417695910766	2.68e-05	0.5407566724038668	0.5407579473250969	0.5407595736278026	6.662496966542377e-07
160.0	1409.1417695910766	2.72e-05	0.5407564329594639	0.5407573008771206	0.5407585152365799	4.893689422130355e-07
160.0	1409.1417695910766	2.76e-05	0.5407560078801446	0.5407566626195177	0.5407575321765217	3.513209363124095e-07
160.0	1409.1417695910766	2.8e-05	0.5407555424136525	0.5407560371378297	0.5407565996012815	2.3239480080003517e-07
160.0	1409.1417695910766	2.8400000000000003e-05	0.5407550793709719	0.5407554258259586	0.5407556953428898	1.2347686727821626e-07
160.0	1409.1417695910766	2.88e-05	0.5407546231247808	0.5407548288844622	0.5407550710080313	7.601258462924555e-08
160.0	1409.1417695910766	2.92e-05	0.5407537857105318	0.5407542237355938	0.5407546125070164	1.7251106322380677e-07
160.0	1409.1417695910766	2.96e-05	0.5407529092825314	0.5407536150569145	0.5407542001850159	3.13591488148765e-07
160.0	1409.1417695910766	2.9999999999999997e-05	0.5407519239069156	0.5407529682027579	0.5407537485180862	4.7019236490580465e-07
160.0	1409.1417695910766	3.04e-05	0.5407508372471739	0.5407522753350629	0.5407532663340513	6.598342086649548e-07
160.0	1409.1417695910766	3.0799999999999996e-05	0.5407496396690519	0.5407514286291645	0.5407526156827478	8.526903630882837e-07
160.0	1409.1417695910766	3.12e-05	0.5407483080255577	0.5407504493000049	0.5407520486168558	1.1014948700506886e-06
160.0	1409.1417695910766	3.16e-05	0.5407468277387464	0.5407491378975278	0.5407511247216368	1.362687423313275e-06
160.0	1409.1417695910766	3.2e-05	0.5407451524288431	0.5407473175933875	0.5407497601153262	1.6281385816238017e-06
160.0	1409.1417695910766	3.2399999999999995e-05	0.5407430183508968	0.5407432698230062	0.5407435587912319	1.2832408021347004e-07
160.0	1409.1417695910766	3.2800000000000004e-05	0.5407365241003745	0.540739196370686	0.5407419250156611	1.786172887748191e-06
160.0	1409.1417695910766	3.32e-05	0.5407353013053928	0.5407375090881139	0.5407404258762671	1.5221359094714479e-06
160.0	1409.1417695910766	3.36e-05	0.5407345440984823	0.5407363685964498	0.5407391145766232	1.2715750291746753e-06
160.0	1409.1417695910766	3.4e-05	0.5407341161846952	0.5407355870333259	0.540738003595596	1.0472504860729048e-06
160.0	1409.1417695910766	3.4399999999999996e-05	0.5407336824867581	0.5407349557523399	0.5407370730135925	8.837747830236025e-07
160.0	1409.1417695910766	3.4800000000000006e-05	0.5407333889563839	0.5407345045315983	0.5407362948255248	7.345649467477958e-07
160.0	1409.1417695910766	3.52e-05	0.5407331366915678	0.540734125993215	0.5407356415078404	6.181589291899851e-07
160.0	1409.1417695910766	3.56e-05	0.5407329350408983	0.5407338237407772	0.540735088798086	5.132688218095214e-07
160.0	1409.1417695910766	3.6e-05	0.5407327371740163	0.5407335505196456	0.5407346167112035	4.3365653358949825e-07
160.0	1409.1417695910766	3.64e-05	0.5407326576502438	0.5407333185625522	0.5407342093251426	3.6005062927949324e-07
160.0	1409.1417695910766	3.68e-05	0.5407325067284496	0.5407330967506935	0.5407338541559961	3.082897261206474e-07
160.0	1409.1417695910766	3.72e-05	0.5407323505769694	0.5407328880368625	0.5407335414821155	2.682261901905554e-07
160.0	1409.1417695910766	3.76e-05	0.5407322059661963	0.5407326928686658	0.5407332637455937	2.346559878888489e-07
160.0	1409.1417695910766	3.7999999999999995e-05	0.5407320825015534	0.5407325098649162	0.5407330150596419	2.0609376409974664e-07
160.0	1409.1417695910766	3.8400000000000005e-05	0.540731983548481	0.5407323431843581	0.5407327908144746	1.8174214313481832e-07
160.0	1409.1417695910766	3.88e-05	0.5407318804224399	0.5407321890346887	0.5407325873649187	1.593333608742203e-07
160.0	1409.1417695910766	3.9200000000000004e-05	0.5407318063513902	0.5407320534152992	0.5407324017823791	1.3728182026011874e-07
160.0	1409.1417695910766	3.96e-05	0.5407317147510087	0.5407319305647401	0.5407322316529033	1.1609154671230749e-07
160.0	1409.1417695910766	3.9999999999999996e-05	0.540731627200409	0.5407318192429494	0.5407320748988562	9.916056934630582e-08
160.0	1409.1417695910766	4.0400000000000006e-05	0.5407315489614142	0.5407317148496481	0.5407319296031048	8.384795441809351e-08
160.0	1409.1417695910766	4.08e-05	0.5407314815531103	0.5407316188583189	0.540731793896442	7.172106699434487e-08
160.0	1409.1417695910766	4.12e-05	0.540731420550923	0.5407315312522633	0.5407316665853727	6.195447154610541e-08
160.0	1409.1417695910766	4.16e-05	0.5407313502616544	0.5407314536166247	0.5407315571821423	5.607438078632245e-08
160.0	1409.1417695910766	4.2e-05	0.5407313076154683	0.5407314123204805	0.5407315033547748	5.130511192584099e-08
161.0	1411.9165875630176	0.0	0.5427221137088756	0.5427252164250508	0.5427267677250454	1.0239710874794345e-06
161.0	1411.9165875630176	4e-07	0.5427201336181842	0.5427233189549281	0.5427249608967726	1.0613457436766776e-06
161.0	1411.9165875630176	8e-07	0.5427179546835603	0.5427214415068624	0.5427234632847098	1.1827541550991977e-06
161.0	1411.9165875630176	1.2000000000000002e-06	0.5427155635622833	0.5427195880300588	0.5427226245911765	1.4185603044436478e-06
161.0	1411.9165875630176	1.6e-06	0.5427129274244464	0.5427176348008999	0.5427210342918416	1.706958467440654e-06
161.0	1411.9165875630176	2e-06	0.5427099961204851	0.5427156328595285	0.5427196003644488	2.1192891389403607e-06
161.0	1411.9165875630176	2.4000000000000003e-06	0.5427067019545193	0.5427134130749457	0.5427179872323125	2.6097654054942515e-06
161.0	1411.9165875630176	2.8000000000000003e-06	0.5427029606379525	0.5427109649665914	0.5427162908063083	3.2411889264084866e-06
161.0	1411.9165875630176	3.2e-06	0.5426986673014342	0.5427078521519353	0.5427139654177697	3.919740282030748e-06
161.0	1411.9165875630176	3.6e-06	0.5426937339374893	0.5427041862317885	0.5427118546092258	4.841834145723034e-06
161.0	1411.9165875630176	4e-06	0.5426881252759683	0.5426991394776477	0.5427083259207208	5.838225300859158e-06
161.0	1411.9165875630176	4.4e-06	0.5426819071517972	0.5426919890698506	0.5427029678696931	6.8645502841759634e-06
161.0	1411.9165875630176	4.800000000000001e-06	0.5426749156785275	0.5426756301590644	0.5426762891362698	3.3842412913569164e-07
161.0	1411.9165875630176	5.2e-06	0.5426492971081904	0.5426592972404297	0.5426688813387424	6.915148326746404e-06
161.0	1411.9165875630176	5.600000000000001e-06	0.5426441210536126	0.5426523163484057	0.5426627038978706	5.852226231146305e-06
161.0	1411.9165875630176	6e-06	0.5426407960289055	0.5426474754930369	0.5426572290082001	4.830362149501431e-06
161.0	1411.9165875630176	6.4e-06	0.5426388455279367	0.5426440364599816	0.5426524598122233	3.892772856677056e-06
161.0	1411.9165875630176	6.8e-06	0.5426368017366272	0.5426411751159606	0.542648344492874	3.1920348856940612e-06
161.0	1411.9165875630176	7.2e-06	0.5426353228290388	0.5426389988147394	0.5426447855328362	2.529410911545554e-06
161.0	1411.9165875630176	7.6e-06	0.5426340014542692	0.5426370740760208	0.5426416632037165	1.9980953951284347e-06
161.0	1411.9165875630176	8e-06	0.5426329357492126	0.5426353994264637	0.5426388785627889	1.5099743326786763e-06
161.0	1411.9165875630176	8.4e-06	0.5426317460436172	0.5426338034390411	0.5426363464364314	1.1158734028279263e-06
161.0	1411.9165875630176	8.8e-06	0.5426311770016499	0.5426323237950066	0.5426339946314016	7.307141646277583e-07
161.0	1411.9165875630176	9.2e-06	0.5426301445484016	0.5426308482111644	0.5426317611451399	4.169415601359664e-07
161.0	1411.9165875630176	9.600000000000001e-06	0.5426290071872248	0.5426293845046344	0.5426296299472142	1.3991635692747489e-07
161.0	1411.9165875630176	9.999999999999999e-06	0.5426273946041507	0.5426279359536011	0.5426282349868803	1.847257571384994e-07
161.0	1411.9165875630176	1.04e-05	0.542625197982014	0.5426265059625662	0.542627666003642	5.12559070023428e-07
161.0	1411.9165875630176	1.08e-05	0.5426229087214658	0.5426250176163262	0.5426265680153177	8.47473253568234e-07
161.0	1411.9165875630176	1.1200000000000001e-05	0.5426204673370529	0.542623492872537	0.5426255616249822	1.2488938143904926e-06
161.0	1411.9165875630176	1.16e-05	0.5426178064454659	0.54262181461478	0.5426244544685588	1.6848704013712959e-06
161.0	1411.9165875630176	1.2e-05	0.5426148501715682	0.5426199702983099	0.5426232055541202	2.2167532943955626e-06
161.0	1411.9165875630176	1.24e-05	0.542611516606887	0.5426176359214542	0.5426215198347109	2.7691637018614664e-06
161.0	1411.9165875630176	1.28e-05	0.542607719943569	0.5426148840869962	0.5426199568120289	3.494512130591609e-06
161.0	1411.9165875630176	1.32e-05	0.5426034350235174	0.542611104026628	0.5426173473771465	4.270307520021934e-06
161.0	1411.9165875630176	1.36e-05	0.5425987083551203	0.5426057518662396	0.5426133790456369	5.066217917853996e-06
161.0	1411.9165875630176	1.4e-05	0.5425932974253458	0.5425935266431855	0.5425937664998646	1.136109975993603e-07
161.0	1411.9165875630176	1.44e-05	0.5425735417782729	0.5425812799515823	0.5425888145960585	5.215057414516777e-06
161.0	1411.9165875630176	1.48e-05	0.54256971234161	0.542576063365498	0.5425841969275709	4.419408915540564e-06
161.0	1411.9165875630176	1.52e-05	0.5425672639966397	0.5425724562721814	0.5425800827834886	3.654111047721507e-06
161.0	1411.9165875630176	1.56e-05	0.5425658347175073	0.5425699037520993	0.5425765090079837	2.9535914460064515e-06
161.0	1411.9165875630176	1.6e-05	0.5425643388557955	0.542567786440851	0.5425734384848218	2.4311348315842437e-06
161.0	1411.9165875630176	1.6400000000000002e-05	0.5425632678917145	0.5425661856369799	0.5425707903168204	1.939764890011219e-06
161.0	1411.9165875630176	1.68e-05	0.5425623405918891	0.5425647770908288	0.5425684775343589	1.5462119641405767e-06
161.0	1411.9165875630176	1.7199999999999998e-05	0.5425615334830569	0.5425635606783166	0.5425664256624652	1.1858955398076654e-06
161.0	1411.9165875630176	1.76e-05	0.5425606840140054	0.5425624064370016	0.5425645709259772	8.965216742284238e-07
161.0	1411.9165875630176	1.8e-05	0.5425602837178714	0.5425613436597317	0.5425628596391032	6.154511286231975e-07
161.0	1411.9165875630176	1.84e-05	0.542559582967244	0.542560287029779	0.5425612461222942	3.8946944017295993e-07
161.0	1411.9165875630176	1.88e-05	0.5425588073496641	0.542559242746801	0.5425596902470984	1.9050385723190302e-07
161.0	1411.9165875630176	1.9200000000000003e-05	0.5425580153782175	0.5425582131445149	0.5425584092577695	7.683571223694492e-08
161.0	1411.9165875630176	1.9600000000000002e-05	0.5425565759393356	0.5425572000207589	0.542557860232078	2.733564690730946e-07
161.0	1411.9165875630176	1.9999999999999998e-05	0.5425549742489473	0.5425561537246067	0.5425570627898324	5.016747267913732e-07
161.0	1411.9165875630176	2.04e-05	0.5425532795037569	0.5425550875024715	0.5425563480683175	7.753683734486687e-07
161.0	1411.9165875630176	2.08e-05	0.5425514460711574	0.5425539254836165	0.5425555509251376	1.0722812480523475e-06
161.0	1411.9165875630176	2.12e-05	0.5425494230367116	0.5425526576592278	0.5425546868878452	1.4335998328506792e-06
161.0	1411.9165875630176	2.16e-05	0.5425471566471503	0.5425510680101788	0.5425535355397777	1.8063224096149923e-06
161.0	1411.9165875630176	2.2e-05	0.5425445912520175	0.5425492034863916	0.5425524720123169	2.2934190580843524e-06
161.0	1411.9165875630176	2.2400000000000002e-05	0.5425417066858742	0.5425466593765255	0.5425507093747743	2.811990595170123e-06
161.0	1411.9165875630176	2.28e-05	0.5425385382099197	0.5425430755350479	0.5425480481473013	3.3429635822219343e-06
161.0	1411.9165875630176	2.32e-05	0.5425346895984262	0.542534944420093	0.5425352358861284	1.2701417171394397e-07
161.0	1411.9165875630176	2.36e-05	0.5425215700656842	0.5425267885089505	0.5425319420881989	3.499758714653507e-06
161.0	1411.9165875630176	2.4e-05	0.5425190480846318	0.5425233384600034	0.5425288829007879	2.970365569567054e-06
161.0	1411.9165875630176	2.44e-05	0.5425174480932471	0.5425209660767435	0.5425261696010866	2.4626984028152036e-06
161.0	1411.9165875630176	2.48e-05	0.5425165212695209	0.5425193001459514	0.5425238251558264	2.0005139109958765e-06
161.0	1411.9165875630176	2.5200000000000003e-05	0.542515558134693	0.5425179268277812	0.5425218247796852	1.657711406471113e-06
161.0	1411.9165875630176	2.56e-05	0.5425148774926258	0.5425169016414644	0.5425201115376126	1.3376854262935503e-06
161.0	1411.9165875630176	2.6e-05	0.5425142882591061	0.5425160089184682	0.5425186286449009	1.082885536985613e-06
161.0	1411.9165875630176	2.64e-05	0.5425137848912556	0.5425152504140731	0.5425173267419661	8.505044374968355e-07
161.0	1411.9165875630176	2.68e-05	0.5425132625184022	0.5425145375385316	0.542516163969303	6.662732997887252e-07
161.0	1411.9165875630176	2.72e-05	0.5425130230626749	0.5425138910779189	0.5425151055577624	4.893924699470351e-07
161.0	1411.9165875630176	2.76e-05	0.5425125979749321	0.5425132528079405	0.5425141224787309	3.513451944414793e-07
161.0	1411.9165875630176	2.8e-05	0.5425121324897528	0.5425126273142417	0.5425131898854287	2.3242193152580558e-07
161.0	1411.9165875630176	2.8400000000000003e-05	0.5425116694375776	0.542512015990757	0.5425122856094475	1.2351521254430025e-07
161.0	1411.9165875630176	2.88e-05	0.5425112131428733	0.5425114190380238	0.5425116613069116	7.606583455879328e-08
161.0	1411.9165875630176	2.92e-05	0.5425103757089653	0.5425108138774803	0.5425112027992931	1.7253528147556423e-07
161.0	1411.9165875630176	2.96e-05	0.5425094992592632	0.5425102051877372	0.542510790468735	3.1361035886512784e-07
161.0	1411.9165875630176	2.9999999999999997e-05	0.5425085140943704	0.5425095583215558	0.5425103387941652	4.702127662854943e-07
161.0	1411.9165875630176	3.04e-05	0.5425074274104089	0.5425088654399947	0.5425098566030959	6.59859143423365e-07
161.0	1411.9165875630176	3.0799999999999996e-05	0.5425062298043652	0.542508018714388	0.542509205941295	8.527190628908713e-07
161.0	1411.9165875630176	3.12e-05	0.5425048981283842	0.5425070393620204	0.5425086388650167	1.1015303412528199e-06
161.0	1411.9165875630176	3.16e-05	0.5425034178065475	0.5425057279274819	0.5425077149520039	1.3627320679538223e-06
161.0	1411.9165875630176	3.2e-05	0.5425017421911162	0.5425039075772837	0.5425063503156151	1.6281967050018124e-06
161.0	1411.9165875630176	3.2399999999999995e-05	0.5424996080842757	0.5424998596886152	0.5425001487683732	1.2837286145748724e-07
161.0	1411.9165875630176	3.2800000000000004e-05	0.5424931136553726	0.5424957861250704	0.5424985149465194	1.7862189758792664e-06
161.0	1411.9165875630176	3.32e-05	0.5424918908267689	0.5424940987899707	0.5424970157632174	1.522181592407955e-06
161.0	1411.9165875630176	3.36e-05	0.5424911336006017	0.5424929582618413	0.5424957044238079	1.271617015744808e-06
161.0	1411.9165875630176	3.4e-05	0.5424907056789134	0.542492176673174	0.5424945934101837	1.0472880493826042e-06
161.0	1411.9165875630176	3.4399999999999996e-05	0.5424902719688305	0.5424915453713054	0.5424936627979049	8.838085509757519e-07
161.0	1411.9165875630176	3.4800000000000006e-05	0.5424899784385087	0.5424910941337053	0.5424928845836137	7.345970481878537e-07
161.0	1411.9165875630176	3.52e-05	0.5424897261569965	0.5424907155801904	0.5424922312431937	6.181902402916488e-07
161.0	1411.9165875630176	3.56e-05	0.5424895245047354	0.5424904133154673	0.5424916785136906	5.132996722950579e-07
161.0	1411.9165875630176	3.6e-05	0.5424893266396627	0.5424901400838879	0.5424912064096201	4.336864282264759e-07
161.0	1411.9165875630176	3.64e-05	0.5424892471057232	0.5424899081176909	0.5424907990085863	3.600807974288744e-07
161.0	1411.9165875630176	3.68e-05	0.5424890961775057	0.542489686297219	0.5424904438263969	3.083202384160827e-07
161.0	1411.9165875630176	3.72e-05	0.5424889400106157	0.542489477575458	0.5424901311411716	2.6825705145852725e-07
161.0	1411.9165875630176	3.76e-05	0.5424887953940001	0.5424892824000596	0.5424898533947946	2.3468726399778897e-07
161.0	1411.9165875630176	3.7999999999999995e-05	0.5424886719240005	0.5424890993897267	0.542489604700302	2.0612573049708997e-07
161.0	1411.9165875630176	3.8400000000000005e-05	0.5424885729691624	0.542488932703057	0.5424893804477406	1.8177580115291498e-07
161.0	1411.9165875630176	3.88e-05	0.542488469836452	0.5424887785486426	0.5424891769917872	1.5936849047994912e-07
161.0	1411.9165875630176	3.9200000000000004e-05	0.5424883957553357	0.5424886429255331	0.5424889914037152	1.373198756172092e-07
161.0	1411.9165875630176	3.96e-05	0.5424883041457464	0.542488520071036	0.5424888212694539	1.1613487726402997e-07
161.0	1411.9165875630176	3.9999999999999996e-05	0.5424882165989304	0.5424884087440095	0.5424886645112847	9.921155182143818e-08
161.0	1411.9165875630176	4.0400000000000006e-05	0.5424881383520255	0.5424883043461375	0.5424885192120259	8.390829352373432e-08
161.0	1411.9165875630176	4.08e-05	0.5424880709269972	0.5424882083512934	0.5424883835025112	7.179138894900334e-08
161.0	1411.9165875630176	4.12e-05	0.5424880098950355	0.5424881207438375	0.5424882561895821	6.203513037612374e-08
161.0	1411.9165875630176	4.16e-05	0.5424879396301581	0.542488043110398	0.5424881467886564	5.6160337519265686e-08
161.0	1411.9165875630176	4.2e-05	0.5424878969819416	0.5424880018581639	0.5424880929715208	5.1384430810545465e-08
162.0	1414.6914055349587	0.0	0.5444810372121669	0.5444841398673641	0.5444856910948719	1.0239398206747916e-06
162.0	1414.6914055349587	4e-07	0.5444790571211717	0.5444822423969529	0.5444838842938315	1.0613157823816669e-06
162.0	1414.6914055349587	8e-07	0.5444768781854155	0.5444803649482017	0.5444823866806541	1.1827281009488105e-06
162.0	1414.6914055349587	1.2000000000000002e-06	0.5444744870620957	0.5444785114704769	0.5444815479935841	1.4185406541947553e-06
162.0	1414.6914055349587	1.6e-06	0.5444718509211341	0.5444765582393167	0.5444799576820154	1.7069435811419048e-06
162.0	1414.6914055349587	2e-06	0.5444689196126982	0.5444745562960964	0.5444785237448952	2.119280497050726e-06
162.0	1414.6914055349587	2.4000000000000003e-06	0.5444656254405462	0.5444723365082681	0.5444769106184353	2.60976214700414e-06
162.0	1414.6914055349587	2.8000000000000003e-06	0.5444618841156332	0.5444698883951055	0.5444752141766696	3.2411917438271707e-06
162.0	1414.6914055349587	3.2e-06	0.5444575907688955	0.544466775571298	0.5444728887795502	3.919746988822911e-06
162.0	1414.6914055349587	3.6e-06	0.5444526573905133	0.5444631096400242	0.5444707779568345	4.841846731984589e-06
162.0	1414.6914055349587	4e-06	0.5444470487109161	0.5444580628697776	0.544467249251344	5.838245346904896e-06
162.0	1414.6914055349587	4.4e-06	0.544440830565077	0.544450912438008	0.5444618911768169	6.864581501960196e-06
162.0	1414.6914055349587	4.800000000000001e-06	0.5444338390902939	0.5444345534573253	0.5444352122944371	3.383429577664934e-07
162.0	1414.6914055349587	5.2e-06	0.5444082203162903	0.5444182204749836	0.5444278044660003	6.915166613857406e-06
162.0	1414.6914055349587	5.600000000000001e-06	0.5444030441063656	0.5444112395494984	0.5444216272362468	5.852246844136761e-06
162.0	1414.6914055349587	6e-06	0.5443997190696139	0.5444063986703372	0.5444161523227846	4.8303812809028255e-06
162.0	1414.6914055349587	6.4e-06	0.5443977685658998	0.5444029596202231	0.5444113831049382	3.892789028548056e-06
162.0	1414.6914055349587	6.8e-06	0.5443957247652644	0.5444000982619847	0.5444072677649663	3.192048099257169e-06
162.0	1414.6914055349587	7.2e-06	0.5443942458611701	0.5443979219482802	0.5444037087869713	2.529422848312653e-06
162.0	1414.6914055349587	7.6e-06	0.544392924517699	0.5443959971979959	0.5444005864414825	1.9981061481052056e-06
162.0	1414.6914055349587	8e-06	0.5443918587646666	0.544394322538133	0.5443978017855153	1.5099840166783546e-06
162.0	1414.6914055349587	8.4e-06	0.5443906690622633	0.5443927265415442	0.5443952696452046	1.11588094311393e-06
162.0	1414.6914055349587	8.8e-06	0.5443901000945033	0.5443912468888276	0.5443929178270732	7.307197742326156e-07
162.0	1414.6914055349587	9.2e-06	0.5443890677531362	0.5443897712964427	0.5443906843283202	4.169432910412282e-07
162.0	1414.6914055349587	9.600000000000001e-06	0.544387930386363	0.5443883075815306	0.5443885529036487	1.3990347791435594e-07
162.0	1414.6914055349587	9.999999999999999e-06	0.5443863177625188	0.5443868590222961	0.544387157986475	1.8470780572161722e-07
162.0	1414.6914055349587	1.04e-05	0.5443841211278615	0.5443854290232827	0.5443865889989157	5.125533171584076e-07
162.0	1414.6914055349587	1.08e-05	0.5443818318540892	0.5443839406685287	0.5443854909940722	8.474717107347459e-07
162.0	1414.6914055349587	1.1200000000000001e-05	0.5443793904552363	0.5443824159166948	0.5443844845910126	1.2488975334798404e-06
162.0	1414.6914055349587	1.16e-05	0.5443767295473716	0.5443807376498012	0.5443833774379598	1.6848791212545738e-06
162.0	1414.6914055349587	1.2e-05	0.5443737732546197	0.5443788933226396	0.5443821285039192	2.2167681909009145e-06
162.0	1414.6914055349587	1.24e-05	0.5443704396686613	0.5443765589299281	0.544380442771776	2.7691830502778397e-06
162.0	1414.6914055349587	1.28e-05	0.5443666429787495	0.5443738070766442	0.5443788797310312	3.4945383552731817e-06
162.0	1414.6914055349587	1.32e-05	0.5443623580272732	0.5443700269900085	0.5443762702727746	4.270342702253805e-06
162.0	1414.6914055349587	1.36e-05	0.5443576313227361	0.5443646747914067	0.5443723019083704	5.066266122805577e-06
162.0	1414.6914055349587	1.4e-05	0.5443522202472337	0.5443524494660864	0.5443526894279511	1.1362231053432097e-07
162.0	1414.6914055349587	1.44e-05	0.5443324643137837	0.5443402026772235	0.5443477374836796	5.215093843038471e-06
162.0	1414.6914055349587	1.48e-05	0.544328634846261	0.5443349860434084	0.5443431197761059	4.419445509585516e-06
162.0	1414.6914055349587	1.52e-05	0.5443261864835067	0.5443313789164548	0.544339005595937	3.654144193359142e-06
162.0	1414.6914055349587	1.56e-05	0.5443247571981322	0.5443288263723696	0.5443354317879212	2.953620024626855e-06
162.0	1414.6914055349587	1.6e-05	0.5443232613237807	0.5443267090411635	0.5443323612354254	2.431159283795975e-06
162.0	1414.6914055349587	1.6400000000000002e-05	0.5443221903606874	0.5443251082205016	0.5443297130416633	1.939787227459523e-06
162.0	1414.6914055349587	1.68e-05	0.5443212630419216	0.5443236996589945	0.5443274002360807	1.5462326469292233e-06
162.0	1414.6914055349587	1.7199999999999998e-05	0.5443204559315804	0.5443224832330253	0.5443253483432366	1.1859151054346522e-06
162.0	1414.6914055349587	1.76e-05	0.5443196064638878	0.5443213289796224	0.5443234935875401	8.965395979942159e-07
162.0	1414.6914055349587	1.8e-05	0.5443192061569464	0.5443202661910459	0.5443217822828128	6.154690290132842e-07
162.0	1414.6914055349587	1.84e-05	0.5443185053988282	0.5443192095499697	0.5443201687491346	3.894882724150192e-07
162.0	1414.6914055349587	1.88e-05	0.5443177297635344	0.5443181652561105	0.5443186128576887	1.905283045615528e-07
162.0	1414.6914055349587	1.9200000000000003e-05	0.5443169377479036	0.5443171356432134	0.5443173318171262	7.687441750643142e-08
162.0	1414.6914055349587	1.9600000000000002e-05	0.5443154985164265	0.5443161225091364	0.5443167828651507	2.7336696270616476e-07
162.0	1414.6914055349587	1.9999999999999998e-05	0.5443138968089025	0.544315076202106	0.5443159854165742	5.016827292517598e-07
162.0	1414.6914055349587	2.04e-05	0.5443122020452362	0.5443140099695811	0.5443152705059777	7.753792537117942e-07
162.0	1414.6914055349587	2.08e-05	0.5443103685920887	0.5443128479391538	0.5443144733155618	1.0722964383462856e-06
162.0	1414.6914055349587	2.12e-05	0.5443083455341773	0.5443115801013559	0.5443136092570038	1.4336210449143543e-06
162.0	1414.6914055349587	2.16e-05	0.5443060791172973	0.5443099904330103	0.5443124578936294	1.8063482449322653e-06
162.0	1414.6914055349587	2.2e-05	0.5443035136914007	0.5443081258863657	0.5443113943461277	2.2934522958357238e-06
162.0	1414.6914055349587	2.2400000000000002e-05	0.5443006290876475	0.5443055817447222	0.5443096316814096	2.8120334736244523e-06
162.0	1414.6914055349587	2.28e-05	0.544297460568913	0.5443019978573286	0.5443069704152839	3.3430202706675493e-06
162.0	1414.6914055349587	2.32e-05	0.5442936116715824	0.5442938666232499	0.5442941581983254	1.2705776142483324e-07
162.0	1414.6914055349587	2.36e-05	0.544280491954904	0.5442857105991463	0.5442908643533961	3.499803131574048e-06
162.0	1414.6914055349587	2.4e-05	0.544277969938852	0.5442822604962717	0.5442878051210363	2.970409173432811e-06
162.0	1414.6914055349587	2.44e-05	0.5442763699271378	0.5442798880752784	0.5442850917802451	2.4627377181003962e-06
162.0	1414.6914055349587	2.48e-05	0.5442754430953398	0.5442782221177261	0.5442827472983387	2.0005480435967754e-06
162.0	1414.6914055349587	2.5200000000000003e-05	0.5442744799468846	0.5442768487774277	0.544280746890137	1.6577410045944114e-06
162.0	1414.6914055349587	2.56e-05	0.5442737993045368	0.5442758235728447	0.5442790336196435	1.3377126182007324e-06
162.0	1414.6914055349587	2.6e-05	0.544273210052209	0.5442749308332325	0.5442775507016995	1.0829110627739352e-06
162.0	1414.6914055349587	2.64e-05	0.5442727066820998	0.5442741723145933	0.5442762487761552	8.505288181471109e-07
162.0	1414.6914055349587	2.68e-05	0.5442721843100156	0.5442734594263804	0.5442750859830063	6.662961286558012e-07
162.0	1414.6914055349587	2.72e-05	0.5442719448432412	0.5442728129540944	0.5442740275526585	4.894154412850392e-07
162.0	1414.6914055349587	2.76e-05	0.5442715197477019	0.5442721746727074	0.5442730444560899	3.513690626128887e-07
162.0	1414.6914055349587	2.8e-05	0.544271054244744	0.5442715491679698	0.5442721118461264	2.3244879113611494e-07
162.0	1414.6914055349587	2.8400000000000003e-05	0.544270591183885	0.5442709378338446	0.5442712075539449	1.2355330002131503e-07
162.0	1414.6914055349587	2.88e-05	0.5442701348418746	0.5442703408708396	0.5442705832843666	7.61185107026702e-08
162.0	1414.6914055349587	2.92e-05	0.544269297389695	0.5442697356996329	0.5442701247710833	1.7255890853242306e-07
162.0	1414.6914055349587	2.96e-05	0.5442684209197841	0.5442691269998774	0.5442697124327491	3.13628483852109e-07
162.0	1414.6914055349587	2.9999999999999997e-05	0.5442674359659065	0.5442684801228526	0.5442692607510224	4.702322675282808e-07
162.0	1414.6914055349587	3.04e-05	0.5442663492595798	0.5442677872286641	0.5442687785539615	6.5988288866803e-07
162.0	1414.6914055349587	3.0799999999999996e-05	0.5442651516277017	0.5442669404848672	0.5442681278826713	8.527462729004369e-07
162.0	1414.6914055349587	3.12e-05	0.5442638199215972	0.5442659611110392	0.5442675607971257	1.10156391306311e-06
162.0	1414.6914055349587	3.16e-05	0.5442623395674167	0.5442646496467631	0.5442666368679241	1.362774339344815e-06
162.0	1414.6914055349587	3.2e-05	0.5442606636513156	0.5442628292537541	0.5442652722037034	1.6282519433399863e-06
162.0	1414.6914055349587	3.2399999999999995e-05	0.5442585295196016	0.5442587812543176	0.5442590704447055	1.2842115702420613e-07
162.0	1414.6914055349587	3.2800000000000004e-05	0.5442520349255568	0.5442547075876762	0.5442574365797359	1.7862613338092089e-06
162.0	1414.6914055349587	3.32e-05	0.544250812065969	0.5442530202035724	0.5442559373555005	1.5222240282525413e-06
162.0	1414.6914055349587	3.36e-05	0.5442500548221245	0.5442518796413955	0.5442546259789864	1.2716562411361254e-06
162.0	1414.6914055349587	3.4e-05	0.5442496268933041	0.5442510980288462	0.544253514935007	1.0473233227257256e-06
162.0	1414.6914055349587	3.4399999999999996e-05	0.544249193172111	0.5442504667074439	0.5442525842944219	8.838403809139124e-07
162.0	1414.6914055349587	3.4800000000000006e-05	0.5442488996422616	0.5442500154539641	0.544251806055585	7.346275322860737e-07
162.0	1414.6914055349587	3.52e-05	0.544248647344947	0.5442496368861187	0.5442511526938745	6.182202364028624e-07
162.0	1414.6914055349587	3.56e-05	0.5442484456914922	0.5442493346098098	0.5442505999458733	5.133294236028532e-07
162.0	1414.6914055349587	3.6e-05	0.5442482478285307	0.5442490613684506	0.5442501278257126	4.337153772561047e-07
162.0	1414.6914055349587	3.64e-05	0.5442481682845548	0.5442488293937512	0.5442497204106811	3.601101594693545e-07
162.0	1414.6914055349587	3.68e-05	0.5442480173503039	0.544248607565257	0.5442493652163289	3.083500419792855e-07
162.0	1414.6914055349587	3.72e-05	0.5442478611686301	0.5442483988361457	0.5442490525205566	2.6828727090884165e-07
162.0	1414.6914055349587	3.76e-05	0.5442477165466615	0.5442482036541114	0.5442487747650615	2.3471794608962907e-07
162.0	1414.6914055349587	3.7999999999999995e-05	0.5442475930717787	0.544248020637741	0.5442485260627112	2.0615714943513286e-07
162.0	1414.6914055349587	3.8400000000000005e-05	0.5442474941156252	0.5442478539454925	0.5442483018033961	1.818089442999761e-07
162.0	1414.6914055349587	3.88e-05	0.5442473909765546	0.5442476997868624	0.54424809834165	1.594031304244702e-07
162.0	1414.6914055349587	3.9200000000000004e-05	0.544247316885631	0.5442475641605735	0.5442479127486166	1.3735742210100807e-07
162.0	1414.6914055349587	3.96e-05	0.5442472252671271	0.5442474413026236	0.5442477426101151	1.1617769040374544e-07
162.0	1414.6914055349587	3.9999999999999996e-05	0.5442471377248168	0.5442473299708354	0.5442475858483382	9.926198577149569e-08
162.0	1414.6914055349587	4.0400000000000006e-05	0.5442470594704085	0.544247225568847	0.5442474405460667	8.39680498640737e-08
162.0	1414.6914055349587	4.08e-05	0.5442469920288238	0.544247129570914	0.5442473048341725	7.186108441395573e-08
162.0	1414.6914055349587	4.12e-05	0.5442469309673372	0.5442470419624521	0.5442471775198321	6.211512069935635e-08
162.0	1414.6914055349587	4.16e-05	0.5442468607274797	0.5442469643315752	0.5442470681216998	5.624561039947994e-08
162.0	1414.6914055349587	4.2e-05	0.5442468180774087	0.5442469231234077	0.5442470143150517	5.1463125423773924e-08
163.0	1417.4662235068997	0.0	0.546242342027158	0.5462454446209596	0.5462469957757365	1.0239083306555501e-06
163.0	1417.4662235068997	4e-07	0.5462403619358787	0.5462435471502752	0.5462451890020956	1.0612855875337966e-06
163.0	1417.4662235068997	8e-07	0.546238182999061	0.5462416697008853	0.5462436913878994	1.182701784966091e-06
163.0	1417.4662235068997	1.2000000000000002e-06	0.5462357918738245	0.5462398162223061	0.5462428527074303	1.4185206955742575e-06
163.0	1417.4662235068997	1.6e-06	0.5462331557299178	0.5462378629892674	0.546241262383913	1.7069283497697396e-06
163.0	1417.4662235068997	2e-06	0.5462302244172497	0.5462358610443708	0.5462398284372734	2.119271472039545e-06
163.0	1417.4662235068997	2.4000000000000003e-06	0.5462269302392304	0.5462336412535714	0.5462382153164071	2.609758518998406e-06
163.0	1417.4662235068997	2.8000000000000003e-06	0.546223188906378	0.5462311931358877	0.5462365188592706	3.241194141977892e-06
163.0	1417.4662235068997	3.2e-06	0.546218895550795	0.5462280803033138	0.5462341934537829	3.919753220653116e-06
163.0	1417.4662235068997	3.6e-06	0.5462139621585704	0.5462244143613683	0.5462320826172826	4.841858748765365e-06
163.0	1417.4662235068997	4e-06	0.5462083534616324	0.5462193675756413	0.5462285538952818	5.838264682883989e-06
163.0	1417.4662235068997	4.4e-06	0.5462021352950028	0.5462122171208222	0.5462231957978885	6.86461184096496e-06
163.0	1417.4662235068997	4.800000000000001e-06	0.5461951438190695	0.5461958580726805	0.5461965167705083	3.382621244023958e-07
163.0	1417.4662235068997	5.2e-06	0.5461695248467331	0.5461795250295862	0.5461891089124471	6.9151835518913925e-06
163.0	1417.4662235068997	5.600000000000001e-06	0.5461643484831882	0.5461725440720647	0.5461829318939566	5.852266279833756e-06
163.0	1417.4662235068997	6e-06	0.5461610234350784	0.5461677031701402	0.5461774569577971	4.8303994240871995e-06
163.0	1417.4662235068997	6.4e-06	0.5461590729289201	0.5461642641037099	0.5461726877190864	3.892804424805988e-06
163.0	1417.4662235068997	6.8e-06	0.5461570291195015	0.5461614027318832	0.5461685723597283	3.192060709137057e-06
163.0	1417.4662235068997	7.2e-06	0.5461555502190496	0.546159226406197	0.5461650133645923	2.529434351243348e-06
163.0	1417.4662235068997	7.6e-06	0.5461542289064933	0.5461573016447804	0.5461618910034947	1.998116662931735e-06
163.0	1417.4662235068997	8e-06	0.546153163106708	0.5461556269750608	0.5461591063332163	1.5099935927601204e-06
163.0	1417.4662235068997	8.4e-06	0.5461519734076772	0.5461540309697765	0.5461565741796619	1.1158884788190867e-06
163.0	1417.4662235068997	8.8e-06	0.5461514045139628	0.5461525513088579	0.5461542223491369	7.30725488382582e-07
163.0	1417.4662235068997	9.2e-06	0.5461503722844157	0.5461510757084282	0.5461519888386137	4.1694523423890925e-07
163.0	1417.4662235068997	9.600000000000001e-06	0.5461492349125727	0.5461496119856543	0.5461498571884036	1.3989093119661705e-07
163.0	1417.4662235068997	9.999999999999999e-06	0.546147622249312	0.5461481634187607	0.5461484623135124	1.8468956073546792e-07
163.0	1417.4662235068997	1.04e-05	0.5461454256029912	0.546146733412322	0.5461478933225035	5.12547078285353e-07
163.0	1417.4662235068997	1.08e-05	0.5461431363169389	0.5461452450496742	0.5461467953017829	8.474695335802302e-07
163.0	1417.4662235068997	1.1200000000000001e-05	0.5461406949047047	0.546143720290473	0.5461457888865331	1.2489004482130037e-06
163.0	1417.4662235068997	1.16e-05	0.546138033981765	0.5461420420152662	0.546144681737113	1.6848869066731541e-06
163.0	1417.4662235068997	1.2e-05	0.5461350776715497	0.5461401976783054	0.5461434327842785	2.2167819192867374e-06
163.0	1417.4662235068997	1.24e-05	0.5461317440661642	0.5461378632708931	0.5461417470401608	2.769200981909812e-06
163.0	1417.4662235068997	1.28e-05	0.5461279473515575	0.5461351114001534	0.5461401839822608	3.494562817781004e-06
163.0	1417.4662235068997	1.32e-05	0.5461236623708636	0.5461313312891436	0.5461375745019765	4.270375711013872e-06
163.0	1417.4662235068997	1.36e-05	0.5461189356326983	0.5461259790550627	0.5461336061066371	5.066311706861304e-06
163.0	1417.4662235068997	1.4e-05	0.5461135244140465	0.5461137536340861	0.5461139937009785	1.1363369501217819e-07
163.0	1417.4662235068997	1.44e-05	0.5460937682072835	0.5461015067551097	0.5461090417190722	5.215127113534568e-06
163.0	1417.4662235068997	1.48e-05	0.5460899387113507	0.5460962900767752	0.5461044239751311	4.419479383554065e-06
163.0	1417.4662235068997	1.52e-05	0.5460874903323312	0.5460926829184499	0.5461003097613659	3.6541750651195123e-06
163.0	1417.4662235068997	1.56e-05	0.5460860610415006	0.5460901303519787	0.546096735923058	2.9536467761862306e-06
163.0	1417.4662235068997	1.6e-05	0.5460845651555708	0.5460880130021692	0.5460936653431814	2.431182254006376e-06
163.0	1417.4662235068997	1.6400000000000002e-05	0.5460834941939714	0.5460864121657648	0.546091017125387	1.939808412915787e-06
163.0	1417.4662235068997	1.68e-05	0.546082566857188	0.5460850035898139	0.546088704298243	1.5462524990020632e-06
163.0	1417.4662235068997	1.7199999999999998e-05	0.5460817597458396	0.5460837871512464	0.5460866523858723	1.1859340830445446e-06
163.0	1417.4662235068997	1.76e-05	0.5460809102799731	0.5460826328866121	0.546084797612302	8.965571232153559e-07
163.0	1417.4662235068997	1.8e-05	0.5460805099624562	0.5460815700875592	0.546083086290996	6.154867153969894e-07
163.0	1417.4662235068997	1.84e-05	0.5460798091973826	0.5460805134362032	0.5460814727416965	3.8950703966114744e-07
163.0	1417.4662235068997	1.88e-05	0.5460790335451744	0.5460794691323223	0.5460799168352457	1.9055278073964372e-07
163.0	1417.4662235068997	1.9200000000000003e-05	0.5460782414867369	0.5460784395096869	0.5460786357435214	7.691273882341273e-08
163.0	1417.4662235068997	1.9600000000000002e-05	0.5460768024630802	0.5460774263661643	0.5460780868660757	2.733769102698605e-07
163.0	1417.4662235068997	1.9999999999999998e-05	0.546075200739832	0.5460763800491996	0.5460772894120494	5.016900084210783e-07
163.0	1417.4662235068997	2.04e-05	0.5460735059592254	0.5460753138072847	0.5460765743130018	7.753891841412936e-07
163.0	1417.4662235068997	2.08e-05	0.5460716724872379	0.5460741517664445	0.5460757770768208	1.072310479482357e-06
163.0	1417.4662235068997	2.12e-05	0.5460696494077908	0.5460728839164851	0.5460749129980549	1.4336407856954195e-06
163.0	1417.4662235068997	2.16e-05	0.5460673829658038	0.5460712942304232	0.5460737616204554	1.806372270445045e-06
163.0	1417.4662235068997	2.2e-05	0.546064817511736	0.5460694296627775	0.5460726980541102	2.2934832617496943e-06
163.0	1417.4662235068997	2.2400000000000002e-05	0.5460619328733003	0.5460668854918911	0.5460709353640203	2.8120735484444953e-06
163.0	1417.4662235068997	2.28e-05	0.5460587643150676	0.5460633015621901	0.5460682740618745	3.34307358576858e-06
163.0	1417.4662235068997	2.32e-05	0.5460549151371907	0.5460551702174976	0.5460554619011964	1.27101103629565e-07
163.0	1417.4662235068997	2.36e-05	0.5460417952514147	0.5460470140894889	0.5460521680128441	3.4998435266162957e-06
163.0	1417.4662235068997	2.4e-05	0.5460392732033625	0.5460435639366702	0.5460491087389299	2.9704493129127302e-06
163.0	1417.4662235068997	2.44e-05	0.5460376731731751	0.5460411914807207	0.5460463953601202	2.462774127806321e-06
163.0	1417.4662235068997	2.48e-05	0.546036746334277	0.5460395254983662	0.5460440508442712	2.000579814852651e-06
163.0	1417.4662235068997	2.5200000000000003e-05	0.5460357831734335	0.5460381521375627	0.54604205040628	1.6577686545122892e-06
163.0	1417.4662235068997	2.56e-05	0.5460351025314347	0.5460371269159424	0.5460403371094147	1.3377382504117111e-06
163.0	1417.4662235068997	2.6e-05	0.5460345132613176	0.5460362341607684	0.5460388541680468	1.0829353916879991e-06
163.0	1417.4662235068997	2.64e-05	0.546034009889528	0.5460354756288431	0.5460375522215175	8.505522802452904e-07
163.0	1417.4662235068997	2.68e-05	0.5460334875187405	0.5460347627288961	0.5460363894093669	6.663182513246854e-07
163.0	1417.4662235068997	2.72e-05	0.5460332480411685	0.546034116245821	0.5460353309615957	4.894379081308256e-07
163.0	1417.4662235068997	2.76e-05	0.5460328229384084	0.5460334779539141	0.5460343478488108	3.5139258058586856e-07
163.0	1417.4662235068997	2.8e-05	0.5460323574184907	0.5460328524390305	0.5460334152234703	2.324754112748816e-07
163.0	1417.4662235068997	2.8400000000000003e-05	0.5460318943496976	0.5460322410951589	0.5460325109163682	1.2359116395449474e-07
163.0	1417.4662235068997	2.88e-05	0.5460314379614806	0.5460316441227689	0.5460318866803417	7.617067580221984e-08
163.0	1417.4662235068997	2.92e-05	0.5460306004923083	0.5460310389418297	0.5460314281622525	1.7258199793372554e-07
163.0	1417.4662235068997	2.96e-05	0.5460297240035619	0.5460304302330288	0.5460310158168555	3.136459260064277e-07
163.0	1417.4662235068997	2.9999999999999997e-05	0.5460287392610059	0.5460297833462466	0.5460305641284284	4.7025094193534613e-07
163.0	1417.4662235068997	3.04e-05	0.546027652534022	0.54602909044057	0.546030081926328	6.599055398213344e-07
163.0	1417.4662235068997	3.0799999999999996e-05	0.5460264548782225	0.5460282436799797	0.5460294312464713	8.527721113133523e-07
163.0	1417.4662235068997	3.12e-05	0.5460251231441715	0.5460272642863009	0.5460288641526798	1.1015957359263939e-06
163.0	1417.4662235068997	3.16e-05	0.5460236427601153	0.5460259527944293	0.5460279402087647	1.362814426820233e-06
163.0	1417.4662235068997	3.2e-05	0.5460219665477943	0.5460241323616045	0.5460265755187859	1.6283045314684462e-06
163.0	1417.4662235068997	3.2399999999999995e-05	0.546019832394939	0.5460200842583263	0.5460203735585063	1.2846900775009517e-07
163.0	1417.4662235068997	3.2800000000000004e-05	0.5460133376479526	0.5460160104960724	0.5460187396533387	1.7863002512176052e-06
163.0	1417.4662235068997	3.32e-05	0.5460121147598072	0.5460143230662068	0.5460172403909116	1.5222634722443767e-06
163.0	1417.4662235068997	3.36e-05	0.5460113574997356	0.546013182472209	0.5460159289797444	1.2716929233875513e-06
163.0	1417.4662235068997	3.4e-05	0.5460109295644981	0.5460124008373093	0.5460148179074675	1.0473564870300599e-06
163.0	1417.4662235068997	3.4399999999999996e-05	0.5460104958331558	0.5460117694976184	0.5460138872403864	8.838704250373286e-07
163.0	1417.4662235068997	3.4800000000000006e-05	0.546010202304176	0.5460113182291633	0.5460131089785545	7.346565261285988e-07
163.0	1417.4662235068997	3.52e-05	0.5460099499918742	0.5460109396477281	0.5460124555968848	6.182490205776065e-07
163.0	1417.4662235068997	3.56e-05	0.5460097483375996	0.5460106373604792	0.5460119028315411	5.1335816264771e-07
163.0	1417.4662235068997	3.6e-05	0.5460095504770432	0.5460103641099577	0.5460114306963026	4.3374345590544974e-07
163.0	1417.4662235068997	3.64e-05	0.5460094709231491	0.5460101321273121	0.546011023268175	3.6013878036377356e-07
163.0	1417.4662235068997	3.68e-05	0.546009319983221	0.5460099102913419	0.546010668062471	3.0837919442162717e-07
163.0	1417.4662235068997	3.72e-05	0.5460091637873221	0.5460097015554172	0.5460103553568914	2.683169008028432e-07
163.0	1417.4662235068997	3.76e-05	0.5460090191604552	0.5460095063672712	0.5460100775929595	2.3474808231461666e-07
163.0	1417.4662235068997	3.7999999999999995e-05	0.5460088956811351	0.5460093233453691	0.546009828883383	2.0618806475870185e-07
163.0	1417.4662235068997	3.8400000000000005e-05	0.546008796724089	0.5460091566480363	0.5460096046179075	1.8184161349237704e-07
163.0	1417.4662235068997	3.88e-05	0.5460086935789521	0.5460090024856805	0.5460094011509282	1.5943731938961146e-07
163.0	1417.4662235068997	3.9200000000000004e-05	0.5460086194784601	0.5460088668567133	0.5460092155534637	1.3739450003331527e-07
163.0	1417.4662235068997	3.96e-05	0.546008527851308	0.54600874399576	0.5460090454112247	1.1622002796463296e-07
163.0	1417.4662235068997	3.9999999999999996e-05	0.5460084403141909	0.5460086326596486	0.5460088886463241	9.931191643459575e-08
163.0	1417.4662235068997	4.0400000000000006e-05	0.5460083620526479	0.5460085282539648	0.5460087433414982	8.402727261711857e-08
163.0	1417.4662235068997	4.08e-05	0.5460082945946505	0.5460084322533385	0.546008607627666	7.193020666686125e-08
163.0	1417.4662235068997	4.12e-05	0.5460082335038594	0.5460083446442376	0.5460084803123388	6.219449941617024e-08
163.0	1417.4662235068997	4.16e-05	0.5460081632896134	0.5460082670162638	0.5460083709174386	5.6330256793521883e-08
163.0	1417.4662235068997	4.2e-05	0.5460081206378824	0.5460082258523197	0.5460083171215411	5.154124522454275e-08
164.0	1420.2410414788408	0.0	0.5480060760259136	0.5480091785578481	0.5480107296396142	1.0238766157071728e-06
164.0	1420.2410414788408	4e-07	0.5480040959343677	0.5480072810869056	0.548008922893569	1.0612551589030554e-06
164.0	1420.2410414788408	8e-07	0.5480019169965527	0.54800540363692	0.5480074252784402	1.1826752116115367e-06
164.0	1420.2410414788408	1.2000000000000002e-06	0.5479995258695105	0.548003550157549	0.5480065866047017	1.4185004407368212e-06
164.0	1420.2410414788408	1.6e-06	0.5479968897228247	0.5480015969227443	0.5480049962694862	1.706912790771235e-06
164.0	1420.2410414788408	2e-06	0.5479939584061473	0.54799959497633	0.5480035623135109	2.1192620874767372e-06
164.0	1420.2410414788408	2.4000000000000003e-06	0.5479906642225503	0.5479973751828106	0.5480019491981647	2.6097545456018798e-06
164.0	1420.2410414788408	2.8000000000000003e-06	0.5479869228821279	0.547994927060868	0.5480002527260126	3.2411961505900247e-06
164.0	1420.2410414788408	3.2e-06	0.5479826295188355	0.5479918142198793	0.5479979273123483	3.919759011771287e-06
164.0	1420.2410414788408	3.6e-06	0.547977696113322	0.5479881482676794	0.5479958164624197	4.841870239641613e-06
164.0	1420.2410414788408	4e-06	0.54797208739972	0.5479831014670484	0.5479922877243428	5.83828336722205e-06
164.0	1420.2410414788408	4.4e-06	0.54796586921311	0.5479759509900314	0.5479869296046651	6.864641380740097e-06
164.0	1420.2410414788408	4.800000000000001e-06	0.5479588777363711	0.5479595918766627	0.5479602504358949	3.3818156756622384e-07
164.0	1420.2410414788408	5.2e-06	0.5479332585706027	0.5479432587755192	0.5479528425493863	6.915199246885158e-06
164.0	1420.2410414788408	5.600000000000001e-06	0.5479280820549981	0.5479362777872613	0.5479466657423879	5.852284635273735e-06
164.0	1420.2410414788408	6e-06	0.5479247569961654	0.547931436863514	0.5479411907845284	4.830416661926771e-06
164.0	1420.2410414788408	6.4e-06	0.5479228064878425	0.5479279977814483	0.5479364215258764	3.89281911024168e-06
164.0	1420.2410414788408	6.8e-06	0.5479207626701443	0.5479251363966104	0.5479323061482271	3.1920727650687597e-06
164.0	1420.2410414788408	7.2e-06	0.5479192837734752	0.5479229600594027	0.5479287471366971	2.5294454565213323e-06
164.0	1420.2410414788408	7.6e-06	0.5479179624915052	0.5479210352872511	0.547925624760695	1.998126960088965e-06
164.0	1420.2410414788408	8e-06	0.5479168966460479	0.5479193606080867	0.5479228400767733	1.5100030717250259e-06
164.0	1420.2410414788408	8.4e-06	0.5479157069505645	0.547917764594539	0.5479203079106298	1.1158960126199376e-06
164.0	1420.2410414788408	8.8e-06	0.547915138130751	0.547916284925859	0.5479179560683614	7.307313018152728e-07
164.0	1420.2410414788408	9.2e-06	0.5479141060130157	0.5479148093178419	0.5479157225467315	4.169473759234214e-07
164.0	1420.2410414788408	9.600000000000001e-06	0.5479129686365969	0.5479133455876851	0.547913590672036	1.3987869015964042e-07
164.0	1420.2410414788408	9.999999999999999e-06	0.5479113559351587	0.5479118970136313	0.5479121958386282	1.8467103768713695e-07
164.0	1420.2410414788408	1.04e-05	0.5479091592779639	0.5479104670002768	0.5479116268449902	5.12540387507555e-07
164.0	1420.2410414788408	1.08e-05	0.5479068699805012	0.5479089786303071	0.547910528808977	8.474667683487568e-07
164.0	1420.2410414788408	1.1200000000000001e-05	0.5479044285558592	0.5479074538643629	0.5479095223820245	1.248902619459008e-06
164.0	1420.2410414788408	1.16e-05	0.5479017676189555	0.547905775581602	0.5479084152364893	1.6848938292266153e-06
164.0	1420.2410414788408	1.2e-05	0.547898811292562	0.547903931235664	0.5479071662655972	2.2167945699236096e-06
164.0	1420.2410414788408	1.24e-05	0.5478954776694449	0.5479015968146149	0.5479054805102015	2.7692176058308325e-06
164.0	1420.2410414788408	1.28e-05	0.5478916809318939	0.5478988449276826	0.5479039174359821	3.49458565398954e-06
164.0	1420.2410414788408	1.32e-05	0.5478873959240218	0.5478950647940475	0.5479013079349011	4.27040671591811e-06
164.0	1420.2410414788408	1.36e-05	0.5478826691545446	0.5478897125270122	0.5478973395104401	5.066354879585416e-06
164.0	1420.2410414788408	1.4e-05	0.547877257795065	0.5478774870164772	0.5478777271882844	1.1364515103854222e-07
164.0	1420.2410414788408	1.44e-05	0.5478575013270399	0.547865240053978	0.5478727751713528	5.215157465785713e-06
164.0	1420.2410414788408	1.48e-05	0.5478536718049485	0.547860023334083	0.54786815739355	4.419510748251703e-06
164.0	1420.2410414788408	1.52e-05	0.5478512234110697	0.5478564161464736	0.5478640431484818	3.654203841177869e-06
164.0	1420.2410414788408	1.56e-05	0.5478497941155096	0.5478538635591086	0.5478604692819289	2.953671844291063e-06
164.0	1420.2410414788408	1.6e-05	0.5478482982189812	0.5478517461919461	0.5478573986764843	2.4312038583482033e-06
164.0	1420.2410414788408	1.6400000000000002e-05	0.5478472272593562	0.5478501453407671	0.5478547504362545	1.9398285374770703e-06
164.0	1420.2410414788408	1.68e-05	0.5478462999053955	0.5478487367512143	0.5478524375889817	1.5462715869494248e-06
164.0	1420.2410414788408	1.7199999999999998e-05	0.5478454927935124	0.5478475203008415	0.5478503856584034	1.185952521587748e-06
164.0	1420.2410414788408	1.76e-05	0.5478446433299098	0.5478463660257669	0.5478485308681895	8.965742849377453e-07
164.0	1420.2410414788408	1.8e-05	0.547844243002026	0.5478453032170045	0.5478468195314816	6.155042103447786e-07
164.0	1420.2410414788408	1.84e-05	0.5478435422304928	0.547844246556148	0.5478452059677119	3.895257549744231e-07
164.0	1420.2410414788408	1.88e-05	0.5478427665620869	0.5478432022430397	0.5478436500474064	1.9057729485443462e-07
164.0	1420.2410414788408	1.9200000000000003e-05	0.5478419744621172	0.5478421726114732	0.5478423689045719	7.695072122519592e-08
164.0	1420.2410414788408	1.9600000000000002e-05	0.5478405356467153	0.547841159459315	0.5478418201024109	2.733863555933214e-07
164.0	1420.2410414788408	1.9999999999999998e-05	0.5478389339090457	0.547840113133289	0.5478410226437473	5.016966189029036e-07
164.0	1420.2410414788408	2.04e-05	0.5478372391129191	0.5478390468829086	0.5478403073568048	7.753982359320516e-07
164.0	1420.2410414788408	2.08e-05	0.5478354056236707	0.547837884832728	0.547839510076197	1.072323456828824e-06
164.0	1420.2410414788408	2.12e-05	0.5478333825244714	0.5478366169717612	0.5478386459781994	1.433659164167604e-06
164.0	1420.2410414788408	2.16e-05	0.5478311160594256	0.5478350272694459	0.5478374945873838	1.8063946193275456e-06
164.0	1420.2410414788408	2.2e-05	0.5478285505796183	0.547833162682518	0.5478364310033026	2.2935121233106055e-06
164.0	1420.2410414788408	2.2400000000000002e-05	0.5478256659092082	0.5478306184847377	0.547834668289517	2.812111027727518e-06
164.0	1420.2410414788408	2.28e-05	0.5478224973145185	0.5478270345160757	0.5478320069537972	3.343123782850046e-06
164.0	1420.2410414788408	2.32e-05	0.5478186478609546	0.5478189030686531	0.5478191948605735	1.271442223958994e-07
164.0	1420.2410414788408	2.36e-05	0.5478055278198299	0.5478107468451223	0.5478159009321155	3.4998801923747272e-06
164.0	1420.2410414788408	2.4e-05	0.5478030057425434	0.5478072966460437	0.5478128416197894	2.9704862446290916e-06
164.0	1420.2410414788408	2.44e-05	0.5478014056955987	0.5478049241577067	0.5478101282058052	2.462807848729232e-06
164.0	1420.2410414788408	2.48e-05	0.5478004788504958	0.5478032581523635	0.5478077836585156	2.000609401243823e-06
164.0	1420.2410414788408	2.5200000000000003e-05	0.5477995156784177	0.5478018847725589	0.5478057831928824	1.6577945013747817e-06
164.0	1420.2410414788408	2.56e-05	0.5477988350373515	0.547800859535041	0.5478040698715416	1.3377624391757178e-06
164.0	1420.2410414788408	2.6e-05	0.5477982457503847	0.5477999667652833	0.5478025869084284	1.082958612768966e-06
164.0	1420.2410414788408	2.64e-05	0.5477977423774494	0.5477992082209606	0.5478012849424188	8.505748934082919e-07
164.0	1420.2410414788408	2.68e-05	0.5477972200084524	0.5477984953101481	0.5478001221126414	6.663397224493988e-07
164.0	1420.2410414788408	2.72e-05	0.547796980520312	0.5477978488171039	0.5477990636487329	4.894599113636814e-07
164.0	1420.2410414788408	2.76e-05	0.5477965554108621	0.5477972105155006	0.5477980805209546	3.514157791381408e-07
164.0	1420.2410414788408	2.8e-05	0.5477960898747547	0.5477965849912992	0.5477971478814263	2.3250181638317393e-07
164.0	1420.2410414788408	2.8400000000000003e-05	0.5477956267987114	0.5477959736385113	0.5477962435605859	1.2362883113277278e-07
164.0	1420.2410414788408	2.88e-05	0.5477951703653083	0.5477953766575591	0.5477956193586451	7.622238113189437e-08
164.0	1420.2410414788408	2.92e-05	0.547794332880331	0.5477947714677506	0.5477951608365448	1.7260459449260542e-07
164.0	1420.2410414788408	2.96e-05	0.5477934563740225	0.5477941627508021	0.5477947484847485	3.1366273784875607e-07
164.0	1420.2410414788408	2.9999999999999997e-05	0.5477924718431071	0.5477935158552703	0.5477942967900535	4.702688508126862e-07
164.0	1420.2410414788408	3.04e-05	0.5477913850970486	0.5477928229391629	0.5477938145837893	6.599271765088213e-07
164.0	1420.2410414788408	3.0799999999999996e-05	0.5477901874191122	0.5477919761630751	0.5477931638962295	8.527966756026927e-07
164.0	1420.2410414788408	3.12e-05	0.5477888556591335	0.5477909967510411	0.5477925967951416	1.1016259339344975e-06
164.0	1420.2410414788408	3.16e-05	0.5477873752475286	0.547789685233566	0.5477916728378869	1.3628524865534479e-06
164.0	1420.2410414788408	3.2e-05	0.5477856987430609	0.5477878647637122	0.5477903081240854	1.628354662577843e-06
164.0	1420.2410414788408	3.2399999999999995e-05	0.5477835645725682	0.5477838165630314	0.5477841059722239	1.2851645213126804e-07
164.0	1420.2410414788408	3.2800000000000004e-05	0.5477770696839599	0.5477797427121189	0.5477824720295681	1.7863359666976527e-06
164.0	1420.2410414788408	3.32e-05	0.5477758467695137	0.5477780552395007	0.5477809727314948	1.5223001362946259e-06
164.0	1420.2410414788408	3.36e-05	0.5477750894945661	0.5477769146157496	0.5477796612879517	1.271727244124749e-06
164.0	1420.2410414788408	3.4e-05	0.5477746615535812	0.5477761329599237	0.5477785501893395	1.0473876929428815e-06
164.0	1420.2410414788408	3.4399999999999996e-05	0.5477742278129831	0.5477755016031035	0.5477776194974471	8.838988099712593e-07
164.0	1420.2410414788408	3.4800000000000006e-05	0.5477739342852512	0.5477750503205155	0.5477768412140609	7.346841350291937e-07
164.0	1420.2410414788408	3.52e-05	0.5477736819587085	0.5477746717261804	0.5477761878136702	6.182766783657113e-07
164.0	1420.2410414788408	3.56e-05	0.5477734803039622	0.5477743694285943	0.5477756350320586	5.133859612147588e-07
164.0	1420.2410414788408	3.6e-05	0.5477732824460873	0.5477740961694865	0.5477751628826875	4.337707257244116e-07
164.0	1420.2410414788408	3.64e-05	0.5477732028823805	0.5477738641794129	0.547774755442302	3.6016671334107853e-07
164.0	1420.2410414788408	3.68e-05	0.5477730519371091	0.5477736423364767	0.5477744002260003	3.084077429512937e-07
164.0	1420.2410414788408	3.72e-05	0.5477728957274977	0.5477734335942389	0.5477740875113017	2.683459843763342e-07
164.0	1420.2410414788408	3.76e-05	0.5477727510961579	0.5477732384004702	0.5477738097395664	2.3477771307347363e-07
164.0	1420.2410414788408	3.7999999999999995e-05	0.5477726276128188	0.5477730553735086	0.5477735610233543	2.0621851430258326e-07
164.0	1420.2410414788408	3.8400000000000005e-05	0.5477725286552726	0.5477728886715518	0.547773336752269	1.81873845107656e-07
164.0	1420.2410414788408	3.88e-05	0.547772425504343	0.547772734505928	0.547773133280578	1.5947109244611862e-07
164.0	1420.2410414788408	3.9200000000000004e-05	0.5477723513945021	0.5477725988747492	0.5477729476791744	1.3743114721082199e-07
164.0	1420.2410414788408	3.96e-05	0.5477722597589576	0.5477724760112108	0.5477727775336678	1.1626192966112468e-07
164.0	1420.2410414788408	3.9999999999999996e-05	0.5477721722276687	0.5477723646711838	0.5477726207660893	9.936138742943322e-08
164.0	1420.2410414788408	4.0400000000000006e-05	0.5477720939593365	0.5477722602621966	0.5477724754591353	8.408600905715088e-08
164.0	1420.2410414788408	4.08e-05	0.5477720264850658	0.5477721642592458	0.547772339743771	7.199880637223928e-08
164.0	1420.2410414788408	4.12e-05	0.5477719653651718	0.5477720766498496	0.547772212427847	6.227331991631264e-08
164.0	1420.2410414788408	4.16e-05	0.5477718951770933	0.5477719990250982	0.5477721030365972	5.6414330387818373e-08
164.0	1420.2410414788408	4.2e-05	0.5477718525238826	0.5477719579055289	0.5477720492516838	5.1618839487517726e-08
165.0	1423.0158594507818	0.0	0.5497722850680162	0.5497753875375374	0.549776938545949	1.0238446590203647e-06
165.0	1423.0158594507818	4e-07	0.5497703049762208	0.5497734900663502	0.5497751318276798	1.0612244817055307e-06
165.0	1423.0158594507818	8e-07	0.5497681260374687	0.5497716126158101	0.5497736342117046	1.1826483713977797e-06
165.0	1423.0158594507818	1.2000000000000002e-06	0.5497657349087266	0.5497697591357055	0.5497727955448228	1.4184798885611345e-06
165.0	1423.0158594507818	1.6e-06	0.5497630987594118	0.5497678058992393	0.5497712051981338	1.706896909471326e-06
165.0	1423.0158594507818	2e-06	0.5497601674389294	0.5497658039514545	0.5497697712329943	2.119252355611725e-06
165.0	1423.0158594507818	2.4000000000000003e-06	0.549756873250022	0.5497635841554463	0.5497681581231229	2.6097502406590568e-06
165.0	1423.0158594507818	2.8000000000000003e-06	0.5497531319023707	0.5497611360294873	0.5497664616362723	3.241197790240968e-06
165.0	1423.0158594507818	3.2e-06	0.5497488385323006	0.5497580231804072	0.5497641362146108	3.9197643877087944e-06
165.0	1423.0158594507818	3.6e-06	0.5497439051140054	0.5497543572183373	0.5497620253515771	4.841881238715688e-06
165.0	1423.0158594507818	4e-06	0.5497382963843629	0.5497493104033344	0.5497584965978257	5.838301447160818e-06
165.0	1423.0158594507818	4.4e-06	0.5497320781785202	0.5497421599049063	0.5497531384564054	6.8646701870506696e-06
165.0	1423.0158594507818	4.800000000000001e-06	0.5497250867013008	0.549725800728365	0.5497264591495474	3.3810121242840427e-07
165.0	1423.0158594507818	5.2e-06	0.5496994673466045	0.5497094675716592	0.5497190512356775	6.915213791321712e-06
165.0	1423.0158594507818	5.600000000000001e-06	0.5496942906803417	0.5497024865538582	0.5497128746405453	5.852301995310299e-06
165.0	1423.0158594507818	6e-06	0.5496909656113758	0.5496976456091525	0.5497073996619006	4.830433067430565e-06
165.0	1423.0158594507818	6.4e-06	0.5496890151011469	0.5496942065120788	0.5497026303841519	3.892833142925132e-06
165.0	1423.0158594507818	6.8e-06	0.5496869712756354	0.5496913451147636	0.5496985149891485	3.1920843117921014e-06
165.0	1423.0158594507818	7.2e-06	0.5496854923828884	0.5496891687664598	0.5496949559619173	2.5294561968142613e-06
165.0	1423.0158594507818	7.6e-06	0.5496841711312319	0.5496872439839409	0.5496918335716572	1.9981370584218727e-06
165.0	1423.0158594507818	8e-06	0.5496831052410709	0.5496855692957128	0.5496890488747139	1.5100124635290309e-06
165.0	1423.0158594507818	8.4e-06	0.5496819155492991	0.5496839732743019	0.5496865166965854	1.1159035470318976e-06
165.0	1423.0158594507818	8.8e-06	0.5496813468032746	0.5496824935982689	0.5496841648431765	7.307372099602358e-07
165.0	1423.0158594507818	9.2e-06	0.5496803147974223	0.5496810179830878	0.5496819313110555	4.1694970361024205e-07
165.0	1423.0158594507818	9.600000000000001e-06	0.549679177416869	0.5496795542459921	0.5496797992128002	1.3986672973136908e-07
165.0	1423.0158594507818	9.999999999999999e-06	0.5496775646784009	0.5496781056652408	0.5496784044201419	1.8465224888660048e-07
165.0	1423.0158594507818	1.04e-05	0.549675368011064	0.5496766756454438	0.5496778354246317	5.125332737010054e-07
165.0	1423.0158594507818	1.08e-05	0.5496730787029964	0.549675187268682	0.5496767373738622	8.474634544015872e-07
165.0	1423.0158594507818	1.1200000000000001e-05	0.5496706372668498	0.5496736624965743	0.5496757309356575	1.2489040985682243e-06
165.0	1423.0158594507818	1.16e-05	0.5496679763170125	0.5496719842069632	0.5496746237942558	1.6848999484427394e-06
165.0	1423.0158594507818	1.2e-05	0.5496650199756301	0.5496701398528109	0.5496733748059812	2.216806217593389e-06
165.0	1423.0158594507818	1.24e-05	0.5496616863363109	0.5496678054191124	0.5496716890399593	2.7692330121177532e-06
165.0	1423.0158594507818	1.28e-05	0.5496578895774462	0.5496650535171622	0.5496701259501977	3.494606976582515e-06
165.0	1423.0158594507818	1.32e-05	0.5496536045442921	0.5496612733625287	0.5496675164294755	4.270435857890416e-06
165.0	1423.0158594507818	1.36e-05	0.5496488777456605	0.5496559210648911	0.5496635479775858	5.066395814969499e-06
165.0	1423.0158594507818	1.4e-05	0.5496434662475096	0.549643695470469	0.5496439357471106	1.1365667696020396e-07
165.0	1423.0158594507818	1.44e-05	0.5496237095294108	0.5496314484305742	0.5496389836975801	5.215185099455816e-06
165.0	1423.0158594507818	1.48e-05	0.5496198799832479	0.5496262316718664	0.5496343658882417	4.419539779032619e-06
165.0	1423.0158594507818	1.52e-05	0.5496174315758129	0.5496226244569129	0.5496302516140039	3.654230668948881e-06
165.0	1423.0158594507818	1.56e-05	0.5496160022762	0.549620071850042	0.5496266777211076	2.953695347853402e-06
165.0	1423.0158594507818	1.6e-05	0.5496145063699842	0.5496179544666907	0.5496236070917719	2.4312241929281035e-06
165.0	1423.0158594507818	1.6400000000000002e-05	0.549613435412784	0.5496163536016385	0.54962095883059	1.9398476760365967e-06
165.0	1423.0158594507818	1.68e-05	0.5496125080424248	0.5496149449992683	0.5496186459645269	1.5462899650150965e-06
165.0	1423.0158594507818	1.7199999999999998e-05	0.5496117009304449	0.549613728537828	0.5496165940169657	1.1859704607802981e-06
165.0	1423.0158594507818	1.76e-05	0.5496108514695184	0.5496125742530495	0.5496147392112549	8.965911112764182e-07
165.0	1423.0158594507818	1.8e-05	0.5496104511314597	0.5496115114352917	0.549613027860242	6.155215315253292e-07
165.0	1423.0158594507818	1.84e-05	0.5496097503539259	0.5496104547656605	0.5496114142830741	3.895444280185714e-07
165.0	1423.0158594507818	1.88e-05	0.5496089746700044	0.5496094104440647	0.5496098583499869	1.906018535232824e-07
165.0	1423.0158594507818	1.9200000000000003e-05	0.5496081825296759	0.549608380804319	0.5496085771560795	7.698840147038451e-08
165.0	1423.0158594507818	1.9600000000000002e-05	0.5496067439229968	0.5496073676442798	0.5496080284299456	2.7339533503656924e-07
165.0	1423.0158594507818	1.9999999999999998e-05	0.5496051421721218	0.5496063213100063	0.5496072309673963	5.017026060466457e-07
165.0	1423.0158594507818	2.04e-05	0.5496034473618021	0.5496052550520226	0.5496065154930481	7.754064680474136e-07
165.0	1423.0158594507818	2.08e-05	0.5496016138567672	0.5496040929935013	0.5496057181692402	1.072335440999684e-06
165.0	1423.0158594507818	2.12e-05	0.5495995907394837	0.5496028251226032	0.549604854052907	1.4336762704550691e-06
165.0	1423.0158594507818	2.16e-05	0.5495973242532894	0.5496012354053983	0.5496037026498097	1.8064154014607542e-06
165.0	1423.0158594507818	2.2e-05	0.5495947587499899	0.5495993708007932	0.5496026390490263	2.2935390187691428e-06
165.0	1423.0158594507818	2.2400000000000002e-05	0.5495918740501367	0.5495968265783132	0.5496008763131046	2.812146083498677e-06
165.0	1423.0158594507818	2.28e-05	0.5495887054218249	0.5495932425738189	0.5495982149460978	3.3431710725165877e-06
165.0	1423.0158594507818	2.32e-05	0.5495848556970833	0.5495851110310287	0.5495854029308305	1.271871468454872e-07
165.0	1423.0158594507818	2.36e-05	0.5495717355134406	0.5495769547198037	0.5495821089653585	3.4999133721800377e-06
165.0	1423.0158594507818	2.4e-05	0.5495692134095105	0.5495735044779023	0.549579049617555	2.970520181360561e-06
165.0	1423.0158594507818	2.44e-05	0.5495676133474108	0.5495711319595763	0.5495763361710493	2.4628390607500106e-06
165.0	1423.0158594507818	2.48e-05	0.5495666864969495	0.5495694659329381	0.5495739915946558	2.000636949667317e-06
165.0	1423.0158594507818	2.5200000000000003e-05	0.5495657233147186	0.5495680925355391	0.5495719911033605	1.6578186660997263e-06
165.0	1423.0158594507818	2.56e-05	0.5495650426751437	0.5495670672831895	0.549570277759317	1.3377852818553457e-06
165.0	1423.0158594507818	2.6e-05	0.549564453372196	0.5495661744997633	0.5495687947760235	1.0829808014163836e-06
165.0	1423.0158594507818	2.64e-05	0.5495639499986238	0.5495654159438742	0.5495674927919385	8.505967162859034e-07
165.0	1423.0158594507818	2.68e-05	0.5495634276318873	0.5495647030230096	0.5495663299458213	6.663605877849527e-07
165.0	1423.0158594507818	2.72e-05	0.5495631881333898	0.5495640565207641	0.5495652714669719	4.894814854679359e-07
165.0	1423.0158594507818	2.76e-05	0.5495627630177484	0.5495634182102356	0.5495642883253433	3.514386841523793e-07
165.0	1423.0158594507818	2.8e-05	0.5495622974661467	0.5495627926774919	0.549563355672742	2.3252802632214282e-07
165.0	1423.0158594507818	2.8400000000000003e-05	0.5495618343835007	0.5495621813165652	0.5495624513392707	1.2366632202976796e-07
165.0	1423.0158594507818	2.88e-05	0.5495613779058672	0.5495615843278222	0.5495618271719751	7.627366549492359e-08
165.0	1423.0158594507818	2.92e-05	0.5495605404061985	0.5495609791299534	0.5495613686465983	1.7262673308508492e-07
165.0	1423.0158594507818	2.96e-05	0.5495596638835236	0.5495603704056985	0.5495609562890174	3.136789614403992e-07
165.0	1423.0158594507818	2.9999999999999997e-05	0.5495586795645835	0.5495597235023609	0.5495605045884666	4.7028604326259684e-07
165.0	1423.0158594507818	3.04e-05	0.5495575928009364	0.549559030576813	0.5495600223788513	6.599478628903531e-07
165.0	1423.0158594507818	3.0799999999999996e-05	0.5495563951025293	0.5495581837864423	0.5495593716843938	8.528200451194504e-07
165.0	1423.0158594507818	3.12e-05	0.5495550633185129	0.5495572043574558	0.5495588045768978	1.1016546078308037e-06
165.0	1423.0158594507818	3.16e-05	0.5495535828815168	0.5495558928162475	0.5495578806075958	1.3628886453028525e-06
165.0	1423.0158594507818	3.2e-05	0.5495519060887144	0.5495540723119823	0.549556515871795	1.6284024940017797e-06
165.0	1423.0158594507818	3.2399999999999995e-05	0.5495497719038864	0.5495500240199387	0.5495503135374076	1.2856351911439353e-07
165.0	1423.0158594507818	3.2800000000000004e-05	0.5495432768842701	0.5495459500868874	0.5495486795598028	1.7863686762461813e-06
165.0	1423.0158594507818	3.32e-05	0.5495420539456308	0.5495442625743358	0.5495471802284655	1.5223341932939607e-06
165.0	1423.0158594507818	3.36e-05	0.5495412966570745	0.5495431219227694	0.5495458687546817	1.2717593513492875e-06
165.0	1423.0158594507818	3.4e-05	0.5495408687109711	0.5495423402473536	0.5495447576315877	1.0474170635455818e-06
165.0	1423.0158594507818	3.4399999999999996e-05	0.5495404349619522	0.5495417088744928	0.5495438269164676	8.839256396958981e-07
165.0	1423.0158594507818	3.4800000000000006e-05	0.5495401414358305	0.5495412575785638	0.5495430486128798	7.347104460346294e-07
165.0	1423.0158594507818	3.52e-05	0.5495398890957404	0.5495408789719779	0.5495423951949316	6.183032803969399e-07
165.0	1423.0158594507818	3.56e-05	0.5495396874408565	0.5495405766646204	0.5495418423980611	5.134128791665752e-07
165.0	1423.0158594507818	3.6e-05	0.5495394895859294	0.5495403033974681	0.5495413702354446	4.3379723873404947e-07
165.0	1423.0158594507818	3.64e-05	0.5495394100125104	0.5495400714004539	0.5495409627835901	3.601940032150912e-07
165.0	1423.0158594507818	3.68e-05	0.5495392590622084	0.5495398495510311	0.5495406075574012	3.0843572755002676e-07
165.0	1423.0158594507818	3.72e-05	0.5495391028393559	0.5495396408029508	0.5495402948342303	2.683745581576135e-07
165.0	1423.0158594507818	3.76e-05	0.5495389582039456	0.5495394456040195	0.5495400170552873	2.3480687249383819e-07
165.0	1423.0158594507818	3.7999999999999995e-05	0.5495388347169738	0.5495392625724421	0.5495397683329921	2.062485295714579e-07
165.0	1423.0158594507818	3.8400000000000005e-05	0.5495387357592953	0.5495390958662949	0.5495395440568185	1.819056690831011e-07
165.0	1423.0158594507818	3.88e-05	0.5495386326028333	0.5495389416978338	0.5495393405809033	1.5950447791447173e-07
165.0	1423.0158594507818	3.9200000000000004e-05	0.5495385584838468	0.549538806064881	0.5495391549760269	1.3746739381397907e-07
165.0	1423.0158594507818	3.96e-05	0.5495384668401551	0.5495386831991511	0.5495389848276933	1.1630342735654005e-07
165.0	1423.0158594507818	3.9999999999999996e-05	0.5495383793152904	0.5495385718555911	0.5495388280578579	9.941043371638014e-08
165.0	1423.0158594507818	4.0400000000000006e-05	0.5495383010404957	0.5495384674436686	0.549538682749179	8.414429736172502e-08
165.0	1423.0158594507818	4.08e-05	0.5495382335501011	0.5495383714387411	0.5495385470326699	7.206692541323161e-08
165.0	1423.0158594507818	4.12e-05	0.5495381724012809	0.549538283829374	0.5495384197165176	6.235162845672262e-08
165.0	1423.0158594507818	4.16e-05	0.5495381022399037	0.5495382062081476	0.549538310329317	5.649788128286222e-08
165.0	1423.0158594507818	4.2e-05	0.5495380595853607	0.5495381651331099	0.5495382565556044	5.1695958374614795e-08
166.0	1425.7906774227229	0.0	0.5515410136520158	0.5515441160586161	0.5515456669933432	1.0238124628616167e-06
166.0	1425.7906774227229	4e-07	0.551539033559985	0.5515422185871975	0.5515438603030205	1.0611935589589769e-06
166.0	1425.7906774227229	8e-07	0.5515368546203518	0.5515403411361414	0.5515423626862761	1.182621269825647e-06
166.0	1425.7906774227229	1.2000000000000002e-06	0.5515344634900083	0.5515384876553583	0.5515415240263675	1.4184590487296187e-06
166.0	1425.7906774227229	1.6e-06	0.5515318273382066	0.5515365344173289	0.5515399336684075	1.7068807184040288e-06
166.0	1425.7906774227229	2e-06	0.5515288960141129	0.5515345324683111	0.5515384996942583	2.119242292210766e-06
166.0	1425.7906774227229	2.4000000000000003e-06	0.5515256018201447	0.5515323126700311	0.5515368865898296	2.6097456196852486e-06
166.0	1425.7906774227229	2.8000000000000003e-06	0.5515218604655825	0.5515298645402822	0.551535190088563	3.241199079410274e-06
166.0	1425.7906774227229	3.2e-06	0.5515175670897063	0.5515267516834133	0.5515328646590785	3.919769370020856e-06
166.0	1425.7906774227229	3.6e-06	0.5515126336591045	0.5515230857118351	0.5515307537832417	4.8418917732024916e-06
166.0	1425.7906774227229	4e-06	0.5515070249140077	0.5515180388829614	0.5515272250141932	5.838318958778961e-06
166.0	1425.7906774227229	4.4e-06	0.5515008066896279	0.5515108883638649	0.5515218668515471	6.8646983083099775e-06
166.0	1425.7906774227229	4.800000000000001e-06	0.5514938152122406	0.5514945291260777	0.5514951874096745	3.3802101675534966e-07
166.0	1425.7906774227229	5.2e-06	0.5514681956727747	0.5514781959161371	0.5514877794694613	6.915227253858282e-06
166.0	1425.7906774227229	5.600000000000001e-06	0.5514630188571097	0.551471214869907	0.5514816030865841	5.8523184230655505e-06
166.0	1425.7906774227229	6e-06	0.5514596937785559	0.5514663739050512	0.5514761280880105	4.8304486945704455e-06
166.0	1425.7906774227229	6.4e-06	0.5514577432666652	0.5514629347935575	0.5514713587919555	3.8928465660938444e-06
166.0	1425.7906774227229	6.8e-06	0.5514556994337818	0.5514600733842655	0.5514672433805439	3.192095383209407e-06
166.0	1425.7906774227229	7.2e-06	0.5514542205450956	0.5514578970252658	0.5514636843382572	2.5294665969330043e-06
166.0	1425.7906774227229	7.6e-06	0.5514528993235128	0.5514559722327257	0.5514605619343449	1.99814697242045e-06
166.0	1425.7906774227229	8e-06	0.5514518333895353	0.5514542975357918	0.5514577772249574	1.5100217766404422e-06
166.0	1425.7906774227229	8.4e-06	0.5514506437016378	0.551452701506894	0.5514552450354095	1.1159110858089513e-06
166.0	1425.7906774227229	8.8e-06	0.5514500750293223	0.551451221823892	0.5514528931714251	7.307432113885683e-07
166.0	1425.7906774227229	9.2e-06	0.5514490431354258	0.5514497462019456	0.5514506596293884	4.1695221058516637e-07
166.0	1425.7906774227229	9.600000000000001e-06	0.5514479057511359	0.5514482824583292	0.5514485273083647	1.3985503492251949e-07
166.0	1425.7906774227229	9.999999999999999e-06	0.5514462929767383	0.551446833871317	0.5514471325557793	1.84633201649031e-07
166.0	1425.7906774227229	1.04e-05	0.5514440962999494	0.5514454038455231	0.5514465635591153	5.12525755454862e-07
166.0	1425.7906774227229	1.08e-05	0.5514418069820399	0.5514439154624698	0.5514454654940932	8.47459617800468e-07
166.0	1425.7906774227229	1.1200000000000001e-05	0.5514393655352432	0.5514423906847459	0.5514444590450598	1.2489049201898388e-06
166.0	1425.7906774227229	1.16e-05	0.5514367045734456	0.5514407123889488	0.5514433519080288	1.6849053049282362e-06
166.0	1425.7906774227229	1.2e-05	0.5514337482182015	0.5514388680273025	0.5514421029030006	2.2168169139023386e-06
166.0	1425.7906774227229	1.24e-05	0.5514304145641402	0.5514365335818876	0.5514404171269645	2.769247263485297e-06
166.0	1425.7906774227229	1.28e-05	0.5514266177854994	0.5514337816660301	0.551438854022388	3.4946268648444885e-06
166.0	1425.7906774227229	1.32e-05	0.5514223327288539	0.5514300014919389	0.5514362444831145	4.270463236633106e-06
166.0	1425.7906774227229	1.36e-05	0.5514176059031053	0.5514246491659264	0.5514322760054	5.066434637631164e-06
166.0	1425.7906774227229	1.4e-05	0.5514121942682957	0.5514124234929804	0.5514126638743919	1.136682723409931e-07
166.0	1425.7906774227229	1.44e-05	0.5513924373106818	0.5514001763814765	0.5514077117945497	5.21521016256083e-06
166.0	1425.7906774227229	1.48e-05	0.5513886077424237	0.5513949595865475	0.5514030939558738	4.41956660670597e-06
166.0	1425.7906774227229	1.52e-05	0.551386159322667	0.5513913523460802	0.55139897965448	3.65425565977824e-06
166.0	1425.7906774227229	1.56e-05	0.5513847300196479	0.5513887997210138	0.5513954057370407	2.9537173769951736e-06
166.0	1425.7906774227229	1.6e-05	0.5513832341046125	0.5513866823225749	0.5513923350853958	2.431243330565958e-06
166.0	1425.7906774227229	1.6400000000000002e-05	0.5513821631502731	0.5513850814445026	0.5513896868046642	1.9398658854370115e-06
166.0	1425.7906774227229	1.68e-05	0.5513812357642376	0.5513836728300578	0.551387373921072	1.5463076743094597e-06
166.0	1425.7906774227229	1.7199999999999998e-05	0.5513804286525845	0.5513824563582487	0.5513853219576852	1.1859879301521328e-06
166.0	1425.7906774227229	1.76e-05	0.5513795791947329	0.5513813020644638	0.5513834671375593	8.966076226944456e-07
166.0	1425.7906774227229	1.8e-05	0.5513791788466778	0.5513802392383864	0.5513817557732761	6.155386912319823e-07
166.0	1425.7906774227229	1.84e-05	0.551378478063576	0.5513791825606673	0.5513801421837243	3.8956306454948224e-07
166.0	1425.7906774227229	1.88e-05	0.5513777023647561	0.5513781382312849	0.5513785862388696	1.9062645916621582e-07
166.0	1425.7906774227229	1.9200000000000003e-05	0.5513769101851871	0.5513771085840722	0.5513773049939168	7.70258034451959e-08
166.0	1425.7906774227229	1.9600000000000002e-05	0.5513754717877069	0.5513760954168669	0.5513767563445526	2.7340387588165815e-07
166.0	1425.7906774227229	1.9999999999999998e-05	0.5513738700247783	0.5513750490751167	0.5513759588788281	5.017080043629248e-07
166.0	1425.7906774227229	2.04e-05	0.5513721752015206	0.5513739828103466	0.551375243217521	7.754139257537354e-07
166.0	1425.7906774227229	2.08e-05	0.5513703416820945	0.5513728207444302	0.5513744458516605	1.0723464856032527e-06
166.0	1425.7906774227229	2.12e-05	0.5513683185483051	0.5513715528646189	0.5513735817178391	1.43369217264066e-06
166.0	1425.7906774227229	2.16e-05	0.5513660520427708	0.5513699631338151	0.5513724303033474	1.8064346993594663e-06
166.0	1425.7906774227229	2.2e-05	0.5513634865180936	0.5513680985130531	0.5513713666868307	2.2935640514847105e-06
166.0	1425.7906774227229	2.2400000000000002e-05	0.5513606017911954	0.5513655542679542	0.5513696039302571	2.812178845011106e-06
166.0	1425.7906774227229	2.28e-05	0.5513574331319537	0.5513619702305934	0.5513669425341314	3.3432156134397276e-06
166.0	1425.7906774227229	2.32e-05	0.5513535831403074	0.5513538385994079	0.5513541306067653	1.272298881943675e-07
166.0	1425.7906774227229	2.36e-05	0.5513404628262721	0.5513456822078949	0.5513508366072042	3.4999432501574013e-06
166.0	1425.7906774227229	2.4e-05	0.55133794069814	0.5513422319264194	0.5513477772266961	2.970551284381142e-06
166.0	1425.7906774227229	2.44e-05	0.5513363406224032	0.5513398593803713	0.5513450637501798	2.462867900327184e-06
166.0	1425.7906774227229	2.48e-05	0.551335413767382	0.5513381933340408	0.5513427191468949	2.0006625711983624e-06
166.0	1425.7906774227229	2.5200000000000003e-05	0.551334450576018	0.5513368199203791	0.5513407186318462	1.6578412396457303e-06
166.0	1425.7906774227229	2.56e-05	0.5513337699384637	0.5513357946542073	0.5513390052667786	1.3378068511779592e-06
166.0	1425.7906774227229	2.6e-05	0.5513331806203476	0.5513349018579796	0.5513375222647872	1.0830020128995186e-06
166.0	1425.7906774227229	2.64e-05	0.5513326772466147	0.5513341432913107	0.5513362202639573	8.506177923091738e-07
166.0	1425.7906774227229	2.68e-05	0.551332154882588	0.551333430361164	0.5513350574027163	6.663808814926113e-07
166.0	1425.7906774227229	2.72e-05	0.5513319153739298	0.5513327838504436	0.5513339989100645	4.895026562718006e-07
166.0	1425.7906774227229	2.76e-05	0.5513314902525659	0.5513321455317196	0.5513330157556675	3.514613152836523e-07
166.0	1425.7906774227229	2.8e-05	0.5513310246861298	0.5513315199911678	0.5513320830910455	2.3255405722324162e-07
166.0	1425.7906774227229	2.8400000000000003e-05	0.5513305615974904	0.5513309086228377	0.5513311787459934	1.2370365574775632e-07
166.0	1425.7906774227229	2.88e-05	0.5513301050765458	0.5513303116270339	0.5513305546138438	7.632456535630642e-08
166.0	1425.7906774227229	2.92e-05	0.5513292675632373	0.5513297064218705	0.5513300960858825	1.726484438712564e-07
166.0	1425.7906774227229	2.96e-05	0.5513283910253275	0.5513290976911054	0.5513296837230977	3.136946312755172e-07
166.0	1425.7906774227229	2.9999999999999997e-05	0.5513274069187153	0.551328450780855	0.5513292320170997	4.703025586168151e-07
166.0	1425.7906774227229	3.04e-05	0.5513263201388874	0.5513277578468039	0.5513287498048971	6.599676497393771e-07
166.0	1425.7906774227229	3.0799999999999996e-05	0.5513251224215923	0.5513269110432995	0.5513280991043041	8.528422821871891e-07
166.0	1425.7906774227229	3.12e-05	0.5513237906153341	0.5513259315986891	0.5513275319912365	1.101681836678814e-06
166.0	1425.7906774227229	3.16e-05	0.5513223101549976	0.5513246200355213	0.551326608011113	1.3629230028012497e-06
166.0	1425.7906774227229	3.2e-05	0.5513206330774301	0.5513227994993283	0.5513252432550457	1.6284481499338384e-06
166.0	1425.7906774227229	3.2399999999999995e-05	0.5513184988814217	0.5513187511216459	0.5513190407467174	1.286102318397947e-07
166.0	1425.7906774227229	3.2800000000000004e-05	0.5513120037408461	0.5513146771126272	0.5513174067365672	1.7863985376612668e-06
166.0	1425.7906774227229	3.32e-05	0.5513107807800095	0.5513129895628068	0.551315907374228	1.5223657831750719e-06
166.0	1425.7906774227229	3.36e-05	0.5513100234790471	0.5513118488852584	0.5513145958722223	1.2717893648774717e-06
166.0	1425.7906774227229	3.4e-05	0.5513095955284264	0.551311067191518	0.5513134847263652	1.0474446978378583e-06
166.0	1425.7906774227229	3.4399999999999996e-05	0.5513091617717816	0.5513104358036495	0.5513125539895123	8.839509968151776e-07
166.0	1425.7906774227229	3.4800000000000006e-05	0.551308868247621	0.5513099844951307	0.5513117756670018	7.347355274918612e-07
166.0	1425.7906774227229	3.52e-05	0.5513086158946328	0.5513096058769108	0.5513111222325948	6.183288809355413e-07
166.0	1425.7906774227229	3.56e-05	0.5513084142399292	0.5513093035603186	0.5513105694214202	5.134389614908218e-07
166.0	1425.7906774227229	3.6e-05	0.5513082163882155	0.5513090302856362	0.551310097246394	4.338230326708368e-07
166.0	1425.7906774227229	3.64e-05	0.5513081368051775	0.5513087982821446	0.5513096897838157	3.60220681561825e-07
166.0	1425.7906774227229	3.68e-05	0.5513079858501415	0.5513085764266898	0.5513093345484119	3.0846317530802726e-07
166.0	1425.7906774227229	3.72e-05	0.5513078296144966	0.5513083676732145	0.5513090218173797	2.684026459419232e-07
166.0	1425.7906774227229	3.76e-05	0.5513076849753933	0.5513081724695569	0.5513087440317923	2.3483558150731894e-07
166.0	1425.7906774227229	3.7999999999999995e-05	0.5513075614851539	0.5513079894337851	0.5513084953039389	2.0627812910674103e-07
166.0	1425.7906774227229	3.8400000000000005e-05	0.5513074625276904	0.5513078227238585	0.5513082710231654	1.8193710207522883e-07
166.0	1425.7906774227229	3.88e-05	0.551307359365941	0.5513076685529679	0.5513080675434896	1.5953749120089593e-07
166.0	1425.7906774227229	3.9200000000000004e-05	0.5513072852380043	0.5513075329186554	0.5513078819355766	1.3750325607318742e-07
166.0	1425.7906774227229	3.96e-05	0.5513071935863945	0.5513074100511053	0.5513077117848315	1.1634453750995285e-07
166.0	1425.7906774227229	3.9999999999999996e-05	0.5513071060685162	0.5513072987043736	0.5513075550131363	9.945907269256904e-08
166.0	1425.7906774227229	4.0400000000000006e-05	0.5513070277875691	0.5513071942898641	0.551307409703111	8.420215539419376e-08
166.0	1425.7906774227229	4.08e-05	0.5513069602811811	0.5513070982832887	0.5513072739858185	7.213458207161001e-08
166.0	1425.7906774227229	4.12e-05	0.5513068991035999	0.5513070106742572	0.5513071466697834	6.242944327617478e-08
166.0	1425.7906774227229	4.16e-05	0.5513068289694267	0.5513069330568412	0.5513070372870104	5.658092629751826e-08
166.0	1425.7906774227229	4.2e-05	0.5513067863136927	0.5513068920264751	0.5513069835247055	5.177261505836155e-08
167.0	1428.565495394664	0.0	0.5533123047462727	0.5533154070893904	0.5533169579500719	1.0237800225189913e-06
167.0	1428.565495394664	4e-07	0.5533103246540216	0.5533135096177526	0.5533151512878849	1.061162386998246e-06
167.0	1428.565495394664	8e-07	0.5533081457135607	0.553311632166217	0.5533136536704415	1.1825939059279417e-06
167.0	1428.565495394664	1.2000000000000002e-06	0.5533057545817064	0.5533097786848072	0.5533128150176223	1.4184379244065082e-06
167.0	1428.565495394664	1.6e-06	0.5533031184275519	0.5533078254453065	0.5533112246485752	1.7068642240996248e-06
167.0	1428.565495394664	2e-06	0.553300187100028	0.5533058234951859	0.5533097906655611	2.11923190764401e-06
167.0	1428.565495394664	2.4000000000000003e-06	0.5532968929012343	0.5533036036948369	0.5533081775665467	2.609740693078555e-06
167.0	1428.565495394664	2.8000000000000003e-06	0.5532931515400614	0.5533011555615107	0.5533064810511297	3.2412000318420454e-06
167.0	1428.565495394664	3.2e-06	0.5532888581591662	0.5532980426971373	0.5533041556139766	3.919773975157545e-06
167.0	1428.565495394664	3.6e-06	0.5532839247167098	0.5532943767163913	0.5533020447256174	4.8419018651484735e-06
167.0	1428.565495394664	4e-06	0.5532783159567103	0.5532893298741213	0.5532985159416306	5.838335933030013e-06
167.0	1428.565495394664	4.4e-06	0.5532720977144576	0.5532821793350579	0.5532931577582474	6.864725787756808e-06
167.0	1428.565495394664	4.800000000000001e-06	0.553265106237216	0.5532658200378369	0.5532664781842529	3.379409486842663e-07
167.0	1428.565495394664	5.2e-06	0.5532394865168877	0.5532494867768477	0.5532590702186582	6.91523969503485e-06
167.0	1428.565495394664	5.600000000000001e-06	0.5532343095530114	0.5532425057032324	0.5532528940484722	5.852333973774114e-06
167.0	1428.565495394664	6e-06	0.5532309844653849	0.5532376647189842	0.5532474190307708	4.830463590753552e-06
167.0	1428.565495394664	6.4e-06	0.553229033952066	0.5532342255936228	0.5532426497171512	3.892859416709727e-06
167.0	1428.565495394664	6.8e-06	0.5532269901122282	0.5532313641728266	0.5532385342901769	3.192106007030908e-06
167.0	1428.565495394664	7.2e-06	0.5532255112277404	0.5532291878035079	0.553234975233444	2.5294766766366725e-06
167.0	1428.565495394664	7.6e-06	0.5532241900360155	0.5532272630012725	0.5532318528164506	1.9981567124008603e-06
167.0	1428.565495394664	8e-06	0.5532231240590377	0.5532255882959701	0.553229068095165	1.5100310155981028e-06
167.0	1428.565495394664	8.4e-06	0.5532219343751734	0.5532239922599399	0.553226535894729	1.1159186282879177e-06
167.0	1428.565495394664	8.8e-06	0.5532213657764862	0.5532225125703308	0.553224184020702	7.30749300903295e-07
167.0	1428.565495394664	9.2e-06	0.5532203339946404	0.5532210369419948	0.5532219504692932	4.169548869784313e-07
167.0	1428.565495394664	9.600000000000001e-06	0.5532191966070048	0.5532195731922521	0.55321981792624	1.3984359125439149e-07
167.0	1428.565495394664	9.999999999999999e-06	0.5532175837976947	0.5532181245993905	0.5532184232130888	1.8461391102025188e-07
167.0	1428.565495394664	1.04e-05	0.5532153871121066	0.5532166945680207	0.5532178542159576	5.125178566427949e-07
167.0	1428.565495394664	1.08e-05	0.5532130977850729	0.5532152061791477	0.5532167561371493	8.474552888495845e-07
167.0	1428.565495394664	1.1200000000000001e-05	0.5532106563284316	0.5532136813963235	0.553215749677685	1.2489051227440456e-06
167.0	1428.565495394664	1.16e-05	0.5532079953555931	0.5532120030949667	0.5532146425452629	1.6849099423972754e-06
167.0	1428.565495394664	1.2e-05	0.5532050389875494	0.5532101587265053	0.5532133935240706	2.216826712767791e-06
167.0	1428.565495394664	1.24e-05	0.553201705320113	0.5532078242702538	0.5532117077385985	2.7692604240595912e-06
167.0	1428.565495394664	1.28e-05	0.5531979085231526	0.5532050723415378	0.553210144619892	3.4946453980956246e-06
167.0	1428.565495394664	1.32e-05	0.5531936234447103	0.5532012921494459	0.5532075350630947	4.270488950844548e-06
167.0	1428.565495394664	1.36e-05	0.5531888965937748	0.5531959397971652	0.55320356656107	5.0664714684165386e-06
167.0	1428.565495394664	1.4e-05	0.5531834848241806	0.5531837140507618	0.5531839545368902	1.1367993386539651e-07
167.0	1428.565495394664	1.44e-05	0.5531637276370063	0.5531714668731146	0.5531790024288954	5.2152327942637066e-06
167.0	1428.565495394664	1.48e-05	0.5531598980485164	0.5531662500444099	0.5531743845629578	4.4195913532804e-06
167.0	1428.565495394664	1.52e-05	0.5531574496176024	0.5531626427801564	0.5531702702363077	3.6542789162841267e-06
167.0	1428.565495394664	1.56e-05	0.5531560203117882	0.5531600901381333	0.5531666962960182	2.9537380144499048e-06
167.0	1428.565495394664	1.6e-05	0.5531545243887468	0.5531579727256482	0.5531636256236006	2.4312613380477486e-06
167.0	1428.565495394664	1.6400000000000002e-05	0.5531534534376847	0.5531563718353627	0.5531609773246435	1.9398832178593393e-06
167.0	1428.565495394664	1.68e-05	0.5531525260366497	0.553154963209546	0.5531586644247168	1.5463247525732102e-06
167.0	1428.565495394664	1.7199999999999998e-05	0.553151718925716	0.5531537467280281	0.5531566124465979	1.186004957821582e-06
167.0	1428.565495394664	1.76e-05	0.5531508694713176	0.5531525924258961	0.5531547576130809	8.96623839500848e-07
167.0	1428.565495394664	1.8e-05	0.5531504691134348	0.5531515295921384	0.5531530462365071	6.155557028260318e-07
167.0	1428.565495394664	1.84e-05	0.5531497683251745	0.5531504729069813	0.5531514326355298	3.895816726359376e-07
167.0	1428.565495394664	1.88e-05	0.5531489926120416	0.553149428570475	0.5531498766798641	1.9065111835787683e-07
167.0	1428.565495394664	1.9200000000000003e-05	0.5531482003943013	0.553148398916469	0.5531485953838802	7.706295545957215e-08
167.0	1428.565495394664	1.9600000000000002e-05	0.5531467622065049	0.5531473857427741	0.5531480468119714	2.7341200297038473e-07
167.0	1428.565495394664	1.9999999999999998e-05	0.5531451604326154	0.5531463393942763	0.5531472493437342	5.017128442397477e-07
167.0	1428.565495394664	2.04e-05	0.5531434655976097	0.5531452731234926	0.553146533495882	7.754206484508543e-07
167.0	1428.565495394664	2.08e-05	0.553141632065115	0.5531441110510766	0.5531457360890331	1.0723566377056092e-06
167.0	1428.565495394664	2.12e-05	0.5531396089163181	0.5531428431633163	0.5531448719385175	1.4337069310095937e-06
167.0	1428.565495394664	2.16e-05	0.5531373423931596	0.5531412534201369	0.5531437205134733	1.806452586767329e-06
167.0	1428.565495394664	2.2e-05	0.553134776849137	0.5531393887846594	0.5531426568821445	2.2935873143714975e-06
167.0	1428.565495394664	2.2400000000000002e-05	0.5531318920974675	0.5531368445189166	0.5531408941063214	2.812209427573719e-06
167.0	1428.565495394664	2.28e-05	0.5531287234098441	0.5531332604515071	0.5531382326831391	3.343257547302385e-06
167.0	1428.565495394664	2.32e-05	0.553124873155288	0.5531251287385444	0.5531254208531609	1.2727246724082214e-07
167.0	1428.565495394664	2.36e-05	0.5531117527223763	0.5531169722737675	0.553122126822287	3.4999699949900157e-06
167.0	1428.565495394664	2.4e-05	0.5531092305723595	0.5531135219557967	0.5531190674117088	2.9705797016505284e-06
167.0	1428.565495394664	2.44e-05	0.5531076304844253	0.5531111493841764	0.553116353907563	2.4628944924859374e-06
167.0	1428.565495394664	2.48e-05	0.5531067036256108	0.5531094833196747	0.5531140092794837	2.000686367711839e-06
167.0	1428.565495394664	2.5200000000000003e-05	0.5531057404260791	0.5531081098910158	0.5531120087424899	1.6578623060736663e-06
167.0	1428.565495394664	2.56e-05	0.5531050597910641	0.5531070846119812	0.553110295357989	1.3378272149239628e-06
167.0	1428.565495394664	2.6e-05	0.5531044704585355	0.5531061918037768	0.5531088123387065	1.0830222995248292e-06
167.0	1428.565495394664	2.64e-05	0.5531039670851037	0.5531054332270757	0.5531075103223975	8.506381624529141e-07
167.0	1428.565495394664	2.68e-05	0.5531034447242265	0.5531047202883794	0.5531063474471871	6.664006354859608e-07
167.0	1428.565495394664	2.72e-05	0.5531032052055957	0.5531040737698751	0.5531052889418095	4.895234475676356e-07
167.0	1428.565495394664	2.76e-05	0.5531027800789614	0.5531034354436501	0.5531043057756726	3.5148369024602714e-07
167.0	1428.565495394664	2.8e-05	0.5531023144982985	0.5531028098959885	0.5531033731000337	2.3257992259694384e-07
167.0	1428.565495394664	2.8400000000000003e-05	0.5531018514042483	0.5531021985209554	0.5531024687443971	1.237408459586707e-07
167.0	1428.565495394664	2.88e-05	0.5531013948408701	0.5531016015187854	0.5531018446478715	7.637510654864937e-08
167.0	1428.565495394664	2.92e-05	0.5531005573149255	0.5531009963070557	0.553101386117981	1.726697498749661e-07
167.0	1428.565495394664	2.96e-05	0.553099680762859	0.5531003875705383	0.5531009737505439	3.13709774873736e-07
167.0	1428.565495394664	2.9999999999999997e-05	0.5530986968689229	0.5530997406542241	0.5531005220394887	4.70318428705188e-07
167.0	1428.565495394664	3.04e-05	0.5530976100742535	0.5530990477125617	0.5531000398254182	6.599865788967307e-07
167.0	1428.565495394664	3.0799999999999996e-05	0.5530964123395776	0.5530982008970178	0.5530993891194189	8.528634381241399e-07
167.0	1428.565495394664	3.12e-05	0.5530950805127857	0.5530972214380498	0.5530988220015756	1.1017076857597335e-06
167.0	1428.565495394664	3.16e-05	0.553093600031068	0.5530959098546149	0.5530978980117958	1.362955641968749e-06
167.0	1428.565495394664	3.2e-05	0.5530919226721291	0.553094089288865	0.5530965332371194	1.6284917332056178e-06
167.0	1428.565495394664	3.2399999999999995e-05	0.5530897884679673	0.5530900408310033	0.5530903305630348	1.286566093119715e-07
167.0	1428.565495394664	3.2800000000000004e-05	0.5530832932159901	0.5530859667518976	0.5530886965226331	1.7864256832215405e-06
167.0	1428.565495394664	3.32e-05	0.5530820702348533	0.5530842791673465	0.553087197131445	1.5223950231200873e-06
167.0	1428.565495394664	3.36e-05	0.5530813129226271	0.5530831384655621	0.5530858856031475	1.2718173852573315e-06
167.0	1428.565495394664	3.4e-05	0.5530808849680691	0.5530823567547043	0.5530847744361651	1.047470679564019e-06
167.0	1428.565495394664	3.4399999999999996e-05	0.5530804512045542	0.553081725352814	0.5530838436790049	8.839749520447195e-07
167.0	1428.565495394664	3.4800000000000006e-05	0.5530801576827002	0.5530812740324235	0.5530830653387921	7.347594383383628e-07
167.0	1428.565495394664	3.52e-05	0.5530799053174205	0.5530808954031595	0.5530824118889752	6.183535276651525e-07
167.0	1428.565495394664	3.56e-05	0.5530797036632054	0.5530805930778468	0.5530818590644069	5.134642480238222e-07
167.0	1428.565495394664	3.6e-05	0.5530795058149556	0.5530803197961262	0.5530813868777722	4.338481419505903e-07
167.0	1428.565495394664	3.64e-05	0.5530794262223866	0.5530800877865997	0.5530809794051814	3.602467783629951e-07
167.0	1428.565495394664	3.68e-05	0.5530792752629017	0.5530798659255481	0.5530806241612014	3.0849011313311204e-07
167.0	1428.565495394664	3.72e-05	0.5530791190148872	0.5530796571671045	0.5530803114228915	2.684302727010187e-07
167.0	1428.565495394664	3.76e-05	0.5530789743724469	0.5530794619591377	0.5530800336311978	2.348638642729741e-07
167.0	1428.565495394664	3.7999999999999995e-05	0.5530788508792917	0.5530792789195739	0.5530797848982854	2.0630733586266049e-07
167.0	1428.565495394664	3.8400000000000005e-05	0.5530787519223752	0.5530791122062595	0.5530795606133809	1.8196816665752079e-07
167.0	1428.565495394664	3.88e-05	0.553078648755581	0.5530789580333288	0.553079357130386	1.595701544421841e-07
167.0	1428.565495394664	3.9200000000000004e-05	0.5530785746188744	0.5530788223980506	0.5530791715198546	1.3753875800406313e-07
167.0	1428.565495394664	3.96e-05	0.5530784829595685	0.5530786995290341	0.5530790013670979	1.1638528591882728e-07
167.0	1428.565495394664	3.9999999999999996e-05	0.5530783954492087	0.5530785881794732	0.5530788445939212	9.950733325297476e-08
167.0	1428.565495394664	4.0400000000000006e-05	0.5530783171624005	0.5530784837627071	0.5530786992829126	8.425961523995167e-08
167.0	1428.565495394664	4.08e-05	0.5530782496401514	0.5530783877547969	0.5530785635651814	7.220181148298155e-08
167.0	1428.565495394664	4.12e-05	0.5530781884339655	0.5530783001463934	0.5530784362495966	6.250680178607985e-08
167.0	1428.565495394664	4.16e-05	0.5530781183274875	0.5530782225330605	0.5530783268716117	5.6663503491693964e-08
167.0	1428.565495394664	4.2e-05	0.5530780756707188	0.5530781815475045	0.5530782731209118	5.1848847868471163e-08
168.0	1431.340313366605	0.0	0.5550861969818515	0.5550892992609234	0.5550908500471898	1.0237473445894187e-06
168.0	1431.340313366605	4e-07	0.5550842168893944	0.5550874017890782	0.5550890434133251	1.0611309730342762e-06
168.0	1431.340313366605	8e-07	0.5550820379481536	0.5550855243370976	0.555087545795252	1.1825662887457107e-06
168.0	1431.340313366605	1.2000000000000002e-06	0.5550796468148746	0.5550836708551108	0.5550867071496368	1.4184165278110058e-06
168.0	1431.340313366605	1.6e-06	0.5550770106584952	0.5550817176142264	0.5550851167696678	1.706847441085208e-06
168.0	1431.340313366605	2e-06	0.55507407932771	0.5550797156631254	0.5550836827779246	2.1192212189800168e-06
168.0	1431.340313366605	2.4000000000000003e-06	0.5550707851243111	0.5550774958608995	0.5550820696843148	2.6097354780908883e-06
168.0	1431.340313366605	2.8000000000000003e-06	0.5550670437568082	0.5550750477241964	0.5550803731549898	3.2412006674643015e-06
168.0	1431.340313366605	3.2e-06	0.555062750371575	0.5550719348525853	0.5550780477103139	3.919778225094576e-06
168.0	1431.340313366605	3.6e-06	0.5550578169176896	0.5550682688629922	0.5550759368096969	4.841911540778454e-06
168.0	1431.340313366605	4e-06	0.5550522081433096	0.5550632220077728	0.5550724080111058	5.838352402957609e-06
168.0	1431.340313366605	4.4e-06	0.5550459898838076	0.5550560714494046	0.5550670498074428	6.864752667885142e-06
168.0	1431.340313366605	4.800000000000001e-06	0.5550389984070092	0.5550397120944528	0.555040370104023	3.378609798133374e-07
168.0	1431.340313366605	5.2e-06	0.5550133785095275	0.5550233787844713	0.5550329621139483	6.915251170569884e-06
168.0	1431.340313366605	5.600000000000001e-06	0.5550082013985111	0.5550163976844508	0.5550267861569367	5.8523486978178965e-06
168.0	1431.340313366605	6e-06	0.5550048763022986	0.5550115566815222	0.5550213111208597	4.830477799084324e-06
168.0	1431.340313366605	6.4e-06	0.5550029257877762	0.5550081175428129	0.5550165417903727	3.892871729171595e-06
168.0	1431.340313366605	6.8e-06	0.5550008819413703	0.5550052561109571	0.5550124263485969	3.1921162103576766e-06
168.0	1431.340313366605	7.2e-06	0.5549994030612151	0.5550030797316748	0.5550088672779934	2.5294864555851746e-06
168.0	1431.340313366605	7.6e-06	0.5549980818991651	0.5550011549200511	0.5550057448484598	1.998166290007371e-06
168.0	1431.340313366605	8e-06	0.5549970158799313	0.554999480206698	0.5550029601157931	1.5100401869019974e-06
168.0	1431.340313366605	8.4e-06	0.5549958262002521	0.5549978841638701	0.5550004279049743	1.115926176746821e-06
168.0	1431.340313366605	8.8e-06	0.5549952576751487	0.554996404467995	0.5549980760214073	7.307554761481281e-07
168.0	1431.340313366605	9.2e-06	0.5549942260054976	0.5549949288336241	0.5549958424611425	4.1695772518120947e-07
168.0	1431.340313366605	9.600000000000001e-06	0.5549930886148697	0.554993465078127	0.5549937096967055	1.3983238218814e-07
168.0	1431.340313366605	9.999999999999999e-06	0.5549914757716117	0.5549920164798048	0.554992315022397	1.8459438216594858e-07
168.0	1431.340313366605	1.04e-05	0.5549892790778399	0.5549905864432568	0.5549917460254399	5.125095933054233e-07
168.0	1431.340313366605	1.08e-05	0.5549869897423605	0.5549890980490096	0.554990647933284	8.47450490381778e-07
168.0	1431.340313366605	1.1200000000000001e-05	0.5549845482766385	0.5549875732615732	0.554989641463763	1.2489047368247505e-06
168.0	1431.340313366605	1.16e-05	0.5549818872936276	0.5549858949552486	0.5549885343361822	1.6849138971655275e-06
168.0	1431.340313366605	1.2e-05	0.5549789309137889	0.5549840505806138	0.5549872852993758	2.216835660619209e-06
168.0	1431.340313366605	1.24e-05	0.5549755972342449	0.5549817161143572	0.5549855995050166	2.769272550236379e-06
168.0	1431.340313366605	1.28e-05	0.5549718004203417	0.554978964173775	0.5549840363728267	3.494662647170745e-06
168.0	1431.340313366605	1.32e-05	0.5549675153217057	0.5549751839650613	0.5549814267994817	4.270513088990456e-06
168.0	1431.340313366605	1.36e-05	0.5549627884474049	0.5549698315885087	0.5549774582745837	5.066506417034992e-06
168.0	1431.340313366605	1.4e-05	0.5549573765447944	0.554957605773443	0.5549578463642701	1.1369166317764481e-07
168.0	1431.340313366605	1.44e-05	0.5549376191374735	0.5549453585348204	0.5549528942301665	5.21525312365513e-06
168.0	1431.340313366605	1.48e-05	0.5549337895305086	0.5549401416746496	0.5549482763389264	4.419614132162458e-06
168.0	1431.340313366605	1.52e-05	0.5549313410895413	0.554936534388243	0.5549441619888178	3.6543005340614488e-06
168.0	1431.340313366605	1.56e-05	0.5549299117815156	0.5549339817304346	0.5549405880272831	2.953757337003529e-06
168.0	1431.340313366605	1.6e-05	0.5549284158512382	0.5549318643048889	0.5549375173355084	2.4312782774620105e-06
168.0	1431.340313366605	1.6400000000000002e-05	0.5549273449038568	0.5549302634031538	0.554934869019581	1.9398997218315996e-06
168.0	1431.340313366605	1.68e-05	0.5549264174884474	0.5549288547666306	0.5549325561044487	1.5463412350115208e-06
168.0	1431.340313366605	1.7199999999999998e-05	0.554925610378616	0.5549276382760289	0.5549305041126305	1.1860215691858047e-06
168.0	1431.340313366605	1.76e-05	0.5549247609280412	0.5549264839661742	0.5549286492666932	8.966397792228313e-07
168.0	1431.340313366605	1.8e-05	0.5549243605604879	0.5549254211253413	0.5549269378787569	6.155725762653738e-07
168.0	1431.340313366605	1.84e-05	0.5549236597674607	0.5549243644333612	0.5549253242672583	3.8960025632676305e-07
168.0	1431.340313366605	1.88e-05	0.5549228840405496	0.5549233200903589	0.5549237683016921	1.906758317465535e-07
168.0	1431.340313366605	1.9200000000000003e-05	0.5549220917856523	0.5549222904301981	0.5549224869546832	7.709987630290475e-08
168.0	1431.340313366605	1.9600000000000002e-05	0.5549206538080265	0.5549212772506544	0.5549219384609101	2.73419739952874e-07
168.0	1431.340313366605	1.9999999999999998e-05	0.554919052024208	0.5549202308960994	0.5549211409907882	5.017171559214883e-07
168.0	1431.340313366605	2.04e-05	0.5549173571785815	0.554919164620035	0.5549204249567801	7.754266759121401e-07
168.0	1431.340313366605	2.08e-05	0.5549155236342722	0.5549180025419671	0.5549196275099417	1.0723659445862398e-06
168.0	1431.340313366605	2.12e-05	0.5549135004718835	0.5549167346471712	0.554918763343478	1.4337206060214436e-06
168.0	1431.340313366605	2.16e-05	0.5549112339327271	0.5549151448927743	0.5549176119086789	1.80646913702716e-06
168.0	1431.340313366605	2.2e-05	0.5549086683712661	0.5549132802439477	0.5549165482634102	2.2936088992220265e-06
168.0	1431.340313366605	2.2400000000000002e-05	0.5549057835969773	0.5549107359594347	0.5549147854696743	2.812237945740759e-06
168.0	1431.340313366605	2.28e-05	0.5549026148833889	0.5549071518646501	0.5549121240213948	3.3432970137893685e-06
168.0	1431.340313366605	2.32e-05	0.5548987643697663	0.5548990200761845	0.5548993122977848	1.27314889979724e-07
168.0	1431.340313366605	2.36e-05	0.5548856438288707	0.554890863544802	0.5548960182382281	3.499993765546223e-06
168.0	1431.340313366605	2.4e-05	0.5548831216591612	0.5548874131932519	0.5548929588000746	2.9706055713628397e-06
168.0	1431.340313366605	2.44e-05	0.554881521560393	0.554885040598096	0.554890245270558	2.46291895373562e-06
168.0	1431.340313366605	2.48e-05	0.5548805946985089	0.5548833745168654	0.554887900619673	2.0007084336634917e-06
168.0	1431.340313366605	2.5200000000000003e-05	0.5548796314917306	0.5548820010744098	0.5548859000624189	1.657881942325783e-06
168.0	1431.340313366605	2.56e-05	0.554878950859746	0.5548809757834229	0.5548841866599936	1.3378464341950332e-06
168.0	1431.340313366605	2.6e-05	0.5548783615135244	0.5548800829640246	0.5548827036247541	1.0830417073779972e-06
168.0	1431.340313366605	2.64e-05	0.5548778581408342	0.5548793243780011	0.5548814015941606	8.506578613050197e-07
168.0	1431.340313366605	2.68e-05	0.5548773357835186	0.55487861143145	0.5548802387060778	6.664198756616672e-07
168.0	1431.340313366605	2.72e-05	0.5548770962550931	0.5548779649058179	0.5548791801889985	4.895438770848259e-07
168.0	1431.340313366605	2.76e-05	0.5548766711236093	0.5548773265727509	0.5548781970120977	3.515058206460164e-07
168.0	1431.340313366605	2.8e-05	0.5548762055293048	0.554876701018642	0.5548772643263895	2.3260562945642123e-07
168.0	1431.340313366605	2.8400000000000003e-05	0.5548757424303927	0.5548760896375703	0.5548763599611144	1.2377789822856624e-07
168.0	1431.340313366605	2.88e-05	0.5548752858254034	0.5548754926296934	0.5548757359007075	7.642530671825818e-08
168.0	1431.340313366605	2.92e-05	0.5548744482877757	0.5548748874120881	0.5548752773695007	1.7269067273037255e-07
168.0	1431.340313366605	2.96e-05	0.5548735717225739	0.5548742786705374	0.5548748649979327	3.1372442025030456e-07
168.0	1431.340313366605	2.9999999999999997e-05	0.5548725880416425	0.5548736317489644	0.5548744132821994	4.7033368669161096e-07
168.0	1431.340313366605	3.04e-05	0.5548715012334018	0.5548729388005368	0.5548739310669415	6.600046937656692e-07
168.0	1431.340313366605	3.0799999999999996e-05	0.5548703034827724	0.5548720919739918	0.5548732803562304	8.528835671174154e-07
168.0	1431.340313366605	3.12e-05	0.5548689716370694	0.5548711125018688	0.55487271323436	1.10173222439495e-06
168.0	1431.340313366605	3.16e-05	0.554867491135818	0.5548698008997757	0.5548717892360342	1.3629866498973417e-06
168.0	1431.340313366605	3.2e-05	0.5548658134987416	0.5548679803067237	0.554870424444319	1.6285333516371483e-06
168.0	1431.340313366605	3.2399999999999995e-05	0.5548636792893138	0.5548639317738668	0.5548642216122213	1.287026664597139e-07
168.0	1431.340313366605	3.2800000000000004e-05	0.5548571839350007	0.554859857630255	0.5548625875437434	1.7864502485886527e-06
168.0	1431.340313366605	3.32e-05	0.5548559609353649	0.5548581700133793	0.5548610881257492	1.5224220325112855e-06
168.0	1431.340313366605	3.36e-05	0.5548552036129619	0.5548570292890159	0.5548597765729868	1.2718435144920606e-06
168.0	1431.340313366605	3.4e-05	0.5548547756550164	0.5548562475621871	0.5548586653864636	1.047495093208085e-06
168.0	1431.340313366605	3.4399999999999996e-05	0.5548543418853473	0.5548556161472122	0.5548577346103523	8.839975765586217e-07
168.0	1431.340313366605	3.4800000000000006e-05	0.5548540483661295	0.5548551648156329	0.5548569562535981	7.347822378625411e-07
168.0	1431.340313366605	3.52e-05	0.5548537959891302	0.554854786175887	0.5548563027893696	6.183772683960467e-07
168.0	1431.340313366605	3.56e-05	0.5548535943357011	0.5548544838423421	0.5548557499522735	5.134887791495627e-07
168.0	1431.340313366605	3.6e-05	0.5548533964911604	0.5548542105540513	0.5548552777547906	4.338726013837294e-07
168.0	1431.340313366605	3.64e-05	0.5548533168891439	0.5548539785389112	0.5548548702728633	3.602723231292108e-07
168.0	1431.340313366605	3.68e-05	0.5548531659254818	0.5548537566726769	0.5548545150209172	3.085165666115959e-07
168.0	1431.340313366605	3.72e-05	0.5548530096654911	0.554853547909671	0.5548542022758856	2.6845746131783314e-07
168.0	1431.340313366605	3.76e-05	0.5548528650200595	0.5548533526977919	0.5548539244785955	2.3489174146018066e-07
168.0	1431.340313366605	3.7999999999999995e-05	0.554852741524317	0.5548531696548186	0.5548536757410982	2.063361684724239e-07
168.0	1431.340313366605	3.8400000000000005e-05	0.5548526425682612	0.5548530029384894	0.5548534514525061	1.819988798791809e-07
168.0	1431.340313366605	3.88e-05	0.5548525393966486	0.5548528487638883	0.5548532479666095	1.5960248297217135e-07
168.0	1431.340313366605	3.9200000000000004e-05	0.5548524652513471	0.5548527131280174	0.5548530623538568	1.375739164654249e-07
168.0	1431.340313366605	3.96e-05	0.5548523735845556	0.554852590257869	0.5548528921994631	1.164256900436377e-07
168.0	1431.340313366605	3.9999999999999996e-05	0.5548522860822143	0.554852478905803	0.5548527354251638	9.95552343141116e-08
168.0	1431.340313366605	4.0400000000000006e-05	0.5548522077898195	0.5548523744870927	0.5548525901135113	8.431669693753385e-08
168.0	1431.340313366605	4.08e-05	0.554852140251846	0.5548522784781436	0.554852454395669	7.226863473767209e-08
168.0	1431.340313366605	4.12e-05	0.5548520790171958	0.5548521908706446	0.5548523270808454	6.258372627366001e-08
168.0	1431.340313366605	4.16e-05	0.5548520089388731	0.5548521132616527	0.5548522177079924	5.674563472154624e-08
168.0	1431.340313366605	4.2e-05	0.554851966281201	0.5548520723210288	0.5548521639690769	5.1924673396929706e-08
169.0	1434.115131338546	0.0	0.5568627240942012	0.5568658263086493	0.5568673770201205	1.023714423372997e-06
169.0	1434.115131338546	4e-07	0.5568607440015505	0.5568639288366081	0.5568655704147556	1.0610993121424264e-06
169.0	1434.115131338546	8e-07	0.5568585650595788	0.556862051384216	0.5568640727961185	1.1825384156224663e-06
169.0	1434.115131338546	1.2000000000000002e-06	0.5568561739249578	0.5568601979016989	0.5568632341578112	1.4183948597303255e-06
169.0	1434.115131338546	1.6e-06	0.5568535377664716	0.5568582446595138	0.5568616437670775	1.7068303727580483e-06
169.0	1434.115131338546	2e-06	0.5568506064325867	0.5568562427075496	0.5568602097667297	2.1192102327309655e-06
169.0	1434.115131338546	2.4000000000000003e-06	0.5568473122247921	0.5568540229036281	0.5568585966785209	2.6097299813744237e-06
169.0	1434.115131338546	2.8000000000000003e-06	0.5568435708512247	0.5568515747637375	0.5568569001355126	3.2412009953918534e-06
169.0	1434.115131338546	3.2e-06	0.5568392774622888	0.556848461885142	0.5568545746834586	3.919782131482228e-06
169.0	1434.115131338546	3.6e-06	0.5568343439973749	0.5568447958870069	0.5568524637708325	4.841920816051543e-06
169.0	1434.115131338546	4e-06	0.556828735209109	0.5568397490192638	0.5568489349579595	5.838368390982993e-06
169.0	1434.115131338546	4.4e-06	0.5568225169329466	0.556832598442223	0.5568435767344617	6.864778979793562e-06
169.0	1434.115131338546	4.800000000000001e-06	0.556815525456881	0.5568162390311583	0.5568168969041878	3.3778108904465767e-07
169.0	1434.115131338546	5.2e-06	0.5567899053857337	0.556799905674134	0.5568094888904946	6.915261726886747e-06
169.0	1434.115131338546	5.600000000000001e-06	0.5567847281286236	0.5567929245486352	0.5568033131471477	5.8523626373896775e-06
169.0	1434.115131338546	6e-06	0.5567814030242859	0.5567880835277007	0.5567978380934075	4.830491355377866e-06
169.0	1434.115131338546	6.4e-06	0.5567794525087697	0.556784644376137	0.5567930687467122	3.892883531336836e-06
169.0	1434.115131338546	6.8e-06	0.5567774086561714	0.5567817829336449	0.5567889532908374	3.1921260140320285e-06
169.0	1434.115131338546	7.2e-06	0.5567759297804802	0.5567796065447375	0.5567853942069103	2.5294959486893487e-06
169.0	1434.115131338546	7.6e-06	0.5567746086479382	0.5567776817240182	0.5567822717653472	1.9981757127707523e-06
169.0	1434.115131338546	8e-06	0.5567735425871474	0.5567760070029165	0.5567794870217897	1.5100492937426134e-06
169.0	1434.115131338546	8.4e-06	0.5567723529118069	0.5567744109536091	0.5567769548010668	1.1159337306603938e-06
169.0	1434.115131338546	8.8e-06	0.5567717844602127	0.5567729312517934	0.5567746029084395	7.307617332087083e-07
169.0	1434.115131338546	9.2e-06	0.5567707529028878	0.5567714556117251	0.5567723693398055	4.169607184997816e-07
169.0	1434.115131338546	9.600000000000001e-06	0.5567696155095962	0.5567699918508284	0.5567702363546267	1.398214000989001e-07
169.0	1434.115131338546	9.999999999999999e-06	0.5567680026333166	0.5567685432474162	0.5567688417185899	1.8457462950078544e-07
169.0	1434.115131338546	1.04e-05	0.5567658059319491	0.556767113206069	0.5567682727224392	5.125009844424649e-07
169.0	1434.115131338546	1.08e-05	0.5567635165886706	0.5567656248068725	0.556767174617347	8.47445245630526e-07
169.0	1434.115131338546	1.1200000000000001e-05	0.5567610751145926	0.5567641000152896	0.5567661681381226	1.2489037911243003e-06
169.0	1434.115131338546	1.16e-05	0.5567584141222373	0.5567624217045611	0.5567650610156125	1.6849172016207945e-06
169.0	1434.115131338546	1.2e-05	0.5567554577315654	0.5567605773243651	0.5567638119637133	2.216843796869606e-06
169.0	1434.115131338546	1.24e-05	0.5567521240411173	0.5567582428488963	0.5567621261609883	2.769283688811092e-06
169.0	1434.115131338546	1.28e-05	0.5567483272115838	0.5567554908973955	0.556760563015934	3.4946786696814878e-06
169.0	1434.115131338546	1.32e-05	0.5567440420942846	0.556751710673379	0.5567579534269731	4.2705357225998465e-06
169.0	1434.115131338546	1.36e-05	0.5567393151983575	0.5567463582744638	0.5567539848805811	5.066539570947472e-06
169.0	1434.115131338546	1.4e-05	0.5567339031644325	0.5567341323953177	0.5567343730908156	1.1370345516578415e-07
169.0	1434.115131338546	1.44e-05	0.5567141455459836	0.5567218851006556	0.5567294209325544	5.215271250616489e-06
169.0	1434.115131338546	1.48e-05	0.5567103159222224	0.556716668211223	0.5567248030178886	4.419635030384797e-06
169.0	1434.115131338546	1.52e-05	0.5567078674722508	0.556713060904222	0.556720688646041	3.6543205863662984e-06
169.0	1434.115131338546	1.56e-05	0.5567064381625677	0.556710508231748	0.5567171146647949	2.953775403335127e-06
169.0	1434.115131338546	1.6e-05	0.5567049422257941	0.5567083907940847	0.5567140439549947	2.4312941955590084e-06
169.0	1434.115131338546	1.6400000000000002e-05	0.5567038712824832	0.5567067898816309	0.5567113956232932	1.9399154330536763e-06
169.0	1434.115131338546	1.68e-05	0.5567029438533	0.5567053812350385	0.5567090826940326	1.5463571463418887e-06
169.0	1434.115131338546	1.7199999999999998e-05	0.5567021367449358	0.5567041647359512	0.556707030689509	1.1860377810138004e-06
169.0	1434.115131338546	1.76e-05	0.5567012872985355	0.5567030104189713	0.5567051758320769	8.966554523809755e-07
169.0	1434.115131338546	1.8e-05	0.5567008869214591	0.5567019475716425	0.5567034644336619	6.15589316097084e-07
169.0	1434.115131338546	1.84e-05	0.5567001861240346	0.5567008908734282	0.5567018508125141	3.8961881537558754e-07
169.0	1434.115131338546	1.88e-05	0.5566994103838656	0.5566998465245306	0.556700294837916	1.9070059571908046e-07
169.0	1434.115131338546	1.9200000000000003e-05	0.5566986180927724	0.556698816858826	0.5566990134398964	7.713657525324858e-08
169.0	1434.115131338546	1.9600000000000002e-05	0.5566971803257834	0.5566978036740468	0.5566984650249376	2.734271043509558e-07
169.0	1434.115131338546	1.9999999999999998e-05	0.5566955785330254	0.5566967573140955	0.5566976675535242	5.017209625028044e-07
169.0	1434.115131338546	2.04e-05	0.556693883677859	0.5566956910334508	0.5566969513337421	7.754320379484425e-07
169.0	1434.115131338546	2.08e-05	0.5566920501229333	0.5566945289505417	0.5566961538478621	1.0723744417552167e-06
169.0	1434.115131338546	2.12e-05	0.5566900269483117	0.5566932610495844	0.5566952896661581	1.4337332424756222e-06
169.0	1434.115131338546	2.16e-05	0.5566877603947145	0.5566916712850792	0.5566941382223698	1.8064844051717906e-06
169.0	1434.115131338546	2.2e-05	0.5566851948176224	0.5566898066242132	0.556693074563988	2.2936288753106012e-06
169.0	1434.115131338546	2.2400000000000002e-05	0.5566823100227785	0.5566872623227268	0.5566913117536165	2.8122644854570314e-06
169.0	1434.115131338546	2.28e-05	0.5566791412855414	0.5566836782031312	0.55668865028212	3.343334118101859e-06
169.0	1434.115131338546	2.32e-05	0.5566752905165311	0.5566755463451747	0.5566758386734927	1.273571654325608e-07
169.0	1434.115131338546	2.36e-05	0.5566621698780709	0.5566673897535598	0.5566725445877756	3.5000146878572265e-06
169.0	1434.115131338546	2.4e-05	0.5566596476907613	0.5566639393712194	0.5566694851244351	2.9706290041124273e-06
169.0	1434.115131338546	2.44e-05	0.556658047582463	0.556661566754476	0.5566667715717095	2.4629413778332024e-06
169.0	1434.115131338546	2.48e-05	0.55665712071821	0.556659900657897	0.556664426899923	2.000728845804476e-06
169.0	1434.115131338546	2.5200000000000003e-05	0.556656157505059	0.5566585272027946	0.5566624263240332	1.6579002121940207e-06
169.0	1434.115131338546	2.56e-05	0.5566554768765855	0.5566575019007284	0.5566607129051286	1.3378645601885295e-06
169.0	1434.115131338546	2.6e-05	0.5566548875173458	0.5566566090708869	0.5566592298552102	1.0830602756093331e-06
169.0	1434.115131338546	2.64e-05	0.5566543841458191	0.5566558504762215	0.5566579278114805	8.506769199281659e-07
169.0	1434.115131338546	2.68e-05	0.5566538617924666	0.556655137522482	0.5566567649115752	6.66438626755927e-07
169.0	1434.115131338546	2.72e-05	0.5566536222544123	0.5566544909903502	0.556655706383772	4.895639639797013e-07
169.0	1434.115131338546	2.76e-05	0.5566531971184876	0.5566538526510725	0.55665472319704	3.515277214674085e-07
169.0	1434.115131338546	2.8e-05	0.5566527315110932	0.5566532270911514	0.5566537905021747	2.3263119072406495e-07
169.0	1434.115131338546	2.8400000000000003e-05	0.5566522684078432	0.5566526157046777	0.5566528861281661	1.2381482835177645e-07
169.0	1434.115131338546	2.88e-05	0.5566518117620483	0.5566520186917251	0.5566522621043601	7.647519296704076e-08
169.0	1434.115131338546	2.92e-05	0.5566509742136496	0.5566514134689067	0.5566518035724233	1.7271123271101217e-07
169.0	1434.115131338546	2.96e-05	0.556650097636294	0.5566508047230113	0.5566513911972182	3.137385897244456e-07
169.0	1434.115131338546	2.9999999999999997e-05	0.5566491141687235	0.5566501577969509	0.5566509394771799	4.7034835734786684e-07
169.0	1434.115131338546	3.04e-05	0.5566480273481327	0.5566494648425684	0.5566504572613757	6.600220264755817e-07
169.0	1434.115131338546	3.0799999999999996e-05	0.5566468295829221	0.5566486180060174	0.5566498065466154	8.529027085567122e-07
169.0	1434.115131338546	3.12e-05	0.5566454977198605	0.5566476385218935	0.5566492394214375	1.1017555026264975e-06
169.0	1434.115131338546	3.16e-05	0.5566440172008233	0.5566463269026876	0.5566483154156314	1.3630160903422088e-06
169.0	1434.115131338546	3.2e-05	0.5566423392887048	0.5566445062845	0.5566469506083997	1.6285730848380283e-06
169.0	1434.115131338546	3.2399999999999995e-05	0.5566402050767936	0.556640457681625	0.5566407476257114	1.2874841739515234e-07
169.0	1434.115131338546	3.2800000000000004e-05	0.5566337096288345	0.556636383478855	0.5566391135312392	1.7864723400305078e-06
169.0	1434.115131338546	3.32e-05	0.5566324866124228	0.5566346958319577	0.5566376140883973	1.5224469055648806e-06
169.0	1434.115131338546	3.36e-05	0.5566317292808822	0.5566335550866007	0.5566363025129224	1.2718678335457695e-06
169.0	1434.115131338546	3.4e-05	0.5566313013200821	0.5566327733448994	0.5566351913083398	1.0475180054006067e-06
169.0	1434.115131338546	3.4399999999999996e-05	0.5566308675449463	0.5566321419177397	0.5566342605145769	8.840189256879525e-07
169.0	1434.115131338546	3.4800000000000006e-05	0.5566305740286879	0.5566316905756274	0.5566334821423915	7.348039714036828e-07
169.0	1434.115131338546	3.52e-05	0.5566303216405073	0.5566313119259394	0.5566328286647071	6.18400138187404e-07
169.0	1434.115131338546	3.56e-05	0.5566301199881494	0.5566310095846312	0.556632275815911	5.135125835035962e-07
169.0	1434.115131338546	3.6e-05	0.5566299221475637	0.5566307362902192	0.55663180360831	4.33896434985115e-07
169.0	1434.115131338546	3.64e-05	0.5566298425361822	0.556630504269869	0.5566313961176945	3.6029733572310047e-07
169.0	1434.115131338546	3.68e-05	0.5566296915686024	0.5566302823988483	0.556631040858365	3.08542552850113e-07
169.0	1434.115131338546	3.72e-05	0.5566295352970121	0.5566300736316696	0.5566307281071419	2.684842270963434e-07
169.0	1434.115131338546	3.76e-05	0.5566293906489133	0.5566298784162576	0.5566304503047448	2.349192273354597e-07
169.0	1434.115131338546	3.7999999999999995e-05	0.5566292671508952	0.5566296953702412	0.5566302015631166	2.0636464010396456e-07
169.0	1434.115131338546	3.8400000000000005e-05	0.556629168195995	0.5566295286512533	0.5566299772712631	1.8202925403994535e-07
169.0	1434.115131338546	3.88e-05	0.5566290650197825	0.5566293744753353	0.5566297737828645	1.5963448883008287e-07
169.0	1434.115131338546	3.9200000000000004e-05	0.5566289908660504	0.5566292388392274	0.5566295881682688	1.3760874427344317e-07
169.0	1434.115131338546	3.96e-05	0.5566288991919794	0.5566291159682667	0.5566294180125979	1.1646576315187125e-07
169.0	1434.115131338546	3.9999999999999996e-05	0.5566288116981291	0.5566290046140046	0.5566292612375188	9.960278998102026e-08
169.0	1434.115131338546	4.0400000000000006e-05	0.5566287334004132	0.5566289001936485	0.556629115925551	8.43734153844718e-08
169.0	1434.115131338546	4.08e-05	0.5566286658468442	0.5566288041839437	0.5566289802079103	7.233506748270651e-08
169.0	1434.115131338546	4.12e-05	0.5566286045838664	0.5566287165776147	0.5566288528941463	6.266023232627238e-08
169.0	1434.115131338546	4.16e-05	0.5566285345341351	0.5566286389732122	0.5566287435267583	5.682733537113728e-08
169.0	1434.115131338546	4.2e-05	0.5566284918756885	0.556628598077639	0.5566286897997959	5.200010363496381e-08
170.0	1436.889949310487	0.0	0.5586419154730908	0.5586450176223742	0.5586465682586814	1.0236812638196326e-06
170.0	1436.889949310487	4e-07	0.558639935380258	0.5586431201501475	0.5586447616819941	1.0610674095438838e-06
170.0	1436.889949310487	8e-07	0.5586377564376024	0.5586412426973757	0.5586432640628543	1.182510292308646e-06
170.0	1436.889949310487	1.2000000000000002e-06	0.5586353653017184	0.5586393892143737	0.5586424254319589	1.418372926927635e-06
170.0	1436.889949310487	1.6e-06	0.558632729141241	0.5586374359709674	0.5586408350305989	1.70681302657111e-06
170.0	1436.889949310487	2e-06	0.5586297978044126	0.5586354340182526	0.5586394010217655	2.1191989571355684e-06
170.0	1436.889949310487	2.4000000000000003e-06	0.5586265035924249	0.5586332142128093	0.558637787938963	2.6097242094751997e-06
170.0	1436.889949310487	2.8000000000000003e-06	0.5586227622130533	0.5586307660699139	0.558636091382481	3.241201023094672e-06
170.0	1436.889949310487	3.2e-06	0.558618468821118	0.5586276531845781	0.5586337659231857	3.919785701847468e-06
170.0	1436.889949310487	3.6e-06	0.5586135353455663	0.558623987178196	0.5586316549987895	4.841929699534822e-06
170.0	1436.889949310487	4e-06	0.5586079265438899	0.5586189402983441	0.5586281261719472	5.838383909128077e-06
170.0	1436.889949310487	4.4e-06	0.5586017082516372	0.5586117897032451	0.5586227679290445	6.864804740640029e-06
170.0	1436.889949310487	4.800000000000001e-06	0.5585947167766001	0.5585954302376358	0.5585960879743945	3.3770125854371476e-07
170.0	1436.889949310487	5.2e-06	0.5585690965350789	0.5585790968354494	0.5585886799379134	6.915271395664912e-06
170.0	1436.889949310487	5.600000000000001e-06	0.5585639191328351	0.5585721156853636	0.5585825044087214	5.852375822060346e-06
170.0	1436.889949310487	6e-06	0.5585605940208174	0.5585672746470726	0.5585770293380072	4.830504285604267e-06
170.0	1436.889949310487	6.4e-06	0.5585586435045213	0.5585638354831306	0.5585722599757403	3.892894844018019e-06
170.0	1436.889949310487	6.8e-06	0.558556599646086	0.5585609740304115	0.5585681445065047	3.192135434614471e-06
170.0	1436.889949310487	7.2e-06	0.5585551207749964	0.5585587976322064	0.5585645854097754	2.5295051679589504e-06
170.0	1436.889949310487	7.6e-06	0.5585537996718228	0.5585568728026761	0.558561462956674	1.998184987173635e-06
170.0	1436.889949310487	8e-06	0.5585527335701217	0.5585551980741189	0.5585586782026937	1.5100583391731523e-06
170.0	1436.889949310487	8.4e-06	0.5585515438992656	0.5585536020186409	0.5585561459725286	1.1159412903319307e-06
170.0	1436.889949310487	8.8e-06	0.5585509755211397	0.5585521223111992	0.5585537940713001	7.307680697319284e-07
170.0	1436.889949310487	9.2e-06	0.5585499440762893	0.5585506466657603	0.5585515604947693	4.1696386179647405e-07
170.0	1436.889949310487	9.600000000000001e-06	0.5585488066806494	0.5585491828998069	0.5585494272894058	1.3981063607140338e-07
170.0	1436.889949310487	9.999999999999999e-06	0.5585471937722408	0.558547734291663	0.558548032691105	1.8455465788408198e-07
170.0	1436.889949310487	1.04e-05	0.5585449970638443	0.5585463042458828	0.5585474636963532	5.124920400354425e-07
170.0	1436.889949310487	1.08e-05	0.5585427077133938	0.5585448158421474	0.5585463655787208	8.474395676445476e-07
170.0	1436.889949310487	1.1200000000000001e-05	0.5585402662316641	0.5585432910468673	0.558545359090135	1.2489023021317358e-06
170.0	1436.889949310487	1.16e-05	0.5585376052307671	0.5585416127322792	0.5585442519729229	1.6849198736438934e-06
170.0	1436.889949310487	1.2e-05	0.5585346488301877	0.5585397683471132	0.5585430029064273	2.216851144189948e-06
170.0	1436.889949310487	1.24e-05	0.5585313151300131	0.5585374338631994	0.5585413170958464	2.769293867367018e-06
170.0	1436.889949310487	1.28e-05	0.5585275182861213	0.5585346819016976	0.5585397539385166	3.4946935005975452e-06
170.0	1436.889949310487	1.32e-05	0.5585232331516394	0.558530901663657	0.5585371443348413	4.270556896176441e-06
170.0	1436.889949310487	1.36e-05	0.5585185062357745	0.558525549244231	0.5585331757682921	5.066570986021293e-06
170.0	1436.889949310487	1.4e-05	0.5585130940721514	0.5585133233054416	0.5585135641055832	1.1371530969467714e-07
170.0	1436.889949310487	1.44e-05	0.5584933362512592	0.558501075959512	0.5585086119250535	5.215287249090428e-06
170.0	1436.889949310487	1.48e-05	0.5584895066123172	0.5584958590429463	0.558503993988773	4.419654113878338e-06
170.0	1436.889949310487	1.52e-05	0.5584870581543582	0.5584922517168563	0.5584998795968454	3.654339129664225e-06
170.0	1436.889949310487	1.56e-05	0.5584856288435631	0.558489699030799	0.5584963055973704	2.9537922597260622e-06
170.0	1436.889949310487	1.6e-05	0.5584841329010031	0.558487581581931	0.5584932348708707	2.4313091304334896e-06
170.0	1436.889949310487	1.6400000000000002e-05	0.5584830619621455	0.558485980659467	0.558490586524556	1.9399303817598053e-06
170.0	1436.889949310487	1.68e-05	0.5584821345197559	0.5584845720034235	0.5584882735822143	1.5463725086173989e-06
170.0	1436.889949310487	1.7199999999999998e-05	0.5584813274132143	0.5584833554964298	0.5584862215659401	1.1860536101571873e-06
170.0	1436.889949310487	1.76e-05	0.5584804779713339	0.5584822011729043	0.5584843666979094	8.966708717598012e-07
170.0	1436.889949310487	1.8e-05	0.5584800775848802	0.5584811383196402	0.5584826552898772	6.156059318778517e-07
170.0	1436.889949310487	1.84e-05	0.5584793767834162	0.5584800816157623	0.5584810416599177	3.896373570750241e-07
170.0	1436.889949310487	1.88e-05	0.5584786010304876	0.5584790372615509	0.5584794856771262	1.9072541829157914e-07
170.0	1436.889949310487	1.9200000000000003e-05	0.5584778087041391	0.5584780075908938	0.5584782042281047	7.717307403715684e-08
170.0	1436.889949310487	1.9600000000000002e-05	0.5584763711482825	0.5584769944014726	0.5584776558925997	2.734341091037131e-07
170.0	1436.889949310487	1.9999999999999998e-05	0.5584747693475443	0.558475948036765	0.5584768584204669	5.017242785939417e-07
170.0	1436.889949310487	2.04e-05	0.5584730744838824	0.5584748817522193	0.5584761420152589	7.754367534560408e-07
170.0	1436.889949310487	2.08e-05	0.5584712409195065	0.5584737196652534	0.5584753444912298	1.0723821503180974e-06
170.0	1436.889949310487	2.12e-05	0.5584692177339701	0.5584724517589809	0.5584744802949677	1.4337448678012025e-06
170.0	1436.889949310487	2.16e-05	0.55846695116744	0.5584708619854423	0.5584733288429353	1.8064984244762957e-06
170.0	1436.889949310487	2.2e-05	0.5584643855764861	0.5584689973138068	0.5584722651722407	2.2936472847300475e-06
170.0	1436.889949310487	2.2400000000000002e-05	0.5584615007630926	0.5584664529970924	0.5584705023464727	2.812289100473864e-06
170.0	1436.889949310487	2.28e-05	0.558458332004454	0.558462868855178	0.5584678408535844	3.3433689276126264e-06
170.0	1436.889949310487	2.32e-05	0.5584544809835776	0.558454736933568	0.558455029368341	1.2739930495237746e-07
170.0	1436.889949310487	2.36e-05	0.5584413602576541	0.5584465802878964	0.5584517352589025	3.500032851306953e-06
170.0	1436.889949310487	2.4e-05	0.5584388380547782	0.558443129877466	0.5584486757726879	2.9706500785168868e-06
170.0	1436.889949310487	2.44e-05	0.5584372379382154	0.5584407572410218	0.5584459621988485	2.4629618318716377e-06
170.0	1436.889949310487	2.48e-05	0.5584363110722776	0.5584390911304332	0.5584436175080052	2.0007476586795606e-06
170.0	1436.889949310487	2.5200000000000003e-05	0.5584353478536057	0.5584377176638008	0.5584416169150819	1.657917159881419e-06
170.0	1436.889949310487	2.56e-05	0.5584346672291112	0.558436692351503	0.5584399034810987	1.337881628440635e-06
170.0	1436.889949310487	2.6e-05	0.5584340778575001	0.558435799511949	0.5584384204177395	1.083078030545593e-06
170.0	1436.889949310487	2.64e-05	0.5584335744875517	0.5584350409093024	0.5584371183619865	8.506953584888028e-07
170.0	1436.889949310487	2.68e-05	0.5584330521385592	0.5584343279490216	0.5584359554512748	6.664569041809935e-07
170.0	1436.889949310487	2.72e-05	0.5584328125910458	0.5584336814110009	0.5584348969137007	4.895837191669977e-07
170.0	1436.889949310487	2.76e-05	0.5584323874510773	0.5584330430661254	0.5584339137180434	3.515494003322958e-07
170.0	1436.889949310487	2.8e-05	0.5584319218311213	0.5584324175010086	0.558432981014902	2.3265661175031127e-07
170.0	1436.889949310487	2.8400000000000003e-05	0.5584314587240433	0.5584318061097506	0.5584320766330402	1.238516424656207e-07
170.0	1436.889949310487	2.88e-05	0.5584310020382199	0.5584312090923349	0.5584314526462677	7.652478034731623e-08
170.0	1436.889949310487	2.92e-05	0.5584301644799341	0.558430603864945	0.5584309941141656	1.7273144387411223e-07
170.0	1436.889949310487	2.96e-05	0.5584292878913777	0.5584299951153736	0.5584305817358022	3.137522996059288e-07
170.0	1436.889949310487	2.9999999999999997e-05	0.5584283046375154	0.558429348185571	0.558430130011832	4.7036245789539324e-07
170.0	1436.889949310487	3.04e-05	0.5584272178057592	0.5584286552260193	0.5584296477960997	6.600385993698768e-07
170.0	1436.889949310487	3.0799999999999996e-05	0.5584260200272979	0.5584278083804267	0.5584289970779386	8.529208897141342e-07
170.0	1436.889949310487	3.12e-05	0.5584246881483903	0.5584268288854211	0.5584284299501459	1.1017775549094585e-06
170.0	1436.889949310487	3.16e-05	0.5584232076132913	0.558425517250603	0.5584275059378969	1.3630440071047153e-06
170.0	1436.889949310487	3.2e-05	0.5584215294290891	0.5584236966093844	0.5584261411166302	1.6286109869333033e-06
170.0	1436.889949310487	3.2399999999999995e-05	0.5584193952173981	0.558419647941322	0.5584199379905685	1.2879388096041804e-07
170.0	1436.889949310487	3.2800000000000004e-05	0.5584128996842015	0.5584155736845753	0.5584183038721271	1.7864920373765932e-06
170.0	1436.889949310487	3.32e-05	0.5584116766526783	0.5584138860098864	0.5584168044063365	1.5224697131297832e-06
170.0	1436.889949310487	3.36e-05	0.5584109193130073	0.5584127452450726	0.5584154928098499	1.2718904037145478e-06
170.0	1436.889949310487	3.4e-05	0.558410491349874	0.5584119634895638	0.5584143815886575	1.047539467991667e-06
170.0	1436.889949310487	3.4399999999999996e-05	0.5584100575699313	0.5584113320510916	0.5584134507784997	8.840390442809183e-07
170.0	1436.889949310487	3.4800000000000006e-05	0.5584097640569539	0.5584108806990831	0.5584126723919596	7.348246774188409e-07
170.0	1436.889949310487	3.52e-05	0.5584095116581063	0.5584105020399786	0.5584120189017439	6.184221688776154e-07
170.0	1436.889949310487	3.56e-05	0.5584093100071019	0.558410199691363	0.5584114660420525	5.135356884744391e-07
170.0	1436.889949310487	3.6e-05	0.5584091121707075	0.5584099263912665	0.5584109938250368	4.3391966704717166e-07
170.0	1436.889949310487	3.64e-05	0.5584090325500428	0.5584096943660991	0.5584105863263593	3.603218375466215e-07
170.0	1436.889949310487	3.68e-05	0.5584088815788002	0.5584094724906777	0.5584102310602113	3.0856809127436443e-07
170.0	1436.889949310487	3.72e-05	0.5584087252959673	0.558409263719704	0.5584099183033109	2.6851058822519147e-07
170.0	1436.889949310487	3.76e-05	0.5584085806455166	0.5584090685011281	0.5584096404962775	2.349463393666273e-07
170.0	1436.889949310487	3.7999999999999995e-05	0.5584084571455259	0.5584088854524234	0.5584093917509563	2.063927677648273e-07
170.0	1436.889949310487	3.8400000000000005e-05	0.558408358192068	0.5584087187311217	0.5584091674562517	1.8205930614468755e-07
170.0	1436.889949310487	3.88e-05	0.5584082550114715	0.5584085645542292	0.5584089639657384	1.596661888404549e-07
170.0	1436.889949310487	3.9200000000000004e-05	0.5584081808494696	0.558408428918227	0.558408778349663	1.376432605626624e-07
170.0	1436.889949310487	3.96e-05	0.558408089168319	0.5584083060467615	0.5584086081930622	1.1650552647132558e-07
170.0	1436.889949310487	3.9999999999999996e-05	0.558408001683409	0.5584081946906001	0.5584084514175318	9.965002451014489e-08
170.0	1436.889949310487	4.0400000000000006e-05	0.5584079233806252	0.5584080902688849	0.5584083061055614	8.442979782844312e-08
170.0	1436.889949310487	4.08e-05	0.5584078558115886	0.558407994258697	0.5584081703884198	7.240113993136007e-08
170.0	1436.889949310487	4.12e-05	0.5584077945204191	0.5584079066537933	0.5584080430760006	6.273635281211447e-08
170.0	1436.889949310487	4.16e-05	0.5584077244996957	0.5584078290542195	0.5584079337143999	5.69086385229654e-08
170.0	1436.889949310487	4.2e-05	0.5584076818405954	0.5584077882038099	0.5584078799995416	5.207516971053513e-08
